5460
53 2810 106
106 2810 159
159 2811 212
212 2811 265
265 2812 318
318 2812 371
371 2813 424
424 2813 477
477 2814 530
530 2814 583
583 2815 636
636 2815 689
689 2816 742
742 2816 795
795 2817 848
848 2817 901
901 2818 954
954 2818 1007
1007 2819 1060
1060 2819 1113
1113 2820 1166
1166 2820 1219
1219 2821 1272
1272 2821 1325
1325 2822 1378
1378 2822 1431
1431 2823 1484
1484 2823 1537
1537 2824 1590
1590 2824 1643
1643 2825 1696
1696 2825 1749
1749 2826 1802
1802 2826 1855
1855 2827 1908
1908 2827 1961
1961 2828 2014
2014 2828 2067
2067 2829 2120
2120 2829 2173
2173 2830 2226
2226 2830 2279
2279 2831 2332
2332 2831 2385
2385 2832 2438
2438 2832 2491
2491 2833 2544
2544 2833 2597
2597 2834 2650
2650 2834 2703
2703 2835 2756
2756 2835 2809
1 2 55
1 55 54
2 3 56
2 56 55
3 4 57
3 57 56
4 5 58
4 58 57
5 6 59
5 59 58
6 7 60
6 60 59
7 8 61
7 61 60
8 9 62
8 62 61
9 10 63
9 63 62
10 11 64
10 64 63
11 12 65
11 65 64
12 13 66
12 66 65
13 14 67
13 67 66
14 15 68
14 68 67
15 16 69
15 69 68
16 17 70
16 70 69
17 18 71
17 71 70
18 19 72
18 72 71
19 20 73
19 73 72
20 21 74
20 74 73
21 22 75
21 75 74
22 23 76
22 76 75
23 24 77
23 77 76
24 25 78
24 78 77
25 26 79
25 79 78
26 27 80
26 80 79
27 28 81
27 81 80
28 29 82
28 82 81
29 30 83
29 83 82
30 31 84
30 84 83
31 32 85
31 85 84
32 33 86
32 86 85
33 34 87
33 87 86
34 35 88
34 88 87
35 36 89
35 89 88
36 37 90
36 90 89
37 38 91
37 91 90
38 39 92
38 92 91
39 40 93
39 93 92
40 41 94
40 94 93
41 42 95
41 95 94
42 43 96
42 96 95
43 44 97
43 97 96
44 45 98
44 98 97
45 46 99
45 99 98
46 47 100
46 100 99
47 48 101
47 101 100
48 49 102
48 102 101
49 50 103
49 103 102
50 51 104
50 104 103
51 52 105
51 105 104
52 53 106
52 106 105
54 55 107
55 108 107
55 56 108
56 109 108
56 57 109
57 110 109
57 58 110
58 111 110
58 59 111
59 112 111
59 60 112
60 113 112
60 61 113
61 114 113
61 62 114
62 115 114
62 63 115
63 116 115
63 64 116
64 117 116
64 65 117
65 118 117
65 66 118
66 119 118
66 67 119
67 120 119
67 68 120
68 121 120
68 69 121
69 122 121
69 70 122
70 123 122
70 71 123
71 124 123
71 72 124
72 125 124
72 73 125
73 126 125
73 74 126
74 127 126
74 75 127
75 128 127
75 76 128
76 129 128
76 77 129
77 130 129
77 78 130
78 131 130
78 79 131
79 132 131
79 80 132
80 133 132
80 81 133
81 134 133
81 82 134
82 135 134
82 83 135
83 136 135
83 84 136
84 137 136
84 85 137
85 138 137
85 86 138
86 139 138
86 87 139
87 140 139
87 88 140
88 141 140
88 89 141
89 142 141
89 90 142
90 143 142
90 91 143
91 144 143
91 92 144
92 145 144
92 93 145
93 146 145
93 94 146
94 147 146
94 95 147
95 148 147
95 96 148
96 149 148
96 97 149
97 150 149
97 98 150
98 151 150
98 99 151
99 152 151
99 100 152
100 153 152
100 101 153
101 154 153
101 102 154
102 155 154
102 103 155
103 156 155
103 104 156
104 157 156
104 105 157
105 158 157
105 106 158
106 159 158
107 108 161
107 161 160
108 109 162
108 162 161
109 110 163
109 163 162
110 111 164
110 164 163
111 112 165
111 165 164
112 113 166
112 166 165
113 114 167
113 167 166
114 115 168
114 168 167
115 116 169
115 169 168
116 117 170
116 170 169
117 118 171
117 171 170
118 119 172
118 172 171
119 120 173
119 173 172
120 121 174
120 174 173
121 122 175
121 175 174
122 123 176
122 176 175
123 124 177
123 177 176
124 125 178
124 178 177
125 126 179
125 179 178
126 127 180
126 180 179
127 128 181
127 181 180
128 129 182
128 182 181
129 130 183
129 183 182
130 131 184
130 184 183
131 132 185
131 185 184
132 133 186
132 186 185
133 134 187
133 187 186
134 135 188
134 188 187
135 136 189
135 189 188
136 137 190
136 190 189
137 138 191
137 191 190
138 139 192
138 192 191
139 140 193
139 193 192
140 141 194
140 194 193
141 142 195
141 195 194
142 143 196
142 196 195
143 144 197
143 197 196
144 145 198
144 198 197
145 146 199
145 199 198
146 147 200
146 200 199
147 148 201
147 201 200
148 149 202
148 202 201
149 150 203
149 203 202
150 151 204
150 204 203
151 152 205
151 205 204
152 153 206
152 206 205
153 154 207
153 207 206
154 155 208
154 208 207
155 156 209
155 209 208
156 157 210
156 210 209
157 158 211
157 211 210
158 159 212
158 212 211
160 161 213
161 214 213
161 162 214
162 215 214
162 163 215
163 216 215
163 164 216
164 217 216
164 165 217
165 218 217
165 166 218
166 219 218
166 167 219
167 220 219
167 168 220
168 221 220
168 169 221
169 222 221
169 170 222
170 223 222
170 171 223
171 224 223
171 172 224
172 225 224
172 173 225
173 226 225
173 174 226
174 227 226
174 175 227
175 228 227
175 176 228
176 229 228
176 177 229
177 230 229
177 178 230
178 231 230
178 179 231
179 232 231
179 180 232
180 233 232
180 181 233
181 234 233
181 182 234
182 235 234
182 183 235
183 236 235
183 184 236
184 237 236
184 185 237
185 238 237
185 186 238
186 239 238
186 187 239
187 240 239
187 188 240
188 241 240
188 189 241
189 242 241
189 190 242
190 243 242
190 191 243
191 244 243
191 192 244
192 245 244
192 193 245
193 246 245
193 194 246
194 247 246
194 195 247
195 248 247
195 196 248
196 249 248
196 197 249
197 250 249
197 198 250
198 251 250
198 199 251
199 252 251
199 200 252
200 253 252
200 201 253
201 254 253
201 202 254
202 255 254
202 203 255
203 256 255
203 204 256
204 257 256
204 205 257
205 258 257
205 206 258
206 259 258
206 207 259
207 260 259
207 208 260
208 261 260
208 209 261
209 262 261
209 210 262
210 263 262
210 211 263
211 264 263
211 212 264
212 265 264
213 214 267
213 267 266
214 215 268
214 268 267
215 216 269
215 269 268
216 217 270
216 270 269
217 218 271
217 271 270
218 219 272
218 272 271
219 220 273
219 273 272
220 221 274
220 274 273
221 222 275
221 275 274
222 223 276
222 276 275
223 224 277
223 277 276
224 225 278
224 278 277
225 226 279
225 279 278
226 227 280
226 280 279
227 228 281
227 281 280
228 229 282
228 282 281
229 230 283
229 283 282
230 231 284
230 284 283
231 232 285
231 285 284
232 233 286
232 286 285
233 234 287
233 287 286
234 235 288
234 288 287
235 236 289
235 289 288
236 237 290
236 290 289
237 238 291
237 291 290
238 239 292
238 292 291
239 240 293
239 293 292
240 241 294
240 294 293
241 242 295
241 295 294
242 243 296
242 296 295
243 244 297
243 297 296
244 245 298
244 298 297
245 246 299
245 299 298
246 247 300
246 300 299
247 248 301
247 301 300
248 249 302
248 302 301
249 250 303
249 303 302
250 251 304
250 304 303
251 252 305
251 305 304
252 253 306
252 306 305
253 254 307
253 307 306
254 255 308
254 308 307
255 256 309
255 309 308
256 257 310
256 310 309
257 258 311
257 311 310
258 259 312
258 312 311
259 260 313
259 313 312
260 261 314
260 314 313
261 262 315
261 315 314
262 263 316
262 316 315
263 264 317
263 317 316
264 265 318
264 318 317
266 267 319
267 320 319
267 268 320
268 321 320
268 269 321
269 322 321
269 270 322
270 323 322
270 271 323
271 324 323
271 272 324
272 325 324
272 273 325
273 326 325
273 274 326
274 327 326
274 275 327
275 328 327
275 276 328
276 329 328
276 277 329
277 330 329
277 278 330
278 331 330
278 279 331
279 332 331
279 280 332
280 333 332
280 281 333
281 334 333
281 282 334
282 335 334
282 283 335
283 336 335
283 284 336
284 337 336
284 285 337
285 338 337
285 286 338
286 339 338
286 287 339
287 340 339
287 288 340
288 341 340
288 289 341
289 342 341
289 290 342
290 343 342
290 291 343
291 344 343
291 292 344
292 345 344
292 293 345
293 346 345
293 294 346
294 347 346
294 295 347
295 348 347
295 296 348
296 349 348
296 297 349
297 350 349
297 298 350
298 351 350
298 299 351
299 352 351
299 300 352
300 353 352
300 301 353
301 354 353
301 302 354
302 355 354
302 303 355
303 356 355
303 304 356
304 357 356
304 305 357
305 358 357
305 306 358
306 359 358
306 307 359
307 360 359
307 308 360
308 361 360
308 309 361
309 362 361
309 310 362
310 363 362
310 311 363
311 364 363
311 312 364
312 365 364
312 313 365
313 366 365
313 314 366
314 367 366
314 315 367
315 368 367
315 316 368
316 369 368
316 317 369
317 370 369
317 318 370
318 371 370
319 320 373
319 373 372
320 321 374
320 374 373
321 322 375
321 375 374
322 323 376
322 376 375
323 324 377
323 377 376
324 325 378
324 378 377
325 326 379
325 379 378
326 327 380
326 380 379
327 328 381
327 381 380
328 329 382
328 382 381
329 330 383
329 383 382
330 331 384
330 384 383
331 332 385
331 385 384
332 333 386
332 386 385
333 334 387
333 387 386
334 335 388
334 388 387
335 336 389
335 389 388
336 337 390
336 390 389
337 338 391
337 391 390
338 339 392
338 392 391
339 340 393
339 393 392
340 341 394
340 394 393
341 342 395
341 395 394
342 343 396
342 396 395
343 344 397
343 397 396
344 345 398
344 398 397
345 346 399
345 399 398
346 347 400
346 400 399
347 348 401
347 401 400
348 349 402
348 402 401
349 350 403
349 403 402
350 351 404
350 404 403
351 352 405
351 405 404
352 353 406
352 406 405
353 354 407
353 407 406
354 355 408
354 408 407
355 356 409
355 409 408
356 357 410
356 410 409
357 358 411
357 411 410
358 359 412
358 412 411
359 360 413
359 413 412
360 361 414
360 414 413
361 362 415
361 415 414
362 363 416
362 416 415
363 364 417
363 417 416
364 365 418
364 418 417
365 366 419
365 419 418
366 367 420
366 420 419
367 368 421
367 421 420
368 369 422
368 422 421
369 370 423
369 423 422
370 371 424
370 424 423
372 373 425
373 426 425
373 374 426
374 427 426
374 375 427
375 428 427
375 376 428
376 429 428
376 377 429
377 430 429
377 378 430
378 431 430
378 379 431
379 432 431
379 380 432
380 433 432
380 381 433
381 434 433
381 382 434
382 435 434
382 383 435
383 436 435
383 384 436
384 437 436
384 385 437
385 438 437
385 386 438
386 439 438
386 387 439
387 440 439
387 388 440
388 441 440
388 389 441
389 442 441
389 390 442
390 443 442
390 391 443
391 444 443
391 392 444
392 445 444
392 393 445
393 446 445
393 394 446
394 447 446
394 395 447
395 448 447
395 396 448
396 449 448
396 397 449
397 450 449
397 398 450
398 451 450
398 399 451
399 452 451
399 400 452
400 453 452
400 401 453
401 454 453
401 402 454
402 455 454
402 403 455
403 456 455
403 404 456
404 457 456
404 405 457
405 458 457
405 406 458
406 459 458
406 407 459
407 460 459
407 408 460
408 461 460
408 409 461
409 462 461
409 410 462
410 463 462
410 411 463
411 464 463
411 412 464
412 465 464
412 413 465
413 466 465
413 414 466
414 467 466
414 415 467
415 468 467
415 416 468
416 469 468
416 417 469
417 470 469
417 418 470
418 471 470
418 419 471
419 472 471
419 420 472
420 473 472
420 421 473
421 474 473
421 422 474
422 475 474
422 423 475
423 476 475
423 424 476
424 477 476
425 426 479
425 479 478
426 427 480
426 480 479
427 428 481
427 481 480
428 429 482
428 482 481
429 430 483
429 483 482
430 431 484
430 484 483
431 432 485
431 485 484
432 433 486
432 486 485
433 434 487
433 487 486
434 435 488
434 488 487
435 436 489
435 489 488
436 437 490
436 490 489
437 438 491
437 491 490
438 439 492
438 492 491
439 440 493
439 493 492
440 441 494
440 494 493
441 442 495
441 495 494
442 443 496
442 496 495
443 444 497
443 497 496
444 445 498
444 498 497
445 446 499
445 499 498
446 447 500
446 500 499
447 448 501
447 501 500
448 449 502
448 502 501
449 450 503
449 503 502
450 451 504
450 504 503
451 452 505
451 505 504
452 453 506
452 506 505
453 454 507
453 507 506
454 455 508
454 508 507
455 456 509
455 509 508
456 457 510
456 510 509
457 458 511
457 511 510
458 459 512
458 512 511
459 460 513
459 513 512
460 461 514
460 514 513
461 462 515
461 515 514
462 463 516
462 516 515
463 464 517
463 517 516
464 465 518
464 518 517
465 466 519
465 519 518
466 467 520
466 520 519
467 468 521
467 521 520
468 469 522
468 522 521
469 470 523
469 523 522
470 471 524
470 524 523
471 472 525
471 525 524
472 473 526
472 526 525
473 474 527
473 527 526
474 475 528
474 528 527
475 476 529
475 529 528
476 477 530
476 530 529
478 479 531
479 532 531
479 480 532
480 533 532
480 481 533
481 534 533
481 482 534
482 535 534
482 483 535
483 536 535
483 484 536
484 537 536
484 485 537
485 538 537
485 486 538
486 539 538
486 487 539
487 540 539
487 488 540
488 541 540
488 489 541
489 542 541
489 490 542
490 543 542
490 491 543
491 544 543
491 492 544
492 545 544
492 493 545
493 546 545
493 494 546
494 547 546
494 495 547
495 548 547
495 496 548
496 549 548
496 497 549
497 550 549
497 498 550
498 551 550
498 499 551
499 552 551
499 500 552
500 553 552
500 501 553
501 554 553
501 502 554
502 555 554
502 503 555
503 556 555
503 504 556
504 557 556
504 505 557
505 558 557
505 506 558
506 559 558
506 507 559
507 560 559
507 508 560
508 561 560
508 509 561
509 562 561
509 510 562
510 563 562
510 511 563
511 564 563
511 512 564
512 565 564
512 513 565
513 566 565
513 514 566
514 567 566
514 515 567
515 568 567
515 516 568
516 569 568
516 517 569
517 570 569
517 518 570
518 571 570
518 519 571
519 572 571
519 520 572
520 573 572
520 521 573
521 574 573
521 522 574
522 575 574
522 523 575
523 576 575
523 524 576
524 577 576
524 525 577
525 578 577
525 526 578
526 579 578
526 527 579
527 580 579
527 528 580
528 581 580
528 529 581
529 582 581
529 530 582
530 583 582
531 532 585
531 585 584
532 533 586
532 586 585
533 534 587
533 587 586
534 535 588
534 588 587
535 536 589
535 589 588
536 537 590
536 590 589
537 538 591
537 591 590
538 539 592
538 592 591
539 540 593
539 593 592
540 541 594
540 594 593
541 542 595
541 595 594
542 543 596
542 596 595
543 544 597
543 597 596
544 545 598
544 598 597
545 546 599
545 599 598
546 547 600
546 600 599
547 548 601
547 601 600
548 549 602
548 602 601
549 550 603
549 603 602
550 551 604
550 604 603
551 552 605
551 605 604
552 553 606
552 606 605
553 554 607
553 607 606
554 555 608
554 608 607
555 556 609
555 609 608
556 557 610
556 610 609
557 558 611
557 611 610
558 559 612
558 612 611
559 560 613
559 613 612
560 561 614
560 614 613
561 562 615
561 615 614
562 563 616
562 616 615
563 564 617
563 617 616
564 565 618
564 618 617
565 566 619
565 619 618
566 567 620
566 620 619
567 568 621
567 621 620
568 569 622
568 622 621
569 570 623
569 623 622
570 571 624
570 624 623
571 572 625
571 625 624
572 573 626
572 626 625
573 574 627
573 627 626
574 575 628
574 628 627
575 576 629
575 629 628
576 577 630
576 630 629
577 578 631
577 631 630
578 579 632
578 632 631
579 580 633
579 633 632
580 581 634
580 634 633
581 582 635
581 635 634
582 583 636
582 636 635
584 585 637
585 638 637
585 586 638
586 639 638
586 587 639
587 640 639
587 588 640
588 641 640
588 589 641
589 642 641
589 590 642
590 643 642
590 591 643
591 644 643
591 592 644
592 645 644
592 593 645
593 646 645
593 594 646
594 647 646
594 595 647
595 648 647
595 596 648
596 649 648
596 597 649
597 650 649
597 598 650
598 651 650
598 599 651
599 652 651
599 600 652
600 653 652
600 601 653
601 654 653
601 602 654
602 655 654
602 603 655
603 656 655
603 604 656
604 657 656
604 605 657
605 658 657
605 606 658
606 659 658
606 607 659
607 660 659
607 608 660
608 661 660
608 609 661
609 662 661
609 610 662
610 663 662
610 611 663
611 664 663
611 612 664
612 665 664
612 613 665
613 666 665
613 614 666
614 667 666
614 615 667
615 668 667
615 616 668
616 669 668
616 617 669
617 670 669
617 618 670
618 671 670
618 619 671
619 672 671
619 620 672
620 673 672
620 621 673
621 674 673
621 622 674
622 675 674
622 623 675
623 676 675
623 624 676
624 677 676
624 625 677
625 678 677
625 626 678
626 679 678
626 627 679
627 680 679
627 628 680
628 681 680
628 629 681
629 682 681
629 630 682
630 683 682
630 631 683
631 684 683
631 632 684
632 685 684
632 633 685
633 686 685
633 634 686
634 687 686
634 635 687
635 688 687
635 636 688
636 689 688
637 638 691
637 691 690
638 639 692
638 692 691
639 640 693
639 693 692
640 641 694
640 694 693
641 642 695
641 695 694
642 643 696
642 696 695
643 644 697
643 697 696
644 645 698
644 698 697
645 646 699
645 699 698
646 647 700
646 700 699
647 648 701
647 701 700
648 649 702
648 702 701
649 650 703
649 703 702
650 651 704
650 704 703
651 652 705
651 705 704
652 653 706
652 706 705
653 654 707
653 707 706
654 655 708
654 708 707
655 656 709
655 709 708
656 657 710
656 710 709
657 658 711
657 711 710
658 659 712
658 712 711
659 660 713
659 713 712
660 661 714
660 714 713
661 662 715
661 715 714
662 663 716
662 716 715
663 664 717
663 717 716
664 665 718
664 718 717
665 666 719
665 719 718
666 667 720
666 720 719
667 668 721
667 721 720
668 669 722
668 722 721
669 670 723
669 723 722
670 671 724
670 724 723
671 672 725
671 725 724
672 673 726
672 726 725
673 674 727
673 727 726
674 675 728
674 728 727
675 676 729
675 729 728
676 677 730
676 730 729
677 678 731
677 731 730
678 679 732
678 732 731
679 680 733
679 733 732
680 681 734
680 734 733
681 682 735
681 735 734
682 683 736
682 736 735
683 684 737
683 737 736
684 685 738
684 738 737
685 686 739
685 739 738
686 687 740
686 740 739
687 688 741
687 741 740
688 689 742
688 742 741
690 691 743
691 744 743
691 692 744
692 745 744
692 693 745
693 746 745
693 694 746
694 747 746
694 695 747
695 748 747
695 696 748
696 749 748
696 697 749
697 750 749
697 698 750
698 751 750
698 699 751
699 752 751
699 700 752
700 753 752
700 701 753
701 754 753
701 702 754
702 755 754
702 703 755
703 756 755
703 704 756
704 757 756
704 705 757
705 758 757
705 706 758
706 759 758
706 707 759
707 760 759
707 708 760
708 761 760
708 709 761
709 762 761
709 710 762
710 763 762
710 711 763
711 764 763
711 712 764
712 765 764
712 713 765
713 766 765
713 714 766
714 767 766
714 715 767
715 768 767
715 716 768
716 769 768
716 717 769
717 770 769
717 718 770
718 771 770
718 719 771
719 772 771
719 720 772
720 773 772
720 721 773
721 774 773
721 722 774
722 775 774
722 723 775
723 776 775
723 724 776
724 777 776
724 725 777
725 778 777
725 726 778
726 779 778
726 727 779
727 780 779
727 728 780
728 781 780
728 729 781
729 782 781
729 730 782
730 783 782
730 731 783
731 784 783
731 732 784
732 785 784
732 733 785
733 786 785
733 734 786
734 787 786
734 735 787
735 788 787
735 736 788
736 789 788
736 737 789
737 790 789
737 738 790
738 791 790
738 739 791
739 792 791
739 740 792
740 793 792
740 741 793
741 794 793
741 742 794
742 795 794
743 744 797
743 797 796
744 745 798
744 798 797
745 746 799
745 799 798
746 747 800
746 800 799
747 748 801
747 801 800
748 749 802
748 802 801
749 750 803
749 803 802
750 751 804
750 804 803
751 752 805
751 805 804
752 753 806
752 806 805
753 754 807
753 807 806
754 755 808
754 808 807
755 756 809
755 809 808
756 757 810
756 810 809
757 758 811
757 811 810
758 759 812
758 812 811
759 760 813
759 813 812
760 761 814
760 814 813
761 762 815
761 815 814
762 763 816
762 816 815
763 764 817
763 817 816
764 765 818
764 818 817
765 766 819
765 819 818
766 767 820
766 820 819
767 768 821
767 821 820
768 769 822
768 822 821
769 770 823
769 823 822
770 771 824
770 824 823
771 772 825
771 825 824
772 773 826
772 826 825
773 774 827
773 827 826
774 775 828
774 828 827
775 776 829
775 829 828
776 777 830
776 830 829
777 778 831
777 831 830
778 779 832
778 832 831
779 780 833
779 833 832
780 781 834
780 834 833
781 782 835
781 835 834
782 783 836
782 836 835
783 784 837
783 837 836
784 785 838
784 838 837
785 786 839
785 839 838
786 787 840
786 840 839
787 788 841
787 841 840
788 789 842
788 842 841
789 790 843
789 843 842
790 791 844
790 844 843
791 792 845
791 845 844
792 793 846
792 846 845
793 794 847
793 847 846
794 795 848
794 848 847
796 797 849
797 850 849
797 798 850
798 851 850
798 799 851
799 852 851
799 800 852
800 853 852
800 801 853
801 854 853
801 802 854
802 855 854
802 803 855
803 856 855
803 804 856
804 857 856
804 805 857
805 858 857
805 806 858
806 859 858
806 807 859
807 860 859
807 808 860
808 861 860
808 809 861
809 862 861
809 810 862
810 863 862
810 811 863
811 864 863
811 812 864
812 865 864
812 813 865
813 866 865
813 814 866
814 867 866
814 815 867
815 868 867
815 816 868
816 869 868
816 817 869
817 870 869
817 818 870
818 871 870
818 819 871
819 872 871
819 820 872
820 873 872
820 821 873
821 874 873
821 822 874
822 875 874
822 823 875
823 876 875
823 824 876
824 877 876
824 825 877
825 878 877
825 826 878
826 879 878
826 827 879
827 880 879
827 828 880
828 881 880
828 829 881
829 882 881
829 830 882
830 883 882
830 831 883
831 884 883
831 832 884
832 885 884
832 833 885
833 886 885
833 834 886
834 887 886
834 835 887
835 888 887
835 836 888
836 889 888
836 837 889
837 890 889
837 838 890
838 891 890
838 839 891
839 892 891
839 840 892
840 893 892
840 841 893
841 894 893
841 842 894
842 895 894
842 843 895
843 896 895
843 844 896
844 897 896
844 845 897
845 898 897
845 846 898
846 899 898
846 847 899
847 900 899
847 848 900
848 901 900
849 850 903
849 903 902
850 851 904
850 904 903
851 852 905
851 905 904
852 853 906
852 906 905
853 854 907
853 907 906
854 855 908
854 908 907
855 856 909
855 909 908
856 857 910
856 910 909
857 858 911
857 911 910
858 859 912
858 912 911
859 860 913
859 913 912
860 861 914
860 914 913
861 862 915
861 915 914
862 863 916
862 916 915
863 864 917
863 917 916
864 865 918
864 918 917
865 866 919
865 919 918
866 867 920
866 920 919
867 868 921
867 921 920
868 869 922
868 922 921
869 870 923
869 923 922
870 871 924
870 924 923
871 872 925
871 925 924
872 873 926
872 926 925
873 874 927
873 927 926
874 875 928
874 928 927
875 876 929
875 929 928
876 877 930
876 930 929
877 878 931
877 931 930
878 879 932
878 932 931
879 880 933
879 933 932
880 881 934
880 934 933
881 882 935
881 935 934
882 883 936
882 936 935
883 884 937
883 937 936
884 885 938
884 938 937
885 886 939
885 939 938
886 887 940
886 940 939
887 888 941
887 941 940
888 889 942
888 942 941
889 890 943
889 943 942
890 891 944
890 944 943
891 892 945
891 945 944
892 893 946
892 946 945
893 894 947
893 947 946
894 895 948
894 948 947
895 896 949
895 949 948
896 897 950
896 950 949
897 898 951
897 951 950
898 899 952
898 952 951
899 900 953
899 953 952
900 901 954
900 954 953
902 903 955
903 956 955
903 904 956
904 957 956
904 905 957
905 958 957
905 906 958
906 959 958
906 907 959
907 960 959
907 908 960
908 961 960
908 909 961
909 962 961
909 910 962
910 963 962
910 911 963
911 964 963
911 912 964
912 965 964
912 913 965
913 966 965
913 914 966
914 967 966
914 915 967
915 968 967
915 916 968
916 969 968
916 917 969
917 970 969
917 918 970
918 971 970
918 919 971
919 972 971
919 920 972
920 973 972
920 921 973
921 974 973
921 922 974
922 975 974
922 923 975
923 976 975
923 924 976
924 977 976
924 925 977
925 978 977
925 926 978
926 979 978
926 927 979
927 980 979
927 928 980
928 981 980
928 929 981
929 982 981
929 930 982
930 983 982
930 931 983
931 984 983
931 932 984
932 985 984
932 933 985
933 986 985
933 934 986
934 987 986
934 935 987
935 988 987
935 936 988
936 989 988
936 937 989
937 990 989
937 938 990
938 991 990
938 939 991
939 992 991
939 940 992
940 993 992
940 941 993
941 994 993
941 942 994
942 995 994
942 943 995
943 996 995
943 944 996
944 997 996
944 945 997
945 998 997
945 946 998
946 999 998
946 947 999
947 1000 999
947 948 1000
948 1001 1000
948 949 1001
949 1002 1001
949 950 1002
950 1003 1002
950 951 1003
951 1004 1003
951 952 1004
952 1005 1004
952 953 1005
953 1006 1005
953 954 1006
954 1007 1006
955 956 1009
955 1009 1008
956 957 1010
956 1010 1009
957 958 1011
957 1011 1010
958 959 1012
958 1012 1011
959 960 1013
959 1013 1012
960 961 1014
960 1014 1013
961 962 1015
961 1015 1014
962 963 1016
962 1016 1015
963 964 1017
963 1017 1016
964 965 1018
964 1018 1017
965 966 1019
965 1019 1018
966 967 1020
966 1020 1019
967 968 1021
967 1021 1020
968 969 1022
968 1022 1021
969 970 1023
969 1023 1022
970 971 1024
970 1024 1023
971 972 1025
971 1025 1024
972 973 1026
972 1026 1025
973 974 1027
973 1027 1026
974 975 1028
974 1028 1027
975 976 1029
975 1029 1028
976 977 1030
976 1030 1029
977 978 1031
977 1031 1030
978 979 1032
978 1032 1031
979 980 1033
979 1033 1032
980 981 1034
980 1034 1033
981 982 1035
981 1035 1034
982 983 1036
982 1036 1035
983 984 1037
983 1037 1036
984 985 1038
984 1038 1037
985 986 1039
985 1039 1038
986 987 1040
986 1040 1039
987 988 1041
987 1041 1040
988 989 1042
988 1042 1041
989 990 1043
989 1043 1042
990 991 1044
990 1044 1043
991 992 1045
991 1045 1044
992 993 1046
992 1046 1045
993 994 1047
993 1047 1046
994 995 1048
994 1048 1047
995 996 1049
995 1049 1048
996 997 1050
996 1050 1049
997 998 1051
997 1051 1050
998 999 1052
998 1052 1051
999 1000 1053
999 1053 1052
1000 1001 1054
1000 1054 1053
1001 1002 1055
1001 1055 1054
1002 1003 1056
1002 1056 1055
1003 1004 1057
1003 1057 1056
1004 1005 1058
1004 1058 1057
1005 1006 1059
1005 1059 1058
1006 1007 1060
1006 1060 1059
1008 1009 1061
1009 1062 1061
1009 1010 1062
1010 1063 1062
1010 1011 1063
1011 1064 1063
1011 1012 1064
1012 1065 1064
1012 1013 1065
1013 1066 1065
1013 1014 1066
1014 1067 1066
1014 1015 1067
1015 1068 1067
1015 1016 1068
1016 1069 1068
1016 1017 1069
1017 1070 1069
1017 1018 1070
1018 1071 1070
1018 1019 1071
1019 1072 1071
1019 1020 1072
1020 1073 1072
1020 1021 1073
1021 1074 1073
1021 1022 1074
1022 1075 1074
1022 1023 1075
1023 1076 1075
1023 1024 1076
1024 1077 1076
1024 1025 1077
1025 1078 1077
1025 1026 1078
1026 1079 1078
1026 1027 1079
1027 1080 1079
1027 1028 1080
1028 1081 1080
1028 1029 1081
1029 1082 1081
1029 1030 1082
1030 1083 1082
1030 1031 1083
1031 1084 1083
1031 1032 1084
1032 1085 1084
1032 1033 1085
1033 1086 1085
1033 1034 1086
1034 1087 1086
1034 1035 1087
1035 1088 1087
1035 1036 1088
1036 1089 1088
1036 1037 1089
1037 1090 1089
1037 1038 1090
1038 1091 1090
1038 1039 1091
1039 1092 1091
1039 1040 1092
1040 1093 1092
1040 1041 1093
1041 1094 1093
1041 1042 1094
1042 1095 1094
1042 1043 1095
1043 1096 1095
1043 1044 1096
1044 1097 1096
1044 1045 1097
1045 1098 1097
1045 1046 1098
1046 1099 1098
1046 1047 1099
1047 1100 1099
1047 1048 1100
1048 1101 1100
1048 1049 1101
1049 1102 1101
1049 1050 1102
1050 1103 1102
1050 1051 1103
1051 1104 1103
1051 1052 1104
1052 1105 1104
1052 1053 1105
1053 1106 1105
1053 1054 1106
1054 1107 1106
1054 1055 1107
1055 1108 1107
1055 1056 1108
1056 1109 1108
1056 1057 1109
1057 1110 1109
1057 1058 1110
1058 1111 1110
1058 1059 1111
1059 1112 1111
1059 1060 1112
1060 1113 1112
1061 1062 1115
1061 1115 1114
1062 1063 1116
1062 1116 1115
1063 1064 1117
1063 1117 1116
1064 1065 1118
1064 1118 1117
1065 1066 1119
1065 1119 1118
1066 1067 1120
1066 1120 1119
1067 1068 1121
1067 1121 1120
1068 1069 1122
1068 1122 1121
1069 1070 1123
1069 1123 1122
1070 1071 1124
1070 1124 1123
1071 1072 1125
1071 1125 1124
1072 1073 1126
1072 1126 1125
1073 1074 1127
1073 1127 1126
1074 1075 1128
1074 1128 1127
1075 1076 1129
1075 1129 1128
1076 1077 1130
1076 1130 1129
1077 1078 1131
1077 1131 1130
1078 1079 1132
1078 1132 1131
1079 1080 1133
1079 1133 1132
1080 1081 1134
1080 1134 1133
1081 1082 1135
1081 1135 1134
1082 1083 1136
1082 1136 1135
1083 1084 1137
1083 1137 1136
1084 1085 1138
1084 1138 1137
1085 1086 1139
1085 1139 1138
1086 1087 1140
1086 1140 1139
1087 1088 1141
1087 1141 1140
1088 1089 1142
1088 1142 1141
1089 1090 1143
1089 1143 1142
1090 1091 1144
1090 1144 1143
1091 1092 1145
1091 1145 1144
1092 1093 1146
1092 1146 1145
1093 1094 1147
1093 1147 1146
1094 1095 1148
1094 1148 1147
1095 1096 1149
1095 1149 1148
1096 1097 1150
1096 1150 1149
1097 1098 1151
1097 1151 1150
1098 1099 1152
1098 1152 1151
1099 1100 1153
1099 1153 1152
1100 1101 1154
1100 1154 1153
1101 1102 1155
1101 1155 1154
1102 1103 1156
1102 1156 1155
1103 1104 1157
1103 1157 1156
1104 1105 1158
1104 1158 1157
1105 1106 1159
1105 1159 1158
1106 1107 1160
1106 1160 1159
1107 1108 1161
1107 1161 1160
1108 1109 1162
1108 1162 1161
1109 1110 1163
1109 1163 1162
1110 1111 1164
1110 1164 1163
1111 1112 1165
1111 1165 1164
1112 1113 1166
1112 1166 1165
1114 1115 1167
1115 1168 1167
1115 1116 1168
1116 1169 1168
1116 1117 1169
1117 1170 1169
1117 1118 1170
1118 1171 1170
1118 1119 1171
1119 1172 1171
1119 1120 1172
1120 1173 1172
1120 1121 1173
1121 1174 1173
1121 1122 1174
1122 1175 1174
1122 1123 1175
1123 1176 1175
1123 1124 1176
1124 1177 1176
1124 1125 1177
1125 1178 1177
1125 1126 1178
1126 1179 1178
1126 1127 1179
1127 1180 1179
1127 1128 1180
1128 1181 1180
1128 1129 1181
1129 1182 1181
1129 1130 1182
1130 1183 1182
1130 1131 1183
1131 1184 1183
1131 1132 1184
1132 1185 1184
1132 1133 1185
1133 1186 1185
1133 1134 1186
1134 1187 1186
1134 1135 1187
1135 1188 1187
1135 1136 1188
1136 1189 1188
1136 1137 1189
1137 1190 1189
1137 1138 1190
1138 1191 1190
1138 1139 1191
1139 1192 1191
1139 1140 1192
1140 1193 1192
1140 1141 1193
1141 1194 1193
1141 1142 1194
1142 1195 1194
1142 1143 1195
1143 1196 1195
1143 1144 1196
1144 1197 1196
1144 1145 1197
1145 1198 1197
1145 1146 1198
1146 1199 1198
1146 1147 1199
1147 1200 1199
1147 1148 1200
1148 1201 1200
1148 1149 1201
1149 1202 1201
1149 1150 1202
1150 1203 1202
1150 1151 1203
1151 1204 1203
1151 1152 1204
1152 1205 1204
1152 1153 1205
1153 1206 1205
1153 1154 1206
1154 1207 1206
1154 1155 1207
1155 1208 1207
1155 1156 1208
1156 1209 1208
1156 1157 1209
1157 1210 1209
1157 1158 1210
1158 1211 1210
1158 1159 1211
1159 1212 1211
1159 1160 1212
1160 1213 1212
1160 1161 1213
1161 1214 1213
1161 1162 1214
1162 1215 1214
1162 1163 1215
1163 1216 1215
1163 1164 1216
1164 1217 1216
1164 1165 1217
1165 1218 1217
1165 1166 1218
1166 1219 1218
1167 1168 1221
1167 1221 1220
1168 1169 1222
1168 1222 1221
1169 1170 1223
1169 1223 1222
1170 1171 1224
1170 1224 1223
1171 1172 1225
1171 1225 1224
1172 1173 1226
1172 1226 1225
1173 1174 1227
1173 1227 1226
1174 1175 1228
1174 1228 1227
1175 1176 1229
1175 1229 1228
1176 1177 1230
1176 1230 1229
1177 1178 1231
1177 1231 1230
1178 1179 1232
1178 1232 1231
1179 1180 1233
1179 1233 1232
1180 1181 1234
1180 1234 1233
1181 1182 1235
1181 1235 1234
1182 1183 1236
1182 1236 1235
1183 1184 1237
1183 1237 1236
1184 1185 1238
1184 1238 1237
1185 1186 1239
1185 1239 1238
1186 1187 1240
1186 1240 1239
1187 1188 1241
1187 1241 1240
1188 1189 1242
1188 1242 1241
1189 1190 1243
1189 1243 1242
1190 1191 1244
1190 1244 1243
1191 1192 1245
1191 1245 1244
1192 1193 1246
1192 1246 1245
1193 1194 1247
1193 1247 1246
1194 1195 1248
1194 1248 1247
1195 1196 1249
1195 1249 1248
1196 1197 1250
1196 1250 1249
1197 1198 1251
1197 1251 1250
1198 1199 1252
1198 1252 1251
1199 1200 1253
1199 1253 1252
1200 1201 1254
1200 1254 1253
1201 1202 1255
1201 1255 1254
1202 1203 1256
1202 1256 1255
1203 1204 1257
1203 1257 1256
1204 1205 1258
1204 1258 1257
1205 1206 1259
1205 1259 1258
1206 1207 1260
1206 1260 1259
1207 1208 1261
1207 1261 1260
1208 1209 1262
1208 1262 1261
1209 1210 1263
1209 1263 1262
1210 1211 1264
1210 1264 1263
1211 1212 1265
1211 1265 1264
1212 1213 1266
1212 1266 1265
1213 1214 1267
1213 1267 1266
1214 1215 1268
1214 1268 1267
1215 1216 1269
1215 1269 1268
1216 1217 1270
1216 1270 1269
1217 1218 1271
1217 1271 1270
1218 1219 1272
1218 1272 1271
1220 1221 1273
1221 1274 1273
1221 1222 1274
1222 1275 1274
1222 1223 1275
1223 1276 1275
1223 1224 1276
1224 1277 1276
1224 1225 1277
1225 1278 1277
1225 1226 1278
1226 1279 1278
1226 1227 1279
1227 1280 1279
1227 1228 1280
1228 1281 1280
1228 1229 1281
1229 1282 1281
1229 1230 1282
1230 1283 1282
1230 1231 1283
1231 1284 1283
1231 1232 1284
1232 1285 1284
1232 1233 1285
1233 1286 1285
1233 1234 1286
1234 1287 1286
1234 1235 1287
1235 1288 1287
1235 1236 1288
1236 1289 1288
1236 1237 1289
1237 1290 1289
1237 1238 1290
1238 1291 1290
1238 1239 1291
1239 1292 1291
1239 1240 1292
1240 1293 1292
1240 1241 1293
1241 1294 1293
1241 1242 1294
1242 1295 1294
1242 1243 1295
1243 1296 1295
1243 1244 1296
1244 1297 1296
1244 1245 1297
1245 1298 1297
1245 1246 1298
1246 1299 1298
1246 1247 1299
1247 1300 1299
1247 1248 1300
1248 1301 1300
1248 1249 1301
1249 1302 1301
1249 1250 1302
1250 1303 1302
1250 1251 1303
1251 1304 1303
1251 1252 1304
1252 1305 1304
1252 1253 1305
1253 1306 1305
1253 1254 1306
1254 1307 1306
1254 1255 1307
1255 1308 1307
1255 1256 1308
1256 1309 1308
1256 1257 1309
1257 1310 1309
1257 1258 1310
1258 1311 1310
1258 1259 1311
1259 1312 1311
1259 1260 1312
1260 1313 1312
1260 1261 1313
1261 1314 1313
1261 1262 1314
1262 1315 1314
1262 1263 1315
1263 1316 1315
1263 1264 1316
1264 1317 1316
1264 1265 1317
1265 1318 1317
1265 1266 1318
1266 1319 1318
1266 1267 1319
1267 1320 1319
1267 1268 1320
1268 1321 1320
1268 1269 1321
1269 1322 1321
1269 1270 1322
1270 1323 1322
1270 1271 1323
1271 1324 1323
1271 1272 1324
1272 1325 1324
1273 1274 1327
1273 1327 1326
1274 1275 1328
1274 1328 1327
1275 1276 1329
1275 1329 1328
1276 1277 1330
1276 1330 1329
1277 1278 1331
1277 1331 1330
1278 1279 1332
1278 1332 1331
1279 1280 1333
1279 1333 1332
1280 1281 1334
1280 1334 1333
1281 1282 1335
1281 1335 1334
1282 1283 1336
1282 1336 1335
1283 1284 1337
1283 1337 1336
1284 1285 1338
1284 1338 1337
1285 1286 1339
1285 1339 1338
1286 1287 1340
1286 1340 1339
1287 1288 1341
1287 1341 1340
1288 1289 1342
1288 1342 1341
1289 1290 1343
1289 1343 1342
1290 1291 1344
1290 1344 1343
1291 1292 1345
1291 1345 1344
1292 1293 1346
1292 1346 1345
1293 1294 1347
1293 1347 1346
1294 1295 1348
1294 1348 1347
1295 1296 1349
1295 1349 1348
1296 1297 1350
1296 1350 1349
1297 1298 1351
1297 1351 1350
1298 1299 1352
1298 1352 1351
1299 1300 1353
1299 1353 1352
1300 1301 1354
1300 1354 1353
1301 1302 1355
1301 1355 1354
1302 1303 1356
1302 1356 1355
1303 1304 1357
1303 1357 1356
1304 1305 1358
1304 1358 1357
1305 1306 1359
1305 1359 1358
1306 1307 1360
1306 1360 1359
1307 1308 1361
1307 1361 1360
1308 1309 1362
1308 1362 1361
1309 1310 1363
1309 1363 1362
1310 1311 1364
1310 1364 1363
1311 1312 1365
1311 1365 1364
1312 1313 1366
1312 1366 1365
1313 1314 1367
1313 1367 1366
1314 1315 1368
1314 1368 1367
1315 1316 1369
1315 1369 1368
1316 1317 1370
1316 1370 1369
1317 1318 1371
1317 1371 1370
1318 1319 1372
1318 1372 1371
1319 1320 1373
1319 1373 1372
1320 1321 1374
1320 1374 1373
1321 1322 1375
1321 1375 1374
1322 1323 1376
1322 1376 1375
1323 1324 1377
1323 1377 1376
1324 1325 1378
1324 1378 1377
1326 1327 1379
1327 1380 1379
1327 1328 1380
1328 1381 1380
1328 1329 1381
1329 1382 1381
1329 1330 1382
1330 1383 1382
1330 1331 1383
1331 1384 1383
1331 1332 1384
1332 1385 1384
1332 1333 1385
1333 1386 1385
1333 1334 1386
1334 1387 1386
1334 1335 1387
1335 1388 1387
1335 1336 1388
1336 1389 1388
1336 1337 1389
1337 1390 1389
1337 1338 1390
1338 1391 1390
1338 1339 1391
1339 1392 1391
1339 1340 1392
1340 1393 1392
1340 1341 1393
1341 1394 1393
1341 1342 1394
1342 1395 1394
1342 1343 1395
1343 1396 1395
1343 1344 1396
1344 1397 1396
1344 1345 1397
1345 1398 1397
1345 1346 1398
1346 1399 1398
1346 1347 1399
1347 1400 1399
1347 1348 1400
1348 1401 1400
1348 1349 1401
1349 1402 1401
1349 1350 1402
1350 1403 1402
1350 1351 1403
1351 1404 1403
1351 1352 1404
1352 1405 1404
1352 1353 1405
1353 1406 1405
1353 1354 1406
1354 1407 1406
1354 1355 1407
1355 1408 1407
1355 1356 1408
1356 1409 1408
1356 1357 1409
1357 1410 1409
1357 1358 1410
1358 1411 1410
1358 1359 1411
1359 1412 1411
1359 1360 1412
1360 1413 1412
1360 1361 1413
1361 1414 1413
1361 1362 1414
1362 1415 1414
1362 1363 1415
1363 1416 1415
1363 1364 1416
1364 1417 1416
1364 1365 1417
1365 1418 1417
1365 1366 1418
1366 1419 1418
1366 1367 1419
1367 1420 1419
1367 1368 1420
1368 1421 1420
1368 1369 1421
1369 1422 1421
1369 1370 1422
1370 1423 1422
1370 1371 1423
1371 1424 1423
1371 1372 1424
1372 1425 1424
1372 1373 1425
1373 1426 1425
1373 1374 1426
1374 1427 1426
1374 1375 1427
1375 1428 1427
1375 1376 1428
1376 1429 1428
1376 1377 1429
1377 1430 1429
1377 1378 1430
1378 1431 1430
1379 1380 1433
1379 1433 1432
1380 1381 1434
1380 1434 1433
1381 1382 1435
1381 1435 1434
1382 1383 1436
1382 1436 1435
1383 1384 1437
1383 1437 1436
1384 1385 1438
1384 1438 1437
1385 1386 1439
1385 1439 1438
1386 1387 1440
1386 1440 1439
1387 1388 1441
1387 1441 1440
1388 1389 1442
1388 1442 1441
1389 1390 1443
1389 1443 1442
1390 1391 1444
1390 1444 1443
1391 1392 1445
1391 1445 1444
1392 1393 1446
1392 1446 1445
1393 1394 1447
1393 1447 1446
1394 1395 1448
1394 1448 1447
1395 1396 1449
1395 1449 1448
1396 1397 1450
1396 1450 1449
1397 1398 1451
1397 1451 1450
1398 1399 1452
1398 1452 1451
1399 1400 1453
1399 1453 1452
1400 1401 1454
1400 1454 1453
1401 1402 1455
1401 1455 1454
1402 1403 1456
1402 1456 1455
1403 1404 1457
1403 1457 1456
1404 1405 1458
1404 1458 1457
1405 1406 1459
1405 1459 1458
1406 1407 1460
1406 1460 1459
1407 1408 1461
1407 1461 1460
1408 1409 1462
1408 1462 1461
1409 1410 1463
1409 1463 1462
1410 1411 1464
1410 1464 1463
1411 1412 1465
1411 1465 1464
1412 1413 1466
1412 1466 1465
1413 1414 1467
1413 1467 1466
1414 1415 1468
1414 1468 1467
1415 1416 1469
1415 1469 1468
1416 1417 1470
1416 1470 1469
1417 1418 1471
1417 1471 1470
1418 1419 1472
1418 1472 1471
1419 1420 1473
1419 1473 1472
1420 1421 1474
1420 1474 1473
1421 1422 1475
1421 1475 1474
1422 1423 1476
1422 1476 1475
1423 1424 1477
1423 1477 1476
1424 1425 1478
1424 1478 1477
1425 1426 1479
1425 1479 1478
1426 1427 1480
1426 1480 1479
1427 1428 1481
1427 1481 1480
1428 1429 1482
1428 1482 1481
1429 1430 1483
1429 1483 1482
1430 1431 1484
1430 1484 1483
1432 1433 1485
1433 1486 1485
1433 1434 1486
1434 1487 1486
1434 1435 1487
1435 1488 1487
1435 1436 1488
1436 1489 1488
1436 1437 1489
1437 1490 1489
1437 1438 1490
1438 1491 1490
1438 1439 1491
1439 1492 1491
1439 1440 1492
1440 1493 1492
1440 1441 1493
1441 1494 1493
1441 1442 1494
1442 1495 1494
1442 1443 1495
1443 1496 1495
1443 1444 1496
1444 1497 1496
1444 1445 1497
1445 1498 1497
1445 1446 1498
1446 1499 1498
1446 1447 1499
1447 1500 1499
1447 1448 1500
1448 1501 1500
1448 1449 1501
1449 1502 1501
1449 1450 1502
1450 1503 1502
1450 1451 1503
1451 1504 1503
1451 1452 1504
1452 1505 1504
1452 1453 1505
1453 1506 1505
1453 1454 1506
1454 1507 1506
1454 1455 1507
1455 1508 1507
1455 1456 1508
1456 1509 1508
1456 1457 1509
1457 1510 1509
1457 1458 1510
1458 1511 1510
1458 1459 1511
1459 1512 1511
1459 1460 1512
1460 1513 1512
1460 1461 1513
1461 1514 1513
1461 1462 1514
1462 1515 1514
1462 1463 1515
1463 1516 1515
1463 1464 1516
1464 1517 1516
1464 1465 1517
1465 1518 1517
1465 1466 1518
1466 1519 1518
1466 1467 1519
1467 1520 1519
1467 1468 1520
1468 1521 1520
1468 1469 1521
1469 1522 1521
1469 1470 1522
1470 1523 1522
1470 1471 1523
1471 1524 1523
1471 1472 1524
1472 1525 1524
1472 1473 1525
1473 1526 1525
1473 1474 1526
1474 1527 1526
1474 1475 1527
1475 1528 1527
1475 1476 1528
1476 1529 1528
1476 1477 1529
1477 1530 1529
1477 1478 1530
1478 1531 1530
1478 1479 1531
1479 1532 1531
1479 1480 1532
1480 1533 1532
1480 1481 1533
1481 1534 1533
1481 1482 1534
1482 1535 1534
1482 1483 1535
1483 1536 1535
1483 1484 1536
1484 1537 1536
1485 1486 1539
1485 1539 1538
1486 1487 1540
1486 1540 1539
1487 1488 1541
1487 1541 1540
1488 1489 1542
1488 1542 1541
1489 1490 1543
1489 1543 1542
1490 1491 1544
1490 1544 1543
1491 1492 1545
1491 1545 1544
1492 1493 1546
1492 1546 1545
1493 1494 1547
1493 1547 1546
1494 1495 1548
1494 1548 1547
1495 1496 1549
1495 1549 1548
1496 1497 1550
1496 1550 1549
1497 1498 1551
1497 1551 1550
1498 1499 1552
1498 1552 1551
1499 1500 1553
1499 1553 1552
1500 1501 1554
1500 1554 1553
1501 1502 1555
1501 1555 1554
1502 1503 1556
1502 1556 1555
1503 1504 1557
1503 1557 1556
1504 1505 1558
1504 1558 1557
1505 1506 1559
1505 1559 1558
1506 1507 1560
1506 1560 1559
1507 1508 1561
1507 1561 1560
1508 1509 1562
1508 1562 1561
1509 1510 1563
1509 1563 1562
1510 1511 1564
1510 1564 1563
1511 1512 1565
1511 1565 1564
1512 1513 1566
1512 1566 1565
1513 1514 1567
1513 1567 1566
1514 1515 1568
1514 1568 1567
1515 1516 1569
1515 1569 1568
1516 1517 1570
1516 1570 1569
1517 1518 1571
1517 1571 1570
1518 1519 1572
1518 1572 1571
1519 1520 1573
1519 1573 1572
1520 1521 1574
1520 1574 1573
1521 1522 1575
1521 1575 1574
1522 1523 1576
1522 1576 1575
1523 1524 1577
1523 1577 1576
1524 1525 1578
1524 1578 1577
1525 1526 1579
1525 1579 1578
1526 1527 1580
1526 1580 1579
1527 1528 1581
1527 1581 1580
1528 1529 1582
1528 1582 1581
1529 1530 1583
1529 1583 1582
1530 1531 1584
1530 1584 1583
1531 1532 1585
1531 1585 1584
1532 1533 1586
1532 1586 1585
1533 1534 1587
1533 1587 1586
1534 1535 1588
1534 1588 1587
1535 1536 1589
1535 1589 1588
1536 1537 1590
1536 1590 1589
1538 1539 1591
1539 1592 1591
1539 1540 1592
1540 1593 1592
1540 1541 1593
1541 1594 1593
1541 1542 1594
1542 1595 1594
1542 1543 1595
1543 1596 1595
1543 1544 1596
1544 1597 1596
1544 1545 1597
1545 1598 1597
1545 1546 1598
1546 1599 1598
1546 1547 1599
1547 1600 1599
1547 1548 1600
1548 1601 1600
1548 1549 1601
1549 1602 1601
1549 1550 1602
1550 1603 1602
1550 1551 1603
1551 1604 1603
1551 1552 1604
1552 1605 1604
1552 1553 1605
1553 1606 1605
1553 1554 1606
1554 1607 1606
1554 1555 1607
1555 1608 1607
1555 1556 1608
1556 1609 1608
1556 1557 1609
1557 1610 1609
1557 1558 1610
1558 1611 1610
1558 1559 1611
1559 1612 1611
1559 1560 1612
1560 1613 1612
1560 1561 1613
1561 1614 1613
1561 1562 1614
1562 1615 1614
1562 1563 1615
1563 1616 1615
1563 1564 1616
1564 1617 1616
1564 1565 1617
1565 1618 1617
1565 1566 1618
1566 1619 1618
1566 1567 1619
1567 1620 1619
1567 1568 1620
1568 1621 1620
1568 1569 1621
1569 1622 1621
1569 1570 1622
1570 1623 1622
1570 1571 1623
1571 1624 1623
1571 1572 1624
1572 1625 1624
1572 1573 1625
1573 1626 1625
1573 1574 1626
1574 1627 1626
1574 1575 1627
1575 1628 1627
1575 1576 1628
1576 1629 1628
1576 1577 1629
1577 1630 1629
1577 1578 1630
1578 1631 1630
1578 1579 1631
1579 1632 1631
1579 1580 1632
1580 1633 1632
1580 1581 1633
1581 1634 1633
1581 1582 1634
1582 1635 1634
1582 1583 1635
1583 1636 1635
1583 1584 1636
1584 1637 1636
1584 1585 1637
1585 1638 1637
1585 1586 1638
1586 1639 1638
1586 1587 1639
1587 1640 1639
1587 1588 1640
1588 1641 1640
1588 1589 1641
1589 1642 1641
1589 1590 1642
1590 1643 1642
1591 1592 1645
1591 1645 1644
1592 1593 1646
1592 1646 1645
1593 1594 1647
1593 1647 1646
1594 1595 1648
1594 1648 1647
1595 1596 1649
1595 1649 1648
1596 1597 1650
1596 1650 1649
1597 1598 1651
1597 1651 1650
1598 1599 1652
1598 1652 1651
1599 1600 1653
1599 1653 1652
1600 1601 1654
1600 1654 1653
1601 1602 1655
1601 1655 1654
1602 1603 1656
1602 1656 1655
1603 1604 1657
1603 1657 1656
1604 1605 1658
1604 1658 1657
1605 1606 1659
1605 1659 1658
1606 1607 1660
1606 1660 1659
1607 1608 1661
1607 1661 1660
1608 1609 1662
1608 1662 1661
1609 1610 1663
1609 1663 1662
1610 1611 1664
1610 1664 1663
1611 1612 1665
1611 1665 1664
1612 1613 1666
1612 1666 1665
1613 1614 1667
1613 1667 1666
1614 1615 1668
1614 1668 1667
1615 1616 1669
1615 1669 1668
1616 1617 1670
1616 1670 1669
1617 1618 1671
1617 1671 1670
1618 1619 1672
1618 1672 1671
1619 1620 1673
1619 1673 1672
1620 1621 1674
1620 1674 1673
1621 1622 1675
1621 1675 1674
1622 1623 1676
1622 1676 1675
1623 1624 1677
1623 1677 1676
1624 1625 1678
1624 1678 1677
1625 1626 1679
1625 1679 1678
1626 1627 1680
1626 1680 1679
1627 1628 1681
1627 1681 1680
1628 1629 1682
1628 1682 1681
1629 1630 1683
1629 1683 1682
1630 1631 1684
1630 1684 1683
1631 1632 1685
1631 1685 1684
1632 1633 1686
1632 1686 1685
1633 1634 1687
1633 1687 1686
1634 1635 1688
1634 1688 1687
1635 1636 1689
1635 1689 1688
1636 1637 1690
1636 1690 1689
1637 1638 1691
1637 1691 1690
1638 1639 1692
1638 1692 1691
1639 1640 1693
1639 1693 1692
1640 1641 1694
1640 1694 1693
1641 1642 1695
1641 1695 1694
1642 1643 1696
1642 1696 1695
1644 1645 1697
1645 1698 1697
1645 1646 1698
1646 1699 1698
1646 1647 1699
1647 1700 1699
1647 1648 1700
1648 1701 1700
1648 1649 1701
1649 1702 1701
1649 1650 1702
1650 1703 1702
1650 1651 1703
1651 1704 1703
1651 1652 1704
1652 1705 1704
1652 1653 1705
1653 1706 1705
1653 1654 1706
1654 1707 1706
1654 1655 1707
1655 1708 1707
1655 1656 1708
1656 1709 1708
1656 1657 1709
1657 1710 1709
1657 1658 1710
1658 1711 1710
1658 1659 1711
1659 1712 1711
1659 1660 1712
1660 1713 1712
1660 1661 1713
1661 1714 1713
1661 1662 1714
1662 1715 1714
1662 1663 1715
1663 1716 1715
1663 1664 1716
1664 1717 1716
1664 1665 1717
1665 1718 1717
1665 1666 1718
1666 1719 1718
1666 1667 1719
1667 1720 1719
1667 1668 1720
1668 1721 1720
1668 1669 1721
1669 1722 1721
1669 1670 1722
1670 1723 1722
1670 1671 1723
1671 1724 1723
1671 1672 1724
1672 1725 1724
1672 1673 1725
1673 1726 1725
1673 1674 1726
1674 1727 1726
1674 1675 1727
1675 1728 1727
1675 1676 1728
1676 1729 1728
1676 1677 1729
1677 1730 1729
1677 1678 1730
1678 1731 1730
1678 1679 1731
1679 1732 1731
1679 1680 1732
1680 1733 1732
1680 1681 1733
1681 1734 1733
1681 1682 1734
1682 1735 1734
1682 1683 1735
1683 1736 1735
1683 1684 1736
1684 1737 1736
1684 1685 1737
1685 1738 1737
1685 1686 1738
1686 1739 1738
1686 1687 1739
1687 1740 1739
1687 1688 1740
1688 1741 1740
1688 1689 1741
1689 1742 1741
1689 1690 1742
1690 1743 1742
1690 1691 1743
1691 1744 1743
1691 1692 1744
1692 1745 1744
1692 1693 1745
1693 1746 1745
1693 1694 1746
1694 1747 1746
1694 1695 1747
1695 1748 1747
1695 1696 1748
1696 1749 1748
1697 1698 1751
1697 1751 1750
1698 1699 1752
1698 1752 1751
1699 1700 1753
1699 1753 1752
1700 1701 1754
1700 1754 1753
1701 1702 1755
1701 1755 1754
1702 1703 1756
1702 1756 1755
1703 1704 1757
1703 1757 1756
1704 1705 1758
1704 1758 1757
1705 1706 1759
1705 1759 1758
1706 1707 1760
1706 1760 1759
1707 1708 1761
1707 1761 1760
1708 1709 1762
1708 1762 1761
1709 1710 1763
1709 1763 1762
1710 1711 1764
1710 1764 1763
1711 1712 1765
1711 1765 1764
1712 1713 1766
1712 1766 1765
1713 1714 1767
1713 1767 1766
1714 1715 1768
1714 1768 1767
1715 1716 1769
1715 1769 1768
1716 1717 1770
1716 1770 1769
1717 1718 1771
1717 1771 1770
1718 1719 1772
1718 1772 1771
1719 1720 1773
1719 1773 1772
1720 1721 1774
1720 1774 1773
1721 1722 1775
1721 1775 1774
1722 1723 1776
1722 1776 1775
1723 1724 1777
1723 1777 1776
1724 1725 1778
1724 1778 1777
1725 1726 1779
1725 1779 1778
1726 1727 1780
1726 1780 1779
1727 1728 1781
1727 1781 1780
1728 1729 1782
1728 1782 1781
1729 1730 1783
1729 1783 1782
1730 1731 1784
1730 1784 1783
1731 1732 1785
1731 1785 1784
1732 1733 1786
1732 1786 1785
1733 1734 1787
1733 1787 1786
1734 1735 1788
1734 1788 1787
1735 1736 1789
1735 1789 1788
1736 1737 1790
1736 1790 1789
1737 1738 1791
1737 1791 1790
1738 1739 1792
1738 1792 1791
1739 1740 1793
1739 1793 1792
1740 1741 1794
1740 1794 1793
1741 1742 1795
1741 1795 1794
1742 1743 1796
1742 1796 1795
1743 1744 1797
1743 1797 1796
1744 1745 1798
1744 1798 1797
1745 1746 1799
1745 1799 1798
1746 1747 1800
1746 1800 1799
1747 1748 1801
1747 1801 1800
1748 1749 1802
1748 1802 1801
1750 1751 1803
1751 1804 1803
1751 1752 1804
1752 1805 1804
1752 1753 1805
1753 1806 1805
1753 1754 1806
1754 1807 1806
1754 1755 1807
1755 1808 1807
1755 1756 1808
1756 1809 1808
1756 1757 1809
1757 1810 1809
1757 1758 1810
1758 1811 1810
1758 1759 1811
1759 1812 1811
1759 1760 1812
1760 1813 1812
1760 1761 1813
1761 1814 1813
1761 1762 1814
1762 1815 1814
1762 1763 1815
1763 1816 1815
1763 1764 1816
1764 1817 1816
1764 1765 1817
1765 1818 1817
1765 1766 1818
1766 1819 1818
1766 1767 1819
1767 1820 1819
1767 1768 1820
1768 1821 1820
1768 1769 1821
1769 1822 1821
1769 1770 1822
1770 1823 1822
1770 1771 1823
1771 1824 1823
1771 1772 1824
1772 1825 1824
1772 1773 1825
1773 1826 1825
1773 1774 1826
1774 1827 1826
1774 1775 1827
1775 1828 1827
1775 1776 1828
1776 1829 1828
1776 1777 1829
1777 1830 1829
1777 1778 1830
1778 1831 1830
1778 1779 1831
1779 1832 1831
1779 1780 1832
1780 1833 1832
1780 1781 1833
1781 1834 1833
1781 1782 1834
1782 1835 1834
1782 1783 1835
1783 1836 1835
1783 1784 1836
1784 1837 1836
1784 1785 1837
1785 1838 1837
1785 1786 1838
1786 1839 1838
1786 1787 1839
1787 1840 1839
1787 1788 1840
1788 1841 1840
1788 1789 1841
1789 1842 1841
1789 1790 1842
1790 1843 1842
1790 1791 1843
1791 1844 1843
1791 1792 1844
1792 1845 1844
1792 1793 1845
1793 1846 1845
1793 1794 1846
1794 1847 1846
1794 1795 1847
1795 1848 1847
1795 1796 1848
1796 1849 1848
1796 1797 1849
1797 1850 1849
1797 1798 1850
1798 1851 1850
1798 1799 1851
1799 1852 1851
1799 1800 1852
1800 1853 1852
1800 1801 1853
1801 1854 1853
1801 1802 1854
1802 1855 1854
1803 1804 1857
1803 1857 1856
1804 1805 1858
1804 1858 1857
1805 1806 1859
1805 1859 1858
1806 1807 1860
1806 1860 1859
1807 1808 1861
1807 1861 1860
1808 1809 1862
1808 1862 1861
1809 1810 1863
1809 1863 1862
1810 1811 1864
1810 1864 1863
1811 1812 1865
1811 1865 1864
1812 1813 1866
1812 1866 1865
1813 1814 1867
1813 1867 1866
1814 1815 1868
1814 1868 1867
1815 1816 1869
1815 1869 1868
1816 1817 1870
1816 1870 1869
1817 1818 1871
1817 1871 1870
1818 1819 1872
1818 1872 1871
1819 1820 1873
1819 1873 1872
1820 1821 1874
1820 1874 1873
1821 1822 1875
1821 1875 1874
1822 1823 1876
1822 1876 1875
1823 1824 1877
1823 1877 1876
1824 1825 1878
1824 1878 1877
1825 1826 1879
1825 1879 1878
1826 1827 1880
1826 1880 1879
1827 1828 1881
1827 1881 1880
1828 1829 1882
1828 1882 1881
1829 1830 1883
1829 1883 1882
1830 1831 1884
1830 1884 1883
1831 1832 1885
1831 1885 1884
1832 1833 1886
1832 1886 1885
1833 1834 1887
1833 1887 1886
1834 1835 1888
1834 1888 1887
1835 1836 1889
1835 1889 1888
1836 1837 1890
1836 1890 1889
1837 1838 1891
1837 1891 1890
1838 1839 1892
1838 1892 1891
1839 1840 1893
1839 1893 1892
1840 1841 1894
1840 1894 1893
1841 1842 1895
1841 1895 1894
1842 1843 1896
1842 1896 1895
1843 1844 1897
1843 1897 1896
1844 1845 1898
1844 1898 1897
1845 1846 1899
1845 1899 1898
1846 1847 1900
1846 1900 1899
1847 1848 1901
1847 1901 1900
1848 1849 1902
1848 1902 1901
1849 1850 1903
1849 1903 1902
1850 1851 1904
1850 1904 1903
1851 1852 1905
1851 1905 1904
1852 1853 1906
1852 1906 1905
1853 1854 1907
1853 1907 1906
1854 1855 1908
1854 1908 1907
1856 1857 1909
1857 1910 1909
1857 1858 1910
1858 1911 1910
1858 1859 1911
1859 1912 1911
1859 1860 1912
1860 1913 1912
1860 1861 1913
1861 1914 1913
1861 1862 1914
1862 1915 1914
1862 1863 1915
1863 1916 1915
1863 1864 1916
1864 1917 1916
1864 1865 1917
1865 1918 1917
1865 1866 1918
1866 1919 1918
1866 1867 1919
1867 1920 1919
1867 1868 1920
1868 1921 1920
1868 1869 1921
1869 1922 1921
1869 1870 1922
1870 1923 1922
1870 1871 1923
1871 1924 1923
1871 1872 1924
1872 1925 1924
1872 1873 1925
1873 1926 1925
1873 1874 1926
1874 1927 1926
1874 1875 1927
1875 1928 1927
1875 1876 1928
1876 1929 1928
1876 1877 1929
1877 1930 1929
1877 1878 1930
1878 1931 1930
1878 1879 1931
1879 1932 1931
1879 1880 1932
1880 1933 1932
1880 1881 1933
1881 1934 1933
1881 1882 1934
1882 1935 1934
1882 1883 1935
1883 1936 1935
1883 1884 1936
1884 1937 1936
1884 1885 1937
1885 1938 1937
1885 1886 1938
1886 1939 1938
1886 1887 1939
1887 1940 1939
1887 1888 1940
1888 1941 1940
1888 1889 1941
1889 1942 1941
1889 1890 1942
1890 1943 1942
1890 1891 1943
1891 1944 1943
1891 1892 1944
1892 1945 1944
1892 1893 1945
1893 1946 1945
1893 1894 1946
1894 1947 1946
1894 1895 1947
1895 1948 1947
1895 1896 1948
1896 1949 1948
1896 1897 1949
1897 1950 1949
1897 1898 1950
1898 1951 1950
1898 1899 1951
1899 1952 1951
1899 1900 1952
1900 1953 1952
1900 1901 1953
1901 1954 1953
1901 1902 1954
1902 1955 1954
1902 1903 1955
1903 1956 1955
1903 1904 1956
1904 1957 1956
1904 1905 1957
1905 1958 1957
1905 1906 1958
1906 1959 1958
1906 1907 1959
1907 1960 1959
1907 1908 1960
1908 1961 1960
1909 1910 1963
1909 1963 1962
1910 1911 1964
1910 1964 1963
1911 1912 1965
1911 1965 1964
1912 1913 1966
1912 1966 1965
1913 1914 1967
1913 1967 1966
1914 1915 1968
1914 1968 1967
1915 1916 1969
1915 1969 1968
1916 1917 1970
1916 1970 1969
1917 1918 1971
1917 1971 1970
1918 1919 1972
1918 1972 1971
1919 1920 1973
1919 1973 1972
1920 1921 1974
1920 1974 1973
1921 1922 1975
1921 1975 1974
1922 1923 1976
1922 1976 1975
1923 1924 1977
1923 1977 1976
1924 1925 1978
1924 1978 1977
1925 1926 1979
1925 1979 1978
1926 1927 1980
1926 1980 1979
1927 1928 1981
1927 1981 1980
1928 1929 1982
1928 1982 1981
1929 1930 1983
1929 1983 1982
1930 1931 1984
1930 1984 1983
1931 1932 1985
1931 1985 1984
1932 1933 1986
1932 1986 1985
1933 1934 1987
1933 1987 1986
1934 1935 1988
1934 1988 1987
1935 1936 1989
1935 1989 1988
1936 1937 1990
1936 1990 1989
1937 1938 1991
1937 1991 1990
1938 1939 1992
1938 1992 1991
1939 1940 1993
1939 1993 1992
1940 1941 1994
1940 1994 1993
1941 1942 1995
1941 1995 1994
1942 1943 1996
1942 1996 1995
1943 1944 1997
1943 1997 1996
1944 1945 1998
1944 1998 1997
1945 1946 1999
1945 1999 1998
1946 1947 2000
1946 2000 1999
1947 1948 2001
1947 2001 2000
1948 1949 2002
1948 2002 2001
1949 1950 2003
1949 2003 2002
1950 1951 2004
1950 2004 2003
1951 1952 2005
1951 2005 2004
1952 1953 2006
1952 2006 2005
1953 1954 2007
1953 2007 2006
1954 1955 2008
1954 2008 2007
1955 1956 2009
1955 2009 2008
1956 1957 2010
1956 2010 2009
1957 1958 2011
1957 2011 2010
1958 1959 2012
1958 2012 2011
1959 1960 2013
1959 2013 2012
1960 1961 2014
1960 2014 2013
1962 1963 2015
1963 2016 2015
1963 1964 2016
1964 2017 2016
1964 1965 2017
1965 2018 2017
1965 1966 2018
1966 2019 2018
1966 1967 2019
1967 2020 2019
1967 1968 2020
1968 2021 2020
1968 1969 2021
1969 2022 2021
1969 1970 2022
1970 2023 2022
1970 1971 2023
1971 2024 2023
1971 1972 2024
1972 2025 2024
1972 1973 2025
1973 2026 2025
1973 1974 2026
1974 2027 2026
1974 1975 2027
1975 2028 2027
1975 1976 2028
1976 2029 2028
1976 1977 2029
1977 2030 2029
1977 1978 2030
1978 2031 2030
1978 1979 2031
1979 2032 2031
1979 1980 2032
1980 2033 2032
1980 1981 2033
1981 2034 2033
1981 1982 2034
1982 2035 2034
1982 1983 2035
1983 2036 2035
1983 1984 2036
1984 2037 2036
1984 1985 2037
1985 2038 2037
1985 1986 2038
1986 2039 2038
1986 1987 2039
1987 2040 2039
1987 1988 2040
1988 2041 2040
1988 1989 2041
1989 2042 2041
1989 1990 2042
1990 2043 2042
1990 1991 2043
1991 2044 2043
1991 1992 2044
1992 2045 2044
1992 1993 2045
1993 2046 2045
1993 1994 2046
1994 2047 2046
1994 1995 2047
1995 2048 2047
1995 1996 2048
1996 2049 2048
1996 1997 2049
1997 2050 2049
1997 1998 2050
1998 2051 2050
1998 1999 2051
1999 2052 2051
1999 2000 2052
2000 2053 2052
2000 2001 2053
2001 2054 2053
2001 2002 2054
2002 2055 2054
2002 2003 2055
2003 2056 2055
2003 2004 2056
2004 2057 2056
2004 2005 2057
2005 2058 2057
2005 2006 2058
2006 2059 2058
2006 2007 2059
2007 2060 2059
2007 2008 2060
2008 2061 2060
2008 2009 2061
2009 2062 2061
2009 2010 2062
2010 2063 2062
2010 2011 2063
2011 2064 2063
2011 2012 2064
2012 2065 2064
2012 2013 2065
2013 2066 2065
2013 2014 2066
2014 2067 2066
2015 2016 2069
2015 2069 2068
2016 2017 2070
2016 2070 2069
2017 2018 2071
2017 2071 2070
2018 2019 2072
2018 2072 2071
2019 2020 2073
2019 2073 2072
2020 2021 2074
2020 2074 2073
2021 2022 2075
2021 2075 2074
2022 2023 2076
2022 2076 2075
2023 2024 2077
2023 2077 2076
2024 2025 2078
2024 2078 2077
2025 2026 2079
2025 2079 2078
2026 2027 2080
2026 2080 2079
2027 2028 2081
2027 2081 2080
2028 2029 2082
2028 2082 2081
2029 2030 2083
2029 2083 2082
2030 2031 2084
2030 2084 2083
2031 2032 2085
2031 2085 2084
2032 2033 2086
2032 2086 2085
2033 2034 2087
2033 2087 2086
2034 2035 2088
2034 2088 2087
2035 2036 2089
2035 2089 2088
2036 2037 2090
2036 2090 2089
2037 2038 2091
2037 2091 2090
2038 2039 2092
2038 2092 2091
2039 2040 2093
2039 2093 2092
2040 2041 2094
2040 2094 2093
2041 2042 2095
2041 2095 2094
2042 2043 2096
2042 2096 2095
2043 2044 2097
2043 2097 2096
2044 2045 2098
2044 2098 2097
2045 2046 2099
2045 2099 2098
2046 2047 2100
2046 2100 2099
2047 2048 2101
2047 2101 2100
2048 2049 2102
2048 2102 2101
2049 2050 2103
2049 2103 2102
2050 2051 2104
2050 2104 2103
2051 2052 2105
2051 2105 2104
2052 2053 2106
2052 2106 2105
2053 2054 2107
2053 2107 2106
2054 2055 2108
2054 2108 2107
2055 2056 2109
2055 2109 2108
2056 2057 2110
2056 2110 2109
2057 2058 2111
2057 2111 2110
2058 2059 2112
2058 2112 2111
2059 2060 2113
2059 2113 2112
2060 2061 2114
2060 2114 2113
2061 2062 2115
2061 2115 2114
2062 2063 2116
2062 2116 2115
2063 2064 2117
2063 2117 2116
2064 2065 2118
2064 2118 2117
2065 2066 2119
2065 2119 2118
2066 2067 2120
2066 2120 2119
2068 2069 2121
2069 2122 2121
2069 2070 2122
2070 2123 2122
2070 2071 2123
2071 2124 2123
2071 2072 2124
2072 2125 2124
2072 2073 2125
2073 2126 2125
2073 2074 2126
2074 2127 2126
2074 2075 2127
2075 2128 2127
2075 2076 2128
2076 2129 2128
2076 2077 2129
2077 2130 2129
2077 2078 2130
2078 2131 2130
2078 2079 2131
2079 2132 2131
2079 2080 2132
2080 2133 2132
2080 2081 2133
2081 2134 2133
2081 2082 2134
2082 2135 2134
2082 2083 2135
2083 2136 2135
2083 2084 2136
2084 2137 2136
2084 2085 2137
2085 2138 2137
2085 2086 2138
2086 2139 2138
2086 2087 2139
2087 2140 2139
2087 2088 2140
2088 2141 2140
2088 2089 2141
2089 2142 2141
2089 2090 2142
2090 2143 2142
2090 2091 2143
2091 2144 2143
2091 2092 2144
2092 2145 2144
2092 2093 2145
2093 2146 2145
2093 2094 2146
2094 2147 2146
2094 2095 2147
2095 2148 2147
2095 2096 2148
2096 2149 2148
2096 2097 2149
2097 2150 2149
2097 2098 2150
2098 2151 2150
2098 2099 2151
2099 2152 2151
2099 2100 2152
2100 2153 2152
2100 2101 2153
2101 2154 2153
2101 2102 2154
2102 2155 2154
2102 2103 2155
2103 2156 2155
2103 2104 2156
2104 2157 2156
2104 2105 2157
2105 2158 2157
2105 2106 2158
2106 2159 2158
2106 2107 2159
2107 2160 2159
2107 2108 2160
2108 2161 2160
2108 2109 2161
2109 2162 2161
2109 2110 2162
2110 2163 2162
2110 2111 2163
2111 2164 2163
2111 2112 2164
2112 2165 2164
2112 2113 2165
2113 2166 2165
2113 2114 2166
2114 2167 2166
2114 2115 2167
2115 2168 2167
2115 2116 2168
2116 2169 2168
2116 2117 2169
2117 2170 2169
2117 2118 2170
2118 2171 2170
2118 2119 2171
2119 2172 2171
2119 2120 2172
2120 2173 2172
2121 2122 2175
2121 2175 2174
2122 2123 2176
2122 2176 2175
2123 2124 2177
2123 2177 2176
2124 2125 2178
2124 2178 2177
2125 2126 2179
2125 2179 2178
2126 2127 2180
2126 2180 2179
2127 2128 2181
2127 2181 2180
2128 2129 2182
2128 2182 2181
2129 2130 2183
2129 2183 2182
2130 2131 2184
2130 2184 2183
2131 2132 2185
2131 2185 2184
2132 2133 2186
2132 2186 2185
2133 2134 2187
2133 2187 2186
2134 2135 2188
2134 2188 2187
2135 2136 2189
2135 2189 2188
2136 2137 2190
2136 2190 2189
2137 2138 2191
2137 2191 2190
2138 2139 2192
2138 2192 2191
2139 2140 2193
2139 2193 2192
2140 2141 2194
2140 2194 2193
2141 2142 2195
2141 2195 2194
2142 2143 2196
2142 2196 2195
2143 2144 2197
2143 2197 2196
2144 2145 2198
2144 2198 2197
2145 2146 2199
2145 2199 2198
2146 2147 2200
2146 2200 2199
2147 2148 2201
2147 2201 2200
2148 2149 2202
2148 2202 2201
2149 2150 2203
2149 2203 2202
2150 2151 2204
2150 2204 2203
2151 2152 2205
2151 2205 2204
2152 2153 2206
2152 2206 2205
2153 2154 2207
2153 2207 2206
2154 2155 2208
2154 2208 2207
2155 2156 2209
2155 2209 2208
2156 2157 2210
2156 2210 2209
2157 2158 2211
2157 2211 2210
2158 2159 2212
2158 2212 2211
2159 2160 2213
2159 2213 2212
2160 2161 2214
2160 2214 2213
2161 2162 2215
2161 2215 2214
2162 2163 2216
2162 2216 2215
2163 2164 2217
2163 2217 2216
2164 2165 2218
2164 2218 2217
2165 2166 2219
2165 2219 2218
2166 2167 2220
2166 2220 2219
2167 2168 2221
2167 2221 2220
2168 2169 2222
2168 2222 2221
2169 2170 2223
2169 2223 2222
2170 2171 2224
2170 2224 2223
2171 2172 2225
2171 2225 2224
2172 2173 2226
2172 2226 2225
2174 2175 2227
2175 2228 2227
2175 2176 2228
2176 2229 2228
2176 2177 2229
2177 2230 2229
2177 2178 2230
2178 2231 2230
2178 2179 2231
2179 2232 2231
2179 2180 2232
2180 2233 2232
2180 2181 2233
2181 2234 2233
2181 2182 2234
2182 2235 2234
2182 2183 2235
2183 2236 2235
2183 2184 2236
2184 2237 2236
2184 2185 2237
2185 2238 2237
2185 2186 2238
2186 2239 2238
2186 2187 2239
2187 2240 2239
2187 2188 2240
2188 2241 2240
2188 2189 2241
2189 2242 2241
2189 2190 2242
2190 2243 2242
2190 2191 2243
2191 2244 2243
2191 2192 2244
2192 2245 2244
2192 2193 2245
2193 2246 2245
2193 2194 2246
2194 2247 2246
2194 2195 2247
2195 2248 2247
2195 2196 2248
2196 2249 2248
2196 2197 2249
2197 2250 2249
2197 2198 2250
2198 2251 2250
2198 2199 2251
2199 2252 2251
2199 2200 2252
2200 2253 2252
2200 2201 2253
2201 2254 2253
2201 2202 2254
2202 2255 2254
2202 2203 2255
2203 2256 2255
2203 2204 2256
2204 2257 2256
2204 2205 2257
2205 2258 2257
2205 2206 2258
2206 2259 2258
2206 2207 2259
2207 2260 2259
2207 2208 2260
2208 2261 2260
2208 2209 2261
2209 2262 2261
2209 2210 2262
2210 2263 2262
2210 2211 2263
2211 2264 2263
2211 2212 2264
2212 2265 2264
2212 2213 2265
2213 2266 2265
2213 2214 2266
2214 2267 2266
2214 2215 2267
2215 2268 2267
2215 2216 2268
2216 2269 2268
2216 2217 2269
2217 2270 2269
2217 2218 2270
2218 2271 2270
2218 2219 2271
2219 2272 2271
2219 2220 2272
2220 2273 2272
2220 2221 2273
2221 2274 2273
2221 2222 2274
2222 2275 2274
2222 2223 2275
2223 2276 2275
2223 2224 2276
2224 2277 2276
2224 2225 2277
2225 2278 2277
2225 2226 2278
2226 2279 2278
2227 2228 2281
2227 2281 2280
2228 2229 2282
2228 2282 2281
2229 2230 2283
2229 2283 2282
2230 2231 2284
2230 2284 2283
2231 2232 2285
2231 2285 2284
2232 2233 2286
2232 2286 2285
2233 2234 2287
2233 2287 2286
2234 2235 2288
2234 2288 2287
2235 2236 2289
2235 2289 2288
2236 2237 2290
2236 2290 2289
2237 2238 2291
2237 2291 2290
2238 2239 2292
2238 2292 2291
2239 2240 2293
2239 2293 2292
2240 2241 2294
2240 2294 2293
2241 2242 2295
2241 2295 2294
2242 2243 2296
2242 2296 2295
2243 2244 2297
2243 2297 2296
2244 2245 2298
2244 2298 2297
2245 2246 2299
2245 2299 2298
2246 2247 2300
2246 2300 2299
2247 2248 2301
2247 2301 2300
2248 2249 2302
2248 2302 2301
2249 2250 2303
2249 2303 2302
2250 2251 2304
2250 2304 2303
2251 2252 2305
2251 2305 2304
2252 2253 2306
2252 2306 2305
2253 2254 2307
2253 2307 2306
2254 2255 2308
2254 2308 2307
2255 2256 2309
2255 2309 2308
2256 2257 2310
2256 2310 2309
2257 2258 2311
2257 2311 2310
2258 2259 2312
2258 2312 2311
2259 2260 2313
2259 2313 2312
2260 2261 2314
2260 2314 2313
2261 2262 2315
2261 2315 2314
2262 2263 2316
2262 2316 2315
2263 2264 2317
2263 2317 2316
2264 2265 2318
2264 2318 2317
2265 2266 2319
2265 2319 2318
2266 2267 2320
2266 2320 2319
2267 2268 2321
2267 2321 2320
2268 2269 2322
2268 2322 2321
2269 2270 2323
2269 2323 2322
2270 2271 2324
2270 2324 2323
2271 2272 2325
2271 2325 2324
2272 2273 2326
2272 2326 2325
2273 2274 2327
2273 2327 2326
2274 2275 2328
2274 2328 2327
2275 2276 2329
2275 2329 2328
2276 2277 2330
2276 2330 2329
2277 2278 2331
2277 2331 2330
2278 2279 2332
2278 2332 2331
2280 2281 2333
2281 2334 2333
2281 2282 2334
2282 2335 2334
2282 2283 2335
2283 2336 2335
2283 2284 2336
2284 2337 2336
2284 2285 2337
2285 2338 2337
2285 2286 2338
2286 2339 2338
2286 2287 2339
2287 2340 2339
2287 2288 2340
2288 2341 2340
2288 2289 2341
2289 2342 2341
2289 2290 2342
2290 2343 2342
2290 2291 2343
2291 2344 2343
2291 2292 2344
2292 2345 2344
2292 2293 2345
2293 2346 2345
2293 2294 2346
2294 2347 2346
2294 2295 2347
2295 2348 2347
2295 2296 2348
2296 2349 2348
2296 2297 2349
2297 2350 2349
2297 2298 2350
2298 2351 2350
2298 2299 2351
2299 2352 2351
2299 2300 2352
2300 2353 2352
2300 2301 2353
2301 2354 2353
2301 2302 2354
2302 2355 2354
2302 2303 2355
2303 2356 2355
2303 2304 2356
2304 2357 2356
2304 2305 2357
2305 2358 2357
2305 2306 2358
2306 2359 2358
2306 2307 2359
2307 2360 2359
2307 2308 2360
2308 2361 2360
2308 2309 2361
2309 2362 2361
2309 2310 2362
2310 2363 2362
2310 2311 2363
2311 2364 2363
2311 2312 2364
2312 2365 2364
2312 2313 2365
2313 2366 2365
2313 2314 2366
2314 2367 2366
2314 2315 2367
2315 2368 2367
2315 2316 2368
2316 2369 2368
2316 2317 2369
2317 2370 2369
2317 2318 2370
2318 2371 2370
2318 2319 2371
2319 2372 2371
2319 2320 2372
2320 2373 2372
2320 2321 2373
2321 2374 2373
2321 2322 2374
2322 2375 2374
2322 2323 2375
2323 2376 2375
2323 2324 2376
2324 2377 2376
2324 2325 2377
2325 2378 2377
2325 2326 2378
2326 2379 2378
2326 2327 2379
2327 2380 2379
2327 2328 2380
2328 2381 2380
2328 2329 2381
2329 2382 2381
2329 2330 2382
2330 2383 2382
2330 2331 2383
2331 2384 2383
2331 2332 2384
2332 2385 2384
2333 2334 2387
2333 2387 2386
2334 2335 2388
2334 2388 2387
2335 2336 2389
2335 2389 2388
2336 2337 2390
2336 2390 2389
2337 2338 2391
2337 2391 2390
2338 2339 2392
2338 2392 2391
2339 2340 2393
2339 2393 2392
2340 2341 2394
2340 2394 2393
2341 2342 2395
2341 2395 2394
2342 2343 2396
2342 2396 2395
2343 2344 2397
2343 2397 2396
2344 2345 2398
2344 2398 2397
2345 2346 2399
2345 2399 2398
2346 2347 2400
2346 2400 2399
2347 2348 2401
2347 2401 2400
2348 2349 2402
2348 2402 2401
2349 2350 2403
2349 2403 2402
2350 2351 2404
2350 2404 2403
2351 2352 2405
2351 2405 2404
2352 2353 2406
2352 2406 2405
2353 2354 2407
2353 2407 2406
2354 2355 2408
2354 2408 2407
2355 2356 2409
2355 2409 2408
2356 2357 2410
2356 2410 2409
2357 2358 2411
2357 2411 2410
2358 2359 2412
2358 2412 2411
2359 2360 2413
2359 2413 2412
2360 2361 2414
2360 2414 2413
2361 2362 2415
2361 2415 2414
2362 2363 2416
2362 2416 2415
2363 2364 2417
2363 2417 2416
2364 2365 2418
2364 2418 2417
2365 2366 2419
2365 2419 2418
2366 2367 2420
2366 2420 2419
2367 2368 2421
2367 2421 2420
2368 2369 2422
2368 2422 2421
2369 2370 2423
2369 2423 2422
2370 2371 2424
2370 2424 2423
2371 2372 2425
2371 2425 2424
2372 2373 2426
2372 2426 2425
2373 2374 2427
2373 2427 2426
2374 2375 2428
2374 2428 2427
2375 2376 2429
2375 2429 2428
2376 2377 2430
2376 2430 2429
2377 2378 2431
2377 2431 2430
2378 2379 2432
2378 2432 2431
2379 2380 2433
2379 2433 2432
2380 2381 2434
2380 2434 2433
2381 2382 2435
2381 2435 2434
2382 2383 2436
2382 2436 2435
2383 2384 2437
2383 2437 2436
2384 2385 2438
2384 2438 2437
2386 2387 2439
2387 2440 2439
2387 2388 2440
2388 2441 2440
2388 2389 2441
2389 2442 2441
2389 2390 2442
2390 2443 2442
2390 2391 2443
2391 2444 2443
2391 2392 2444
2392 2445 2444
2392 2393 2445
2393 2446 2445
2393 2394 2446
2394 2447 2446
2394 2395 2447
2395 2448 2447
2395 2396 2448
2396 2449 2448
2396 2397 2449
2397 2450 2449
2397 2398 2450
2398 2451 2450
2398 2399 2451
2399 2452 2451
2399 2400 2452
2400 2453 2452
2400 2401 2453
2401 2454 2453
2401 2402 2454
2402 2455 2454
2402 2403 2455
2403 2456 2455
2403 2404 2456
2404 2457 2456
2404 2405 2457
2405 2458 2457
2405 2406 2458
2406 2459 2458
2406 2407 2459
2407 2460 2459
2407 2408 2460
2408 2461 2460
2408 2409 2461
2409 2462 2461
2409 2410 2462
2410 2463 2462
2410 2411 2463
2411 2464 2463
2411 2412 2464
2412 2465 2464
2412 2413 2465
2413 2466 2465
2413 2414 2466
2414 2467 2466
2414 2415 2467
2415 2468 2467
2415 2416 2468
2416 2469 2468
2416 2417 2469
2417 2470 2469
2417 2418 2470
2418 2471 2470
2418 2419 2471
2419 2472 2471
2419 2420 2472
2420 2473 2472
2420 2421 2473
2421 2474 2473
2421 2422 2474
2422 2475 2474
2422 2423 2475
2423 2476 2475
2423 2424 2476
2424 2477 2476
2424 2425 2477
2425 2478 2477
2425 2426 2478
2426 2479 2478
2426 2427 2479
2427 2480 2479
2427 2428 2480
2428 2481 2480
2428 2429 2481
2429 2482 2481
2429 2430 2482
2430 2483 2482
2430 2431 2483
2431 2484 2483
2431 2432 2484
2432 2485 2484
2432 2433 2485
2433 2486 2485
2433 2434 2486
2434 2487 2486
2434 2435 2487
2435 2488 2487
2435 2436 2488
2436 2489 2488
2436 2437 2489
2437 2490 2489
2437 2438 2490
2438 2491 2490
2439 2440 2493
2439 2493 2492
2440 2441 2494
2440 2494 2493
2441 2442 2495
2441 2495 2494
2442 2443 2496
2442 2496 2495
2443 2444 2497
2443 2497 2496
2444 2445 2498
2444 2498 2497
2445 2446 2499
2445 2499 2498
2446 2447 2500
2446 2500 2499
2447 2448 2501
2447 2501 2500
2448 2449 2502
2448 2502 2501
2449 2450 2503
2449 2503 2502
2450 2451 2504
2450 2504 2503
2451 2452 2505
2451 2505 2504
2452 2453 2506
2452 2506 2505
2453 2454 2507
2453 2507 2506
2454 2455 2508
2454 2508 2507
2455 2456 2509
2455 2509 2508
2456 2457 2510
2456 2510 2509
2457 2458 2511
2457 2511 2510
2458 2459 2512
2458 2512 2511
2459 2460 2513
2459 2513 2512
2460 2461 2514
2460 2514 2513
2461 2462 2515
2461 2515 2514
2462 2463 2516
2462 2516 2515
2463 2464 2517
2463 2517 2516
2464 2465 2518
2464 2518 2517
2465 2466 2519
2465 2519 2518
2466 2467 2520
2466 2520 2519
2467 2468 2521
2467 2521 2520
2468 2469 2522
2468 2522 2521
2469 2470 2523
2469 2523 2522
2470 2471 2524
2470 2524 2523
2471 2472 2525
2471 2525 2524
2472 2473 2526
2472 2526 2525
2473 2474 2527
2473 2527 2526
2474 2475 2528
2474 2528 2527
2475 2476 2529
2475 2529 2528
2476 2477 2530
2476 2530 2529
2477 2478 2531
2477 2531 2530
2478 2479 2532
2478 2532 2531
2479 2480 2533
2479 2533 2532
2480 2481 2534
2480 2534 2533
2481 2482 2535
2481 2535 2534
2482 2483 2536
2482 2536 2535
2483 2484 2537
2483 2537 2536
2484 2485 2538
2484 2538 2537
2485 2486 2539
2485 2539 2538
2486 2487 2540
2486 2540 2539
2487 2488 2541
2487 2541 2540
2488 2489 2542
2488 2542 2541
2489 2490 2543
2489 2543 2542
2490 2491 2544
2490 2544 2543
2492 2493 2545
2493 2546 2545
2493 2494 2546
2494 2547 2546
2494 2495 2547
2495 2548 2547
2495 2496 2548
2496 2549 2548
2496 2497 2549
2497 2550 2549
2497 2498 2550
2498 2551 2550
2498 2499 2551
2499 2552 2551
2499 2500 2552
2500 2553 2552
2500 2501 2553
2501 2554 2553
2501 2502 2554
2502 2555 2554
2502 2503 2555
2503 2556 2555
2503 2504 2556
2504 2557 2556
2504 2505 2557
2505 2558 2557
2505 2506 2558
2506 2559 2558
2506 2507 2559
2507 2560 2559
2507 2508 2560
2508 2561 2560
2508 2509 2561
2509 2562 2561
2509 2510 2562
2510 2563 2562
2510 2511 2563
2511 2564 2563
2511 2512 2564
2512 2565 2564
2512 2513 2565
2513 2566 2565
2513 2514 2566
2514 2567 2566
2514 2515 2567
2515 2568 2567
2515 2516 2568
2516 2569 2568
2516 2517 2569
2517 2570 2569
2517 2518 2570
2518 2571 2570
2518 2519 2571
2519 2572 2571
2519 2520 2572
2520 2573 2572
2520 2521 2573
2521 2574 2573
2521 2522 2574
2522 2575 2574
2522 2523 2575
2523 2576 2575
2523 2524 2576
2524 2577 2576
2524 2525 2577
2525 2578 2577
2525 2526 2578
2526 2579 2578
2526 2527 2579
2527 2580 2579
2527 2528 2580
2528 2581 2580
2528 2529 2581
2529 2582 2581
2529 2530 2582
2530 2583 2582
2530 2531 2583
2531 2584 2583
2531 2532 2584
2532 2585 2584
2532 2533 2585
2533 2586 2585
2533 2534 2586
2534 2587 2586
2534 2535 2587
2535 2588 2587
2535 2536 2588
2536 2589 2588
2536 2537 2589
2537 2590 2589
2537 2538 2590
2538 2591 2590
2538 2539 2591
2539 2592 2591
2539 2540 2592
2540 2593 2592
2540 2541 2593
2541 2594 2593
2541 2542 2594
2542 2595 2594
2542 2543 2595
2543 2596 2595
2543 2544 2596
2544 2597 2596
2545 2546 2599
2545 2599 2598
2546 2547 2600
2546 2600 2599
2547 2548 2601
2547 2601 2600
2548 2549 2602
2548 2602 2601
2549 2550 2603
2549 2603 2602
2550 2551 2604
2550 2604 2603
2551 2552 2605
2551 2605 2604
2552 2553 2606
2552 2606 2605
2553 2554 2607
2553 2607 2606
2554 2555 2608
2554 2608 2607
2555 2556 2609
2555 2609 2608
2556 2557 2610
2556 2610 2609
2557 2558 2611
2557 2611 2610
2558 2559 2612
2558 2612 2611
2559 2560 2613
2559 2613 2612
2560 2561 2614
2560 2614 2613
2561 2562 2615
2561 2615 2614
2562 2563 2616
2562 2616 2615
2563 2564 2617
2563 2617 2616
2564 2565 2618
2564 2618 2617
2565 2566 2619
2565 2619 2618
2566 2567 2620
2566 2620 2619
2567 2568 2621
2567 2621 2620
2568 2569 2622
2568 2622 2621
2569 2570 2623
2569 2623 2622
2570 2571 2624
2570 2624 2623
2571 2572 2625
2571 2625 2624
2572 2573 2626
2572 2626 2625
2573 2574 2627
2573 2627 2626
2574 2575 2628
2574 2628 2627
2575 2576 2629
2575 2629 2628
2576 2577 2630
2576 2630 2629
2577 2578 2631
2577 2631 2630
2578 2579 2632
2578 2632 2631
2579 2580 2633
2579 2633 2632
2580 2581 2634
2580 2634 2633
2581 2582 2635
2581 2635 2634
2582 2583 2636
2582 2636 2635
2583 2584 2637
2583 2637 2636
2584 2585 2638
2584 2638 2637
2585 2586 2639
2585 2639 2638
2586 2587 2640
2586 2640 2639
2587 2588 2641
2587 2641 2640
2588 2589 2642
2588 2642 2641
2589 2590 2643
2589 2643 2642
2590 2591 2644
2590 2644 2643
2591 2592 2645
2591 2645 2644
2592 2593 2646
2592 2646 2645
2593 2594 2647
2593 2647 2646
2594 2595 2648
2594 2648 2647
2595 2596 2649
2595 2649 2648
2596 2597 2650
2596 2650 2649
2598 2599 2651
2599 2652 2651
2599 2600 2652
2600 2653 2652
2600 2601 2653
2601 2654 2653
2601 2602 2654
2602 2655 2654
2602 2603 2655
2603 2656 2655
2603 2604 2656
2604 2657 2656
2604 2605 2657
2605 2658 2657
2605 2606 2658
2606 2659 2658
2606 2607 2659
2607 2660 2659
2607 2608 2660
2608 2661 2660
2608 2609 2661
2609 2662 2661
2609 2610 2662
2610 2663 2662
2610 2611 2663
2611 2664 2663
2611 2612 2664
2612 2665 2664
2612 2613 2665
2613 2666 2665
2613 2614 2666
2614 2667 2666
2614 2615 2667
2615 2668 2667
2615 2616 2668
2616 2669 2668
2616 2617 2669
2617 2670 2669
2617 2618 2670
2618 2671 2670
2618 2619 2671
2619 2672 2671
2619 2620 2672
2620 2673 2672
2620 2621 2673
2621 2674 2673
2621 2622 2674
2622 2675 2674
2622 2623 2675
2623 2676 2675
2623 2624 2676
2624 2677 2676
2624 2625 2677
2625 2678 2677
2625 2626 2678
2626 2679 2678
2626 2627 2679
2627 2680 2679
2627 2628 2680
2628 2681 2680
2628 2629 2681
2629 2682 2681
2629 2630 2682
2630 2683 2682
2630 2631 2683
2631 2684 2683
2631 2632 2684
2632 2685 2684
2632 2633 2685
2633 2686 2685
2633 2634 2686
2634 2687 2686
2634 2635 2687
2635 2688 2687
2635 2636 2688
2636 2689 2688
2636 2637 2689
2637 2690 2689
2637 2638 2690
2638 2691 2690
2638 2639 2691
2639 2692 2691
2639 2640 2692
2640 2693 2692
2640 2641 2693
2641 2694 2693
2641 2642 2694
2642 2695 2694
2642 2643 2695
2643 2696 2695
2643 2644 2696
2644 2697 2696
2644 2645 2697
2645 2698 2697
2645 2646 2698
2646 2699 2698
2646 2647 2699
2647 2700 2699
2647 2648 2700
2648 2701 2700
2648 2649 2701
2649 2702 2701
2649 2650 2702
2650 2703 2702
2651 2652 2705
2651 2705 2704
2652 2653 2706
2652 2706 2705
2653 2654 2707
2653 2707 2706
2654 2655 2708
2654 2708 2707
2655 2656 2709
2655 2709 2708
2656 2657 2710
2656 2710 2709
2657 2658 2711
2657 2711 2710
2658 2659 2712
2658 2712 2711
2659 2660 2713
2659 2713 2712
2660 2661 2714
2660 2714 2713
2661 2662 2715
2661 2715 2714
2662 2663 2716
2662 2716 2715
2663 2664 2717
2663 2717 2716
2664 2665 2718
2664 2718 2717
2665 2666 2719
2665 2719 2718
2666 2667 2720
2666 2720 2719
2667 2668 2721
2667 2721 2720
2668 2669 2722
2668 2722 2721
2669 2670 2723
2669 2723 2722
2670 2671 2724
2670 2724 2723
2671 2672 2725
2671 2725 2724
2672 2673 2726
2672 2726 2725
2673 2674 2727
2673 2727 2726
2674 2675 2728
2674 2728 2727
2675 2676 2729
2675 2729 2728
2676 2677 2730
2676 2730 2729
2677 2678 2731
2677 2731 2730
2678 2679 2732
2678 2732 2731
2679 2680 2733
2679 2733 2732
2680 2681 2734
2680 2734 2733
2681 2682 2735
2681 2735 2734
2682 2683 2736
2682 2736 2735
2683 2684 2737
2683 2737 2736
2684 2685 2738
2684 2738 2737
2685 2686 2739
2685 2739 2738
2686 2687 2740
2686 2740 2739
2687 2688 2741
2687 2741 2740
2688 2689 2742
2688 2742 2741
2689 2690 2743
2689 2743 2742
2690 2691 2744
2690 2744 2743
2691 2692 2745
2691 2745 2744
2692 2693 2746
2692 2746 2745
2693 2694 2747
2693 2747 2746
2694 2695 2748
2694 2748 2747
2695 2696 2749
2695 2749 2748
2696 2697 2750
2696 2750 2749
2697 2698 2751
2697 2751 2750
2698 2699 2752
2698 2752 2751
2699 2700 2753
2699 2753 2752
2700 2701 2754
2700 2754 2753
2701 2702 2755
2701 2755 2754
2702 2703 2756
2702 2756 2755
2704 2705 2757
2705 2758 2757
2705 2706 2758
2706 2759 2758
2706 2707 2759
2707 2760 2759
2707 2708 2760
2708 2761 2760
2708 2709 2761
2709 2762 2761
2709 2710 2762
2710 2763 2762
2710 2711 2763
2711 2764 2763
2711 2712 2764
2712 2765 2764
2712 2713 2765
2713 2766 2765
2713 2714 2766
2714 2767 2766
2714 2715 2767
2715 2768 2767
2715 2716 2768
2716 2769 2768
2716 2717 2769
2717 2770 2769
2717 2718 2770
2718 2771 2770
2718 2719 2771
2719 2772 2771
2719 2720 2772
2720 2773 2772
2720 2721 2773
2721 2774 2773
2721 2722 2774
2722 2775 2774
2722 2723 2775
2723 2776 2775
2723 2724 2776
2724 2777 2776
2724 2725 2777
2725 2778 2777
2725 2726 2778
2726 2779 2778
2726 2727 2779
2727 2780 2779
2727 2728 2780
2728 2781 2780
2728 2729 2781
2729 2782 2781
2729 2730 2782
2730 2783 2782
2730 2731 2783
2731 2784 2783
2731 2732 2784
2732 2785 2784
2732 2733 2785
2733 2786 2785
2733 2734 2786
2734 2787 2786
2734 2735 2787
2735 2788 2787
2735 2736 2788
2736 2789 2788
2736 2737 2789
2737 2790 2789
2737 2738 2790
2738 2791 2790
2738 2739 2791
2739 2792 2791
2739 2740 2792
2740 2793 2792
2740 2741 2793
2741 2794 2793
2741 2742 2794
2742 2795 2794
2742 2743 2795
2743 2796 2795
2743 2744 2796
2744 2797 2796
2744 2745 2797
2745 2798 2797
2745 2746 2798
2746 2799 2798
2746 2747 2799
2747 2800 2799
2747 2748 2800
2748 2801 2800
2748 2749 2801
2749 2802 2801
2749 2750 2802
2750 2803 2802
2750 2751 2803
2751 2804 2803
2751 2752 2804
2752 2805 2804
2752 2753 2805
2753 2806 2805
2753 2754 2806
2754 2807 2806
2754 2755 2807
2755 2808 2807
2755 2756 2808
2756 2809 2808
