1378
27 730 54
54 730 81
81 731 108
108 731 135
135 732 162
162 732 189
189 733 216
216 733 243
243 734 270
270 734 297
297 735 324
324 735 351
351 736 378
378 736 405
405 737 432
432 737 459
459 738 486
486 738 513
513 739 540
540 739 567
567 740 594
594 740 621
621 741 648
648 741 675
675 742 702
702 742 729
1 2 29
1 29 28
2 3 30
2 30 29
3 4 31
3 31 30
4 5 32
4 32 31
5 6 33
5 33 32
6 7 34
6 34 33
7 8 35
7 35 34
8 9 36
8 36 35
9 10 37
9 37 36
10 11 38
10 38 37
11 12 39
11 39 38
12 13 40
12 40 39
13 14 41
13 41 40
14 15 42
14 42 41
15 16 43
15 43 42
16 17 44
16 44 43
17 18 45
17 45 44
18 19 46
18 46 45
19 20 47
19 47 46
20 21 48
20 48 47
21 22 49
21 49 48
22 23 50
22 50 49
23 24 51
23 51 50
24 25 52
24 52 51
25 26 53
25 53 52
26 27 54
26 54 53
28 29 55
29 56 55
29 30 56
30 57 56
30 31 57
31 58 57
31 32 58
32 59 58
32 33 59
33 60 59
33 34 60
34 61 60
34 35 61
35 62 61
35 36 62
36 63 62
36 37 63
37 64 63
37 38 64
38 65 64
38 39 65
39 66 65
39 40 66
40 67 66
40 41 67
41 68 67
41 42 68
42 69 68
42 43 69
43 70 69
43 44 70
44 71 70
44 45 71
45 72 71
45 46 72
46 73 72
46 47 73
47 74 73
47 48 74
48 75 74
48 49 75
49 76 75
49 50 76
50 77 76
50 51 77
51 78 77
51 52 78
52 79 78
52 53 79
53 80 79
53 54 80
54 81 80
55 56 83
55 83 82
56 57 84
56 84 83
57 58 85
57 85 84
58 59 86
58 86 85
59 60 87
59 87 86
60 61 88
60 88 87
61 62 89
61 89 88
62 63 90
62 90 89
63 64 91
63 91 90
64 65 92
64 92 91
65 66 93
65 93 92
66 67 94
66 94 93
67 68 95
67 95 94
68 69 96
68 96 95
69 70 97
69 97 96
70 71 98
70 98 97
71 72 99
71 99 98
72 73 100
72 100 99
73 74 101
73 101 100
74 75 102
74 102 101
75 76 103
75 103 102
76 77 104
76 104 103
77 78 105
77 105 104
78 79 106
78 106 105
79 80 107
79 107 106
80 81 108
80 108 107
82 83 109
83 110 109
83 84 110
84 111 110
84 85 111
85 112 111
85 86 112
86 113 112
86 87 113
87 114 113
87 88 114
88 115 114
88 89 115
89 116 115
89 90 116
90 117 116
90 91 117
91 118 117
91 92 118
92 119 118
92 93 119
93 120 119
93 94 120
94 121 120
94 95 121
95 122 121
95 96 122
96 123 122
96 97 123
97 124 123
97 98 124
98 125 124
98 99 125
99 126 125
99 100 126
100 127 126
100 101 127
101 128 127
101 102 128
102 129 128
102 103 129
103 130 129
103 104 130
104 131 130
104 105 131
105 132 131
105 106 132
106 133 132
106 107 133
107 134 133
107 108 134
108 135 134
109 110 137
109 137 136
110 111 138
110 138 137
111 112 139
111 139 138
112 113 140
112 140 139
113 114 141
113 141 140
114 115 142
114 142 141
115 116 143
115 143 142
116 117 144
116 144 143
117 118 145
117 145 144
118 119 146
118 146 145
119 120 147
119 147 146
120 121 148
120 148 147
121 122 149
121 149 148
122 123 150
122 150 149
123 124 151
123 151 150
124 125 152
124 152 151
125 126 153
125 153 152
126 127 154
126 154 153
127 128 155
127 155 154
128 129 156
128 156 155
129 130 157
129 157 156
130 131 158
130 158 157
131 132 159
131 159 158
132 133 160
132 160 159
133 134 161
133 161 160
134 135 162
134 162 161
136 137 163
137 164 163
137 138 164
138 165 164
138 139 165
139 166 165
139 140 166
140 167 166
140 141 167
141 168 167
141 142 168
142 169 168
142 143 169
143 170 169
143 144 170
144 171 170
144 145 171
145 172 171
145 146 172
146 173 172
146 147 173
147 174 173
147 148 174
148 175 174
148 149 175
149 176 175
149 150 176
150 177 176
150 151 177
151 178 177
151 152 178
152 179 178
152 153 179
153 180 179
153 154 180
154 181 180
154 155 181
155 182 181
155 156 182
156 183 182
156 157 183
157 184 183
157 158 184
158 185 184
158 159 185
159 186 185
159 160 186
160 187 186
160 161 187
161 188 187
161 162 188
162 189 188
163 164 191
163 191 190
164 165 192
164 192 191
165 166 193
165 193 192
166 167 194
166 194 193
167 168 195
167 195 194
168 169 196
168 196 195
169 170 197
169 197 196
170 171 198
170 198 197
171 172 199
171 199 198
172 173 200
172 200 199
173 174 201
173 201 200
174 175 202
174 202 201
175 176 203
175 203 202
176 177 204
176 204 203
177 178 205
177 205 204
178 179 206
178 206 205
179 180 207
179 207 206
180 181 208
180 208 207
181 182 209
181 209 208
182 183 210
182 210 209
183 184 211
183 211 210
184 185 212
184 212 211
185 186 213
185 213 212
186 187 214
186 214 213
187 188 215
187 215 214
188 189 216
188 216 215
190 191 217
191 218 217
191 192 218
192 219 218
192 193 219
193 220 219
193 194 220
194 221 220
194 195 221
195 222 221
195 196 222
196 223 222
196 197 223
197 224 223
197 198 224
198 225 224
198 199 225
199 226 225
199 200 226
200 227 226
200 201 227
201 228 227
201 202 228
202 229 228
202 203 229
203 230 229
203 204 230
204 231 230
204 205 231
205 232 231
205 206 232
206 233 232
206 207 233
207 234 233
207 208 234
208 235 234
208 209 235
209 236 235
209 210 236
210 237 236
210 211 237
211 238 237
211 212 238
212 239 238
212 213 239
213 240 239
213 214 240
214 241 240
214 215 241
215 242 241
215 216 242
216 243 242
217 218 245
217 245 244
218 219 246
218 246 245
219 220 247
219 247 246
220 221 248
220 248 247
221 222 249
221 249 248
222 223 250
222 250 249
223 224 251
223 251 250
224 225 252
224 252 251
225 226 253
225 253 252
226 227 254
226 254 253
227 228 255
227 255 254
228 229 256
228 256 255
229 230 257
229 257 256
230 231 258
230 258 257
231 232 259
231 259 258
232 233 260
232 260 259
233 234 261
233 261 260
234 235 262
234 262 261
235 236 263
235 263 262
236 237 264
236 264 263
237 238 265
237 265 264
238 239 266
238 266 265
239 240 267
239 267 266
240 241 268
240 268 267
241 242 269
241 269 268
242 243 270
242 270 269
244 245 271
245 272 271
245 246 272
246 273 272
246 247 273
247 274 273
247 248 274
248 275 274
248 249 275
249 276 275
249 250 276
250 277 276
250 251 277
251 278 277
251 252 278
252 279 278
252 253 279
253 280 279
253 254 280
254 281 280
254 255 281
255 282 281
255 256 282
256 283 282
256 257 283
257 284 283
257 258 284
258 285 284
258 259 285
259 286 285
259 260 286
260 287 286
260 261 287
261 288 287
261 262 288
262 289 288
262 263 289
263 290 289
263 264 290
264 291 290
264 265 291
265 292 291
265 266 292
266 293 292
266 267 293
267 294 293
267 268 294
268 295 294
268 269 295
269 296 295
269 270 296
270 297 296
271 272 299
271 299 298
272 273 300
272 300 299
273 274 301
273 301 300
274 275 302
274 302 301
275 276 303
275 303 302
276 277 304
276 304 303
277 278 305
277 305 304
278 279 306
278 306 305
279 280 307
279 307 306
280 281 308
280 308 307
281 282 309
281 309 308
282 283 310
282 310 309
283 284 311
283 311 310
284 285 312
284 312 311
285 286 313
285 313 312
286 287 314
286 314 313
287 288 315
287 315 314
288 289 316
288 316 315
289 290 317
289 317 316
290 291 318
290 318 317
291 292 319
291 319 318
292 293 320
292 320 319
293 294 321
293 321 320
294 295 322
294 322 321
295 296 323
295 323 322
296 297 324
296 324 323
298 299 325
299 326 325
299 300 326
300 327 326
300 301 327
301 328 327
301 302 328
302 329 328
302 303 329
303 330 329
303 304 330
304 331 330
304 305 331
305 332 331
305 306 332
306 333 332
306 307 333
307 334 333
307 308 334
308 335 334
308 309 335
309 336 335
309 310 336
310 337 336
310 311 337
311 338 337
311 312 338
312 339 338
312 313 339
313 340 339
313 314 340
314 341 340
314 315 341
315 342 341
315 316 342
316 343 342
316 317 343
317 344 343
317 318 344
318 345 344
318 319 345
319 346 345
319 320 346
320 347 346
320 321 347
321 348 347
321 322 348
322 349 348
322 323 349
323 350 349
323 324 350
324 351 350
325 326 353
325 353 352
326 327 354
326 354 353
327 328 355
327 355 354
328 329 356
328 356 355
329 330 357
329 357 356
330 331 358
330 358 357
331 332 359
331 359 358
332 333 360
332 360 359
333 334 361
333 361 360
334 335 362
334 362 361
335 336 363
335 363 362
336 337 364
336 364 363
337 338 365
337 365 364
338 339 366
338 366 365
339 340 367
339 367 366
340 341 368
340 368 367
341 342 369
341 369 368
342 343 370
342 370 369
343 344 371
343 371 370
344 345 372
344 372 371
345 346 373
345 373 372
346 347 374
346 374 373
347 348 375
347 375 374
348 349 376
348 376 375
349 350 377
349 377 376
350 351 378
350 378 377
352 353 379
353 380 379
353 354 380
354 381 380
354 355 381
355 382 381
355 356 382
356 383 382
356 357 383
357 384 383
357 358 384
358 385 384
358 359 385
359 386 385
359 360 386
360 387 386
360 361 387
361 388 387
361 362 388
362 389 388
362 363 389
363 390 389
363 364 390
364 391 390
364 365 391
365 392 391
365 366 392
366 393 392
366 367 393
367 394 393
367 368 394
368 395 394
368 369 395
369 396 395
369 370 396
370 397 396
370 371 397
371 398 397
371 372 398
372 399 398
372 373 399
373 400 399
373 374 400
374 401 400
374 375 401
375 402 401
375 376 402
376 403 402
376 377 403
377 404 403
377 378 404
378 405 404
379 380 407
379 407 406
380 381 408
380 408 407
381 382 409
381 409 408
382 383 410
382 410 409
383 384 411
383 411 410
384 385 412
384 412 411
385 386 413
385 413 412
386 387 414
386 414 413
387 388 415
387 415 414
388 389 416
388 416 415
389 390 417
389 417 416
390 391 418
390 418 417
391 392 419
391 419 418
392 393 420
392 420 419
393 394 421
393 421 420
394 395 422
394 422 421
395 396 423
395 423 422
396 397 424
396 424 423
397 398 425
397 425 424
398 399 426
398 426 425
399 400 427
399 427 426
400 401 428
400 428 427
401 402 429
401 429 428
402 403 430
402 430 429
403 404 431
403 431 430
404 405 432
404 432 431
406 407 433
407 434 433
407 408 434
408 435 434
408 409 435
409 436 435
409 410 436
410 437 436
410 411 437
411 438 437
411 412 438
412 439 438
412 413 439
413 440 439
413 414 440
414 441 440
414 415 441
415 442 441
415 416 442
416 443 442
416 417 443
417 444 443
417 418 444
418 445 444
418 419 445
419 446 445
419 420 446
420 447 446
420 421 447
421 448 447
421 422 448
422 449 448
422 423 449
423 450 449
423 424 450
424 451 450
424 425 451
425 452 451
425 426 452
426 453 452
426 427 453
427 454 453
427 428 454
428 455 454
428 429 455
429 456 455
429 430 456
430 457 456
430 431 457
431 458 457
431 432 458
432 459 458
433 434 461
433 461 460
434 435 462
434 462 461
435 436 463
435 463 462
436 437 464
436 464 463
437 438 465
437 465 464
438 439 466
438 466 465
439 440 467
439 467 466
440 441 468
440 468 467
441 442 469
441 469 468
442 443 470
442 470 469
443 444 471
443 471 470
444 445 472
444 472 471
445 446 473
445 473 472
446 447 474
446 474 473
447 448 475
447 475 474
448 449 476
448 476 475
449 450 477
449 477 476
450 451 478
450 478 477
451 452 479
451 479 478
452 453 480
452 480 479
453 454 481
453 481 480
454 455 482
454 482 481
455 456 483
455 483 482
456 457 484
456 484 483
457 458 485
457 485 484
458 459 486
458 486 485
460 461 487
461 488 487
461 462 488
462 489 488
462 463 489
463 490 489
463 464 490
464 491 490
464 465 491
465 492 491
465 466 492
466 493 492
466 467 493
467 494 493
467 468 494
468 495 494
468 469 495
469 496 495
469 470 496
470 497 496
470 471 497
471 498 497
471 472 498
472 499 498
472 473 499
473 500 499
473 474 500
474 501 500
474 475 501
475 502 501
475 476 502
476 503 502
476 477 503
477 504 503
477 478 504
478 505 504
478 479 505
479 506 505
479 480 506
480 507 506
480 481 507
481 508 507
481 482 508
482 509 508
482 483 509
483 510 509
483 484 510
484 511 510
484 485 511
485 512 511
485 486 512
486 513 512
487 488 515
487 515 514
488 489 516
488 516 515
489 490 517
489 517 516
490 491 518
490 518 517
491 492 519
491 519 518
492 493 520
492 520 519
493 494 521
493 521 520
494 495 522
494 522 521
495 496 523
495 523 522
496 497 524
496 524 523
497 498 525
497 525 524
498 499 526
498 526 525
499 500 527
499 527 526
500 501 528
500 528 527
501 502 529
501 529 528
502 503 530
502 530 529
503 504 531
503 531 530
504 505 532
504 532 531
505 506 533
505 533 532
506 507 534
506 534 533
507 508 535
507 535 534
508 509 536
508 536 535
509 510 537
509 537 536
510 511 538
510 538 537
511 512 539
511 539 538
512 513 540
512 540 539
514 515 541
515 542 541
515 516 542
516 543 542
516 517 543
517 544 543
517 518 544
518 545 544
518 519 545
519 546 545
519 520 546
520 547 546
520 521 547
521 548 547
521 522 548
522 549 548
522 523 549
523 550 549
523 524 550
524 551 550
524 525 551
525 552 551
525 526 552
526 553 552
526 527 553
527 554 553
527 528 554
528 555 554
528 529 555
529 556 555
529 530 556
530 557 556
530 531 557
531 558 557
531 532 558
532 559 558
532 533 559
533 560 559
533 534 560
534 561 560
534 535 561
535 562 561
535 536 562
536 563 562
536 537 563
537 564 563
537 538 564
538 565 564
538 539 565
539 566 565
539 540 566
540 567 566
541 542 569
541 569 568
542 543 570
542 570 569
543 544 571
543 571 570
544 545 572
544 572 571
545 546 573
545 573 572
546 547 574
546 574 573
547 548 575
547 575 574
548 549 576
548 576 575
549 550 577
549 577 576
550 551 578
550 578 577
551 552 579
551 579 578
552 553 580
552 580 579
553 554 581
553 581 580
554 555 582
554 582 581
555 556 583
555 583 582
556 557 584
556 584 583
557 558 585
557 585 584
558 559 586
558 586 585
559 560 587
559 587 586
560 561 588
560 588 587
561 562 589
561 589 588
562 563 590
562 590 589
563 564 591
563 591 590
564 565 592
564 592 591
565 566 593
565 593 592
566 567 594
566 594 593
568 569 595
569 596 595
569 570 596
570 597 596
570 571 597
571 598 597
571 572 598
572 599 598
572 573 599
573 600 599
573 574 600
574 601 600
574 575 601
575 602 601
575 576 602
576 603 602
576 577 603
577 604 603
577 578 604
578 605 604
578 579 605
579 606 605
579 580 606
580 607 606
580 581 607
581 608 607
581 582 608
582 609 608
582 583 609
583 610 609
583 584 610
584 611 610
584 585 611
585 612 611
585 586 612
586 613 612
586 587 613
587 614 613
587 588 614
588 615 614
588 589 615
589 616 615
589 590 616
590 617 616
590 591 617
591 618 617
591 592 618
592 619 618
592 593 619
593 620 619
593 594 620
594 621 620
595 596 623
595 623 622
596 597 624
596 624 623
597 598 625
597 625 624
598 599 626
598 626 625
599 600 627
599 627 626
600 601 628
600 628 627
601 602 629
601 629 628
602 603 630
602 630 629
603 604 631
603 631 630
604 605 632
604 632 631
605 606 633
605 633 632
606 607 634
606 634 633
607 608 635
607 635 634
608 609 636
608 636 635
609 610 637
609 637 636
610 611 638
610 638 637
611 612 639
611 639 638
612 613 640
612 640 639
613 614 641
613 641 640
614 615 642
614 642 641
615 616 643
615 643 642
616 617 644
616 644 643
617 618 645
617 645 644
618 619 646
618 646 645
619 620 647
619 647 646
620 621 648
620 648 647
622 623 649
623 650 649
623 624 650
624 651 650
624 625 651
625 652 651
625 626 652
626 653 652
626 627 653
627 654 653
627 628 654
628 655 654
628 629 655
629 656 655
629 630 656
630 657 656
630 631 657
631 658 657
631 632 658
632 659 658
632 633 659
633 660 659
633 634 660
634 661 660
634 635 661
635 662 661
635 636 662
636 663 662
636 637 663
637 664 663
637 638 664
638 665 664
638 639 665
639 666 665
639 640 666
640 667 666
640 641 667
641 668 667
641 642 668
642 669 668
642 643 669
643 670 669
643 644 670
644 671 670
644 645 671
645 672 671
645 646 672
646 673 672
646 647 673
647 674 673
647 648 674
648 675 674
649 650 677
649 677 676
650 651 678
650 678 677
651 652 679
651 679 678
652 653 680
652 680 679
653 654 681
653 681 680
654 655 682
654 682 681
655 656 683
655 683 682
656 657 684
656 684 683
657 658 685
657 685 684
658 659 686
658 686 685
659 660 687
659 687 686
660 661 688
660 688 687
661 662 689
661 689 688
662 663 690
662 690 689
663 664 691
663 691 690
664 665 692
664 692 691
665 666 693
665 693 692
666 667 694
666 694 693
667 668 695
667 695 694
668 669 696
668 696 695
669 670 697
669 697 696
670 671 698
670 698 697
671 672 699
671 699 698
672 673 700
672 700 699
673 674 701
673 701 700
674 675 702
674 702 701
676 677 703
677 704 703
677 678 704
678 705 704
678 679 705
679 706 705
679 680 706
680 707 706
680 681 707
681 708 707
681 682 708
682 709 708
682 683 709
683 710 709
683 684 710
684 711 710
684 685 711
685 712 711
685 686 712
686 713 712
686 687 713
687 714 713
687 688 714
688 715 714
688 689 715
689 716 715
689 690 716
690 717 716
690 691 717
691 718 717
691 692 718
692 719 718
692 693 719
693 720 719
693 694 720
694 721 720
694 695 721
695 722 721
695 696 722
696 723 722
696 697 723
697 724 723
697 698 724
698 725 724
698 699 725
699 726 725
699 700 726
700 727 726
700 701 727
701 728 727
701 702 728
702 729 728
