5520
1 2 3 
1 3 4 
1 4 5 
1 5 6 
1 6 7 
1 7 8 
1 8 9 
1 9 10 
1 10 11 
1 11 12 
1 12 13 
1 13 14 
1 14 15 
1 15 16 
1 16 17 
1 17 18 
1 18 19 
1 19 20 
1 20 21 
1 21 22 
1 22 23 
1 23 24 
1 24 25 
1 25 26 
1 26 27 
1 27 28 
1 28 29 
1 29 30 
1 30 31 
1 31 32 
1 32 33 
1 33 34 
1 34 35 
1 35 36 
1 36 37 
1 37 38 
1 38 39 
1 39 40 
1 40 41 
1 41 2 
2 42 43 
2 43 3 
3 43 44 
3 44 4 
4 44 45 
4 45 5 
5 45 46 
5 46 6 
6 46 47 
6 47 7 
7 47 48 
7 48 8 
8 48 49 
8 49 9 
9 49 50 
9 50 10 
10 50 51 
10 51 11 
11 51 52 
11 52 12 
12 52 53 
12 53 13 
13 53 54 
13 54 14 
14 54 55 
14 55 15 
15 55 56 
15 56 16 
16 56 57 
16 57 17 
17 57 58 
17 58 18 
18 58 59 
18 59 19 
19 59 60 
19 60 20 
20 60 61 
20 61 21 
21 61 62 
21 62 22 
22 62 63 
22 63 23 
23 63 64 
23 64 24 
24 64 65 
24 65 25 
25 65 66 
25 66 26 
26 66 67 
26 67 27 
27 67 68 
27 68 28 
28 68 69 
28 69 29 
29 69 70 
29 70 30 
30 70 71 
30 71 31 
31 71 72 
31 72 32 
32 72 73 
32 73 33 
33 73 74 
33 74 34 
34 74 75 
34 75 35 
35 75 76 
35 76 36 
36 76 77 
36 77 37 
37 77 78 
37 78 38 
38 78 79 
38 79 39 
39 79 80 
39 80 40 
40 80 81 
40 81 41 
41 81 42 
41 42 2 
42 82 83 
42 83 43 
43 83 84 
43 84 44 
44 84 85 
44 85 45 
45 85 86 
45 86 46 
46 86 87 
46 87 47 
47 87 88 
47 88 48 
48 88 89 
48 89 49 
49 89 90 
49 90 50 
50 90 91 
50 91 51 
51 91 92 
51 92 52 
52 92 93 
52 93 53 
53 93 94 
53 94 54 
54 94 95 
54 95 55 
55 95 96 
55 96 56 
56 96 97 
56 97 57 
57 97 98 
57 98 58 
58 98 99 
58 99 59 
59 99 100 
59 100 60 
60 100 101 
60 101 61 
61 101 102 
61 102 62 
62 102 103 
62 103 63 
63 103 104 
63 104 64 
64 104 105 
64 105 65 
65 105 106 
65 106 66 
66 106 107 
66 107 67 
67 107 108 
67 108 68 
68 108 109 
68 109 69 
69 109 110 
69 110 70 
70 110 111 
70 111 71 
71 111 112 
71 112 72 
72 112 113 
72 113 73 
73 113 114 
73 114 74 
74 114 115 
74 115 75 
75 115 116 
75 116 76 
76 116 117 
76 117 77 
77 117 118 
77 118 78 
78 118 119 
78 119 79 
79 119 120 
79 120 80 
80 120 121 
80 121 81 
81 121 82 
81 82 42 
82 122 123 
82 123 83 
83 123 124 
83 124 84 
84 124 125 
84 125 85 
85 125 126 
85 126 86 
86 126 127 
86 127 87 
87 127 128 
87 128 88 
88 128 129 
88 129 89 
89 129 130 
89 130 90 
90 130 131 
90 131 91 
91 131 132 
91 132 92 
92 132 133 
92 133 93 
93 133 134 
93 134 94 
94 134 135 
94 135 95 
95 135 136 
95 136 96 
96 136 137 
96 137 97 
97 137 138 
97 138 98 
98 138 139 
98 139 99 
99 139 140 
99 140 100 
100 140 141 
100 141 101 
101 141 142 
101 142 102 
102 142 143 
102 143 103 
103 143 144 
103 144 104 
104 144 145 
104 145 105 
105 145 146 
105 146 106 
106 146 147 
106 147 107 
107 147 148 
107 148 108 
108 148 149 
108 149 109 
109 149 150 
109 150 110 
110 150 151 
110 151 111 
111 151 152 
111 152 112 
112 152 153 
112 153 113 
113 153 154 
113 154 114 
114 154 155 
114 155 115 
115 155 156 
115 156 116 
116 156 157 
116 157 117 
117 157 158 
117 158 118 
118 158 159 
118 159 119 
119 159 160 
119 160 120 
120 160 161 
120 161 121 
121 161 122 
121 122 82 
122 162 163 
122 163 123 
123 163 164 
123 164 124 
124 164 165 
124 165 125 
125 165 166 
125 166 126 
126 166 167 
126 167 127 
127 167 168 
127 168 128 
128 168 169 
128 169 129 
129 169 170 
129 170 130 
130 170 171 
130 171 131 
131 171 172 
131 172 132 
132 172 173 
132 173 133 
133 173 174 
133 174 134 
134 174 175 
134 175 135 
135 175 176 
135 176 136 
136 176 177 
136 177 137 
137 177 178 
137 178 138 
138 178 179 
138 179 139 
139 179 180 
139 180 140 
140 180 181 
140 181 141 
141 181 182 
141 182 142 
142 182 183 
142 183 143 
143 183 184 
143 184 144 
144 184 185 
144 185 145 
145 185 186 
145 186 146 
146 186 187 
146 187 147 
147 187 188 
147 188 148 
148 188 189 
148 189 149 
149 189 190 
149 190 150 
150 190 191 
150 191 151 
151 191 192 
151 192 152 
152 192 193 
152 193 153 
153 193 194 
153 194 154 
154 194 195 
154 195 155 
155 195 196 
155 196 156 
156 196 197 
156 197 157 
157 197 198 
157 198 158 
158 198 199 
158 199 159 
159 199 200 
159 200 160 
160 200 201 
160 201 161 
161 201 162 
161 162 122 
162 202 203 
162 203 163 
163 203 204 
163 204 164 
164 204 205 
164 205 165 
165 205 206 
165 206 166 
166 206 207 
166 207 167 
167 207 208 
167 208 168 
168 208 209 
168 209 169 
169 209 210 
169 210 170 
170 210 211 
170 211 171 
171 211 212 
171 212 172 
172 212 213 
172 213 173 
173 213 214 
173 214 174 
174 214 215 
174 215 175 
175 215 216 
175 216 176 
176 216 217 
176 217 177 
177 217 218 
177 218 178 
178 218 219 
178 219 179 
179 219 220 
179 220 180 
180 220 221 
180 221 181 
181 221 222 
181 222 182 
182 222 223 
182 223 183 
183 223 224 
183 224 184 
184 224 225 
184 225 185 
185 225 226 
185 226 186 
186 226 227 
186 227 187 
187 227 228 
187 228 188 
188 228 229 
188 229 189 
189 229 230 
189 230 190 
190 230 231 
190 231 191 
191 231 232 
191 232 192 
192 232 233 
192 233 193 
193 233 234 
193 234 194 
194 234 235 
194 235 195 
195 235 236 
195 236 196 
196 236 237 
196 237 197 
197 237 238 
197 238 198 
198 238 239 
198 239 199 
199 239 240 
199 240 200 
200 240 241 
200 241 201 
201 241 202 
201 202 162 
202 242 243 
202 243 203 
203 243 244 
203 244 204 
204 244 245 
204 245 205 
205 245 246 
205 246 206 
206 246 247 
206 247 207 
207 247 248 
207 248 208 
208 248 249 
208 249 209 
209 249 250 
209 250 210 
210 250 251 
210 251 211 
211 251 252 
211 252 212 
212 252 253 
212 253 213 
213 253 254 
213 254 214 
214 254 255 
214 255 215 
215 255 256 
215 256 216 
216 256 257 
216 257 217 
217 257 258 
217 258 218 
218 258 259 
218 259 219 
219 259 260 
219 260 220 
220 260 261 
220 261 221 
221 261 262 
221 262 222 
222 262 263 
222 263 223 
223 263 264 
223 264 224 
224 264 265 
224 265 225 
225 265 266 
225 266 226 
226 266 267 
226 267 227 
227 267 268 
227 268 228 
228 268 269 
228 269 229 
229 269 270 
229 270 230 
230 270 271 
230 271 231 
231 271 272 
231 272 232 
232 272 273 
232 273 233 
233 273 274 
233 274 234 
234 274 275 
234 275 235 
235 275 276 
235 276 236 
236 276 277 
236 277 237 
237 277 278 
237 278 238 
238 278 279 
238 279 239 
239 279 280 
239 280 240 
240 280 281 
240 281 241 
241 281 242 
241 242 202 
242 282 283 
242 283 243 
243 283 284 
243 284 244 
244 284 285 
244 285 245 
245 285 286 
245 286 246 
246 286 287 
246 287 247 
247 287 288 
247 288 248 
248 288 289 
248 289 249 
249 289 290 
249 290 250 
250 290 291 
250 291 251 
251 291 292 
251 292 252 
252 292 293 
252 293 253 
253 293 294 
253 294 254 
254 294 295 
254 295 255 
255 295 296 
255 296 256 
256 296 297 
256 297 257 
257 297 298 
257 298 258 
258 298 299 
258 299 259 
259 299 300 
259 300 260 
260 300 301 
260 301 261 
261 301 302 
261 302 262 
262 302 303 
262 303 263 
263 303 304 
263 304 264 
264 304 305 
264 305 265 
265 305 306 
265 306 266 
266 306 307 
266 307 267 
267 307 308 
267 308 268 
268 308 309 
268 309 269 
269 309 310 
269 310 270 
270 310 311 
270 311 271 
271 311 312 
271 312 272 
272 312 313 
272 313 273 
273 313 314 
273 314 274 
274 314 315 
274 315 275 
275 315 316 
275 316 276 
276 316 317 
276 317 277 
277 317 318 
277 318 278 
278 318 319 
278 319 279 
279 319 320 
279 320 280 
280 320 321 
280 321 281 
281 321 282 
281 282 242 
282 322 323 
282 323 283 
283 323 324 
283 324 284 
284 324 325 
284 325 285 
285 325 326 
285 326 286 
286 326 327 
286 327 287 
287 327 328 
287 328 288 
288 328 329 
288 329 289 
289 329 330 
289 330 290 
290 330 331 
290 331 291 
291 331 332 
291 332 292 
292 332 333 
292 333 293 
293 333 334 
293 334 294 
294 334 335 
294 335 295 
295 335 336 
295 336 296 
296 336 337 
296 337 297 
297 337 338 
297 338 298 
298 338 339 
298 339 299 
299 339 340 
299 340 300 
300 340 341 
300 341 301 
301 341 342 
301 342 302 
302 342 343 
302 343 303 
303 343 344 
303 344 304 
304 344 345 
304 345 305 
305 345 346 
305 346 306 
306 346 347 
306 347 307 
307 347 348 
307 348 308 
308 348 349 
308 349 309 
309 349 350 
309 350 310 
310 350 351 
310 351 311 
311 351 352 
311 352 312 
312 352 353 
312 353 313 
313 353 354 
313 354 314 
314 354 355 
314 355 315 
315 355 356 
315 356 316 
316 356 357 
316 357 317 
317 357 358 
317 358 318 
318 358 359 
318 359 319 
319 359 360 
319 360 320 
320 360 361 
320 361 321 
321 361 322 
321 322 282 
322 362 363 
322 363 323 
323 363 364 
323 364 324 
324 364 365 
324 365 325 
325 365 366 
325 366 326 
326 366 367 
326 367 327 
327 367 368 
327 368 328 
328 368 369 
328 369 329 
329 369 370 
329 370 330 
330 370 371 
330 371 331 
331 371 372 
331 372 332 
332 372 373 
332 373 333 
333 373 374 
333 374 334 
334 374 375 
334 375 335 
335 375 376 
335 376 336 
336 376 377 
336 377 337 
337 377 378 
337 378 338 
338 378 379 
338 379 339 
339 379 380 
339 380 340 
340 380 381 
340 381 341 
341 381 382 
341 382 342 
342 382 383 
342 383 343 
343 383 384 
343 384 344 
344 384 385 
344 385 345 
345 385 386 
345 386 346 
346 386 387 
346 387 347 
347 387 388 
347 388 348 
348 388 389 
348 389 349 
349 389 390 
349 390 350 
350 390 391 
350 391 351 
351 391 392 
351 392 352 
352 392 393 
352 393 353 
353 393 394 
353 394 354 
354 394 395 
354 395 355 
355 395 396 
355 396 356 
356 396 397 
356 397 357 
357 397 398 
357 398 358 
358 398 399 
358 399 359 
359 399 400 
359 400 360 
360 400 401 
360 401 361 
361 401 362 
361 362 322 
362 402 403 
362 403 363 
363 403 404 
363 404 364 
364 404 405 
364 405 365 
365 405 406 
365 406 366 
366 406 407 
366 407 367 
367 407 408 
367 408 368 
368 408 409 
368 409 369 
369 409 410 
369 410 370 
370 410 411 
370 411 371 
371 411 412 
371 412 372 
372 412 413 
372 413 373 
373 413 414 
373 414 374 
374 414 415 
374 415 375 
375 415 416 
375 416 376 
376 416 417 
376 417 377 
377 417 418 
377 418 378 
378 418 419 
378 419 379 
379 419 420 
379 420 380 
380 420 421 
380 421 381 
381 421 422 
381 422 382 
382 422 423 
382 423 383 
383 423 424 
383 424 384 
384 424 425 
384 425 385 
385 425 426 
385 426 386 
386 426 427 
386 427 387 
387 427 428 
387 428 388 
388 428 429 
388 429 389 
389 429 430 
389 430 390 
390 430 431 
390 431 391 
391 431 432 
391 432 392 
392 432 433 
392 433 393 
393 433 434 
393 434 394 
394 434 435 
394 435 395 
395 435 436 
395 436 396 
396 436 437 
396 437 397 
397 437 438 
397 438 398 
398 438 439 
398 439 399 
399 439 440 
399 440 400 
400 440 441 
400 441 401 
401 441 402 
401 402 362 
402 442 443 
402 443 403 
403 443 444 
403 444 404 
404 444 445 
404 445 405 
405 445 446 
405 446 406 
406 446 447 
406 447 407 
407 447 448 
407 448 408 
408 448 449 
408 449 409 
409 449 450 
409 450 410 
410 450 451 
410 451 411 
411 451 452 
411 452 412 
412 452 453 
412 453 413 
413 453 454 
413 454 414 
414 454 455 
414 455 415 
415 455 456 
415 456 416 
416 456 457 
416 457 417 
417 457 458 
417 458 418 
418 458 459 
418 459 419 
419 459 460 
419 460 420 
420 460 461 
420 461 421 
421 461 462 
421 462 422 
422 462 463 
422 463 423 
423 463 464 
423 464 424 
424 464 465 
424 465 425 
425 465 466 
425 466 426 
426 466 467 
426 467 427 
427 467 468 
427 468 428 
428 468 469 
428 469 429 
429 469 470 
429 470 430 
430 470 471 
430 471 431 
431 471 472 
431 472 432 
432 472 473 
432 473 433 
433 473 474 
433 474 434 
434 474 475 
434 475 435 
435 475 476 
435 476 436 
436 476 477 
436 477 437 
437 477 478 
437 478 438 
438 478 479 
438 479 439 
439 479 480 
439 480 440 
440 480 481 
440 481 441 
441 481 442 
441 442 402 
442 482 483 
442 483 443 
443 483 484 
443 484 444 
444 484 485 
444 485 445 
445 485 486 
445 486 446 
446 486 487 
446 487 447 
447 487 488 
447 488 448 
448 488 489 
448 489 449 
449 489 490 
449 490 450 
450 490 491 
450 491 451 
451 491 492 
451 492 452 
452 492 493 
452 493 453 
453 493 494 
453 494 454 
454 494 495 
454 495 455 
455 495 496 
455 496 456 
456 496 497 
456 497 457 
457 497 498 
457 498 458 
458 498 499 
458 499 459 
459 499 500 
459 500 460 
460 500 501 
460 501 461 
461 501 502 
461 502 462 
462 502 503 
462 503 463 
463 503 504 
463 504 464 
464 504 505 
464 505 465 
465 505 506 
465 506 466 
466 506 507 
466 507 467 
467 507 508 
467 508 468 
468 508 509 
468 509 469 
469 509 510 
469 510 470 
470 510 511 
470 511 471 
471 511 512 
471 512 472 
472 512 513 
472 513 473 
473 513 514 
473 514 474 
474 514 515 
474 515 475 
475 515 516 
475 516 476 
476 516 517 
476 517 477 
477 517 518 
477 518 478 
478 518 519 
478 519 479 
479 519 520 
479 520 480 
480 520 521 
480 521 481 
481 521 482 
481 482 442 
482 522 523 
482 523 483 
483 523 524 
483 524 484 
484 524 525 
484 525 485 
485 525 526 
485 526 486 
486 526 527 
486 527 487 
487 527 528 
487 528 488 
488 528 529 
488 529 489 
489 529 530 
489 530 490 
490 530 531 
490 531 491 
491 531 532 
491 532 492 
492 532 533 
492 533 493 
493 533 534 
493 534 494 
494 534 535 
494 535 495 
495 535 536 
495 536 496 
496 536 537 
496 537 497 
497 537 538 
497 538 498 
498 538 539 
498 539 499 
499 539 540 
499 540 500 
500 540 541 
500 541 501 
501 541 542 
501 542 502 
502 542 543 
502 543 503 
503 543 544 
503 544 504 
504 544 545 
504 545 505 
505 545 546 
505 546 506 
506 546 547 
506 547 507 
507 547 548 
507 548 508 
508 548 549 
508 549 509 
509 549 550 
509 550 510 
510 550 551 
510 551 511 
511 551 552 
511 552 512 
512 552 553 
512 553 513 
513 553 554 
513 554 514 
514 554 555 
514 555 515 
515 555 556 
515 556 516 
516 556 557 
516 557 517 
517 557 558 
517 558 518 
518 558 559 
518 559 519 
519 559 560 
519 560 520 
520 560 561 
520 561 521 
521 561 522 
521 522 482 
522 562 563 
522 563 523 
523 563 564 
523 564 524 
524 564 565 
524 565 525 
525 565 566 
525 566 526 
526 566 567 
526 567 527 
527 567 568 
527 568 528 
528 568 569 
528 569 529 
529 569 570 
529 570 530 
530 570 571 
530 571 531 
531 571 572 
531 572 532 
532 572 573 
532 573 533 
533 573 574 
533 574 534 
534 574 575 
534 575 535 
535 575 576 
535 576 536 
536 576 577 
536 577 537 
537 577 578 
537 578 538 
538 578 579 
538 579 539 
539 579 580 
539 580 540 
540 580 581 
540 581 541 
541 581 582 
541 582 542 
542 582 583 
542 583 543 
543 583 584 
543 584 544 
544 584 585 
544 585 545 
545 585 586 
545 586 546 
546 586 587 
546 587 547 
547 587 588 
547 588 548 
548 588 589 
548 589 549 
549 589 590 
549 590 550 
550 590 591 
550 591 551 
551 591 592 
551 592 552 
552 592 593 
552 593 553 
553 593 594 
553 594 554 
554 594 595 
554 595 555 
555 595 596 
555 596 556 
556 596 597 
556 597 557 
557 597 598 
557 598 558 
558 598 599 
558 599 559 
559 599 600 
559 600 560 
560 600 601 
560 601 561 
561 601 562 
561 562 522 
562 602 603 
562 603 563 
563 603 604 
563 604 564 
564 604 605 
564 605 565 
565 605 606 
565 606 566 
566 606 607 
566 607 567 
567 607 608 
567 608 568 
568 608 609 
568 609 569 
569 609 610 
569 610 570 
570 610 611 
570 611 571 
571 611 612 
571 612 572 
572 612 613 
572 613 573 
573 613 614 
573 614 574 
574 614 615 
574 615 575 
575 615 616 
575 616 576 
576 616 617 
576 617 577 
577 617 618 
577 618 578 
578 618 619 
578 619 579 
579 619 620 
579 620 580 
580 620 621 
580 621 581 
581 621 622 
581 622 582 
582 622 623 
582 623 583 
583 623 624 
583 624 584 
584 624 625 
584 625 585 
585 625 626 
585 626 586 
586 626 627 
586 627 587 
587 627 628 
587 628 588 
588 628 629 
588 629 589 
589 629 630 
589 630 590 
590 630 631 
590 631 591 
591 631 632 
591 632 592 
592 632 633 
592 633 593 
593 633 634 
593 634 594 
594 634 635 
594 635 595 
595 635 636 
595 636 596 
596 636 637 
596 637 597 
597 637 638 
597 638 598 
598 638 639 
598 639 599 
599 639 640 
599 640 600 
600 640 641 
600 641 601 
601 641 602 
601 602 562 
602 642 643 
602 643 603 
603 643 644 
603 644 604 
604 644 645 
604 645 605 
605 645 646 
605 646 606 
606 646 647 
606 647 607 
607 647 648 
607 648 608 
608 648 649 
608 649 609 
609 649 650 
609 650 610 
610 650 651 
610 651 611 
611 651 652 
611 652 612 
612 652 653 
612 653 613 
613 653 654 
613 654 614 
614 654 655 
614 655 615 
615 655 656 
615 656 616 
616 656 657 
616 657 617 
617 657 658 
617 658 618 
618 658 659 
618 659 619 
619 659 660 
619 660 620 
620 660 661 
620 661 621 
621 661 662 
621 662 622 
622 662 663 
622 663 623 
623 663 664 
623 664 624 
624 664 665 
624 665 625 
625 665 666 
625 666 626 
626 666 667 
626 667 627 
627 667 668 
627 668 628 
628 668 669 
628 669 629 
629 669 670 
629 670 630 
630 670 671 
630 671 631 
631 671 672 
631 672 632 
632 672 673 
632 673 633 
633 673 674 
633 674 634 
634 674 675 
634 675 635 
635 675 676 
635 676 636 
636 676 677 
636 677 637 
637 677 678 
637 678 638 
638 678 679 
638 679 639 
639 679 680 
639 680 640 
640 680 681 
640 681 641 
641 681 642 
641 642 602 
642 682 683 
642 683 643 
643 683 684 
643 684 644 
644 684 685 
644 685 645 
645 685 686 
645 686 646 
646 686 687 
646 687 647 
647 687 688 
647 688 648 
648 688 689 
648 689 649 
649 689 690 
649 690 650 
650 690 691 
650 691 651 
651 691 692 
651 692 652 
652 692 693 
652 693 653 
653 693 694 
653 694 654 
654 694 695 
654 695 655 
655 695 696 
655 696 656 
656 696 697 
656 697 657 
657 697 698 
657 698 658 
658 698 699 
658 699 659 
659 699 700 
659 700 660 
660 700 701 
660 701 661 
661 701 702 
661 702 662 
662 702 703 
662 703 663 
663 703 704 
663 704 664 
664 704 705 
664 705 665 
665 705 706 
665 706 666 
666 706 707 
666 707 667 
667 707 708 
667 708 668 
668 708 709 
668 709 669 
669 709 710 
669 710 670 
670 710 711 
670 711 671 
671 711 712 
671 712 672 
672 712 713 
672 713 673 
673 713 714 
673 714 674 
674 714 715 
674 715 675 
675 715 716 
675 716 676 
676 716 717 
676 717 677 
677 717 718 
677 718 678 
678 718 719 
678 719 679 
679 719 720 
679 720 680 
680 720 721 
680 721 681 
681 721 682 
681 682 642 
682 722 723 
682 723 683 
683 723 724 
683 724 684 
684 724 725 
684 725 685 
685 725 726 
685 726 686 
686 726 727 
686 727 687 
687 727 728 
687 728 688 
688 728 729 
688 729 689 
689 729 730 
689 730 690 
690 730 731 
690 731 691 
691 731 732 
691 732 692 
692 732 733 
692 733 693 
693 733 734 
693 734 694 
694 734 735 
694 735 695 
695 735 736 
695 736 696 
696 736 737 
696 737 697 
697 737 738 
697 738 698 
698 738 739 
698 739 699 
699 739 740 
699 740 700 
700 740 741 
700 741 701 
701 741 742 
701 742 702 
702 742 743 
702 743 703 
703 743 744 
703 744 704 
704 744 745 
704 745 705 
705 745 746 
705 746 706 
706 746 747 
706 747 707 
707 747 748 
707 748 708 
708 748 749 
708 749 709 
709 749 750 
709 750 710 
710 750 751 
710 751 711 
711 751 752 
711 752 712 
712 752 753 
712 753 713 
713 753 754 
713 754 714 
714 754 755 
714 755 715 
715 755 756 
715 756 716 
716 756 757 
716 757 717 
717 757 758 
717 758 718 
718 758 759 
718 759 719 
719 759 760 
719 760 720 
720 760 761 
720 761 721 
721 761 722 
721 722 682 
722 762 763 
722 763 723 
723 763 764 
723 764 724 
724 764 765 
724 765 725 
725 765 766 
725 766 726 
726 766 767 
726 767 727 
727 767 768 
727 768 728 
728 768 769 
728 769 729 
729 769 770 
729 770 730 
730 770 771 
730 771 731 
731 771 772 
731 772 732 
732 772 773 
732 773 733 
733 773 774 
733 774 734 
734 774 775 
734 775 735 
735 775 776 
735 776 736 
736 776 777 
736 777 737 
737 777 778 
737 778 738 
738 778 779 
738 779 739 
739 779 780 
739 780 740 
740 780 781 
740 781 741 
741 781 782 
741 782 742 
742 782 783 
742 783 743 
743 783 784 
743 784 744 
744 784 785 
744 785 745 
745 785 786 
745 786 746 
746 786 787 
746 787 747 
747 787 788 
747 788 748 
748 788 789 
748 789 749 
749 789 790 
749 790 750 
750 790 791 
750 791 751 
751 791 792 
751 792 752 
752 792 793 
752 793 753 
753 793 794 
753 794 754 
754 794 795 
754 795 755 
755 795 796 
755 796 756 
756 796 797 
756 797 757 
757 797 798 
757 798 758 
758 798 799 
758 799 759 
759 799 800 
759 800 760 
760 800 801 
760 801 761 
761 801 762 
761 762 722 
762 802 803 
762 803 763 
763 803 804 
763 804 764 
764 804 805 
764 805 765 
765 805 806 
765 806 766 
766 806 807 
766 807 767 
767 807 808 
767 808 768 
768 808 809 
768 809 769 
769 809 810 
769 810 770 
770 810 811 
770 811 771 
771 811 812 
771 812 772 
772 812 813 
772 813 773 
773 813 814 
773 814 774 
774 814 815 
774 815 775 
775 815 816 
775 816 776 
776 816 817 
776 817 777 
777 817 818 
777 818 778 
778 818 819 
778 819 779 
779 819 820 
779 820 780 
780 820 821 
780 821 781 
781 821 822 
781 822 782 
782 822 823 
782 823 783 
783 823 824 
783 824 784 
784 824 825 
784 825 785 
785 825 826 
785 826 786 
786 826 827 
786 827 787 
787 827 828 
787 828 788 
788 828 829 
788 829 789 
789 829 830 
789 830 790 
790 830 831 
790 831 791 
791 831 832 
791 832 792 
792 832 833 
792 833 793 
793 833 834 
793 834 794 
794 834 835 
794 835 795 
795 835 836 
795 836 796 
796 836 837 
796 837 797 
797 837 838 
797 838 798 
798 838 839 
798 839 799 
799 839 840 
799 840 800 
800 840 841 
800 841 801 
801 841 802 
801 802 762 
802 842 843 
802 843 803 
803 843 844 
803 844 804 
804 844 845 
804 845 805 
805 845 846 
805 846 806 
806 846 847 
806 847 807 
807 847 848 
807 848 808 
808 848 849 
808 849 809 
809 849 850 
809 850 810 
810 850 851 
810 851 811 
811 851 852 
811 852 812 
812 852 853 
812 853 813 
813 853 854 
813 854 814 
814 854 855 
814 855 815 
815 855 856 
815 856 816 
816 856 857 
816 857 817 
817 857 858 
817 858 818 
818 858 859 
818 859 819 
819 859 860 
819 860 820 
820 860 861 
820 861 821 
821 861 862 
821 862 822 
822 862 863 
822 863 823 
823 863 864 
823 864 824 
824 864 865 
824 865 825 
825 865 866 
825 866 826 
826 866 867 
826 867 827 
827 867 868 
827 868 828 
828 868 869 
828 869 829 
829 869 870 
829 870 830 
830 870 871 
830 871 831 
831 871 872 
831 872 832 
832 872 873 
832 873 833 
833 873 874 
833 874 834 
834 874 875 
834 875 835 
835 875 876 
835 876 836 
836 876 877 
836 877 837 
837 877 878 
837 878 838 
838 878 879 
838 879 839 
839 879 880 
839 880 840 
840 880 881 
840 881 841 
841 881 842 
841 842 802 
842 882 883 
842 883 843 
843 883 884 
843 884 844 
844 884 885 
844 885 845 
845 885 886 
845 886 846 
846 886 887 
846 887 847 
847 887 888 
847 888 848 
848 888 889 
848 889 849 
849 889 890 
849 890 850 
850 890 891 
850 891 851 
851 891 892 
851 892 852 
852 892 893 
852 893 853 
853 893 894 
853 894 854 
854 894 895 
854 895 855 
855 895 896 
855 896 856 
856 896 897 
856 897 857 
857 897 898 
857 898 858 
858 898 899 
858 899 859 
859 899 900 
859 900 860 
860 900 901 
860 901 861 
861 901 902 
861 902 862 
862 902 903 
862 903 863 
863 903 904 
863 904 864 
864 904 905 
864 905 865 
865 905 906 
865 906 866 
866 906 907 
866 907 867 
867 907 908 
867 908 868 
868 908 909 
868 909 869 
869 909 910 
869 910 870 
870 910 911 
870 911 871 
871 911 912 
871 912 872 
872 912 913 
872 913 873 
873 913 914 
873 914 874 
874 914 915 
874 915 875 
875 915 916 
875 916 876 
876 916 917 
876 917 877 
877 917 918 
877 918 878 
878 918 919 
878 919 879 
879 919 920 
879 920 880 
880 920 921 
880 921 881 
881 921 882 
881 882 842 
882 922 923 
882 923 883 
883 923 924 
883 924 884 
884 924 925 
884 925 885 
885 925 926 
885 926 886 
886 926 927 
886 927 887 
887 927 928 
887 928 888 
888 928 929 
888 929 889 
889 929 930 
889 930 890 
890 930 931 
890 931 891 
891 931 932 
891 932 892 
892 932 933 
892 933 893 
893 933 934 
893 934 894 
894 934 935 
894 935 895 
895 935 936 
895 936 896 
896 936 937 
896 937 897 
897 937 938 
897 938 898 
898 938 939 
898 939 899 
899 939 940 
899 940 900 
900 940 941 
900 941 901 
901 941 942 
901 942 902 
902 942 943 
902 943 903 
903 943 944 
903 944 904 
904 944 945 
904 945 905 
905 945 946 
905 946 906 
906 946 947 
906 947 907 
907 947 948 
907 948 908 
908 948 949 
908 949 909 
909 949 950 
909 950 910 
910 950 951 
910 951 911 
911 951 952 
911 952 912 
912 952 953 
912 953 913 
913 953 954 
913 954 914 
914 954 955 
914 955 915 
915 955 956 
915 956 916 
916 956 957 
916 957 917 
917 957 958 
917 958 918 
918 958 959 
918 959 919 
919 959 960 
919 960 920 
920 960 961 
920 961 921 
921 961 922 
921 922 882 
922 962 963 
922 963 923 
923 963 964 
923 964 924 
924 964 965 
924 965 925 
925 965 966 
925 966 926 
926 966 967 
926 967 927 
927 967 968 
927 968 928 
928 968 969 
928 969 929 
929 969 970 
929 970 930 
930 970 971 
930 971 931 
931 971 972 
931 972 932 
932 972 973 
932 973 933 
933 973 974 
933 974 934 
934 974 975 
934 975 935 
935 975 976 
935 976 936 
936 976 977 
936 977 937 
937 977 978 
937 978 938 
938 978 979 
938 979 939 
939 979 980 
939 980 940 
940 980 981 
940 981 941 
941 981 982 
941 982 942 
942 982 983 
942 983 943 
943 983 984 
943 984 944 
944 984 985 
944 985 945 
945 985 986 
945 986 946 
946 986 987 
946 987 947 
947 987 988 
947 988 948 
948 988 989 
948 989 949 
949 989 990 
949 990 950 
950 990 991 
950 991 951 
951 991 992 
951 992 952 
952 992 993 
952 993 953 
953 993 994 
953 994 954 
954 994 995 
954 995 955 
955 995 996 
955 996 956 
956 996 997 
956 997 957 
957 997 998 
957 998 958 
958 998 999 
958 999 959 
959 999 1000 
959 1000 960 
960 1000 1001 
960 1001 961 
961 1001 962 
961 962 922 
962 1002 1003 
962 1003 963 
963 1003 1004 
963 1004 964 
964 1004 1005 
964 1005 965 
965 1005 1006 
965 1006 966 
966 1006 1007 
966 1007 967 
967 1007 1008 
967 1008 968 
968 1008 1009 
968 1009 969 
969 1009 1010 
969 1010 970 
970 1010 1011 
970 1011 971 
971 1011 1012 
971 1012 972 
972 1012 1013 
972 1013 973 
973 1013 1014 
973 1014 974 
974 1014 1015 
974 1015 975 
975 1015 1016 
975 1016 976 
976 1016 1017 
976 1017 977 
977 1017 1018 
977 1018 978 
978 1018 1019 
978 1019 979 
979 1019 1020 
979 1020 980 
980 1020 1021 
980 1021 981 
981 1021 1022 
981 1022 982 
982 1022 1023 
982 1023 983 
983 1023 1024 
983 1024 984 
984 1024 1025 
984 1025 985 
985 1025 1026 
985 1026 986 
986 1026 1027 
986 1027 987 
987 1027 1028 
987 1028 988 
988 1028 1029 
988 1029 989 
989 1029 1030 
989 1030 990 
990 1030 1031 
990 1031 991 
991 1031 1032 
991 1032 992 
992 1032 1033 
992 1033 993 
993 1033 1034 
993 1034 994 
994 1034 1035 
994 1035 995 
995 1035 1036 
995 1036 996 
996 1036 1037 
996 1037 997 
997 1037 1038 
997 1038 998 
998 1038 1039 
998 1039 999 
999 1039 1040 
999 1040 1000 
1000 1040 1041 
1000 1041 1001 
1001 1041 1002 
1001 1002 962 
1002 1042 1043 
1002 1043 1003 
1003 1043 1044 
1003 1044 1004 
1004 1044 1045 
1004 1045 1005 
1005 1045 1046 
1005 1046 1006 
1006 1046 1047 
1006 1047 1007 
1007 1047 1048 
1007 1048 1008 
1008 1048 1049 
1008 1049 1009 
1009 1049 1050 
1009 1050 1010 
1010 1050 1051 
1010 1051 1011 
1011 1051 1052 
1011 1052 1012 
1012 1052 1053 
1012 1053 1013 
1013 1053 1054 
1013 1054 1014 
1014 1054 1055 
1014 1055 1015 
1015 1055 1056 
1015 1056 1016 
1016 1056 1057 
1016 1057 1017 
1017 1057 1058 
1017 1058 1018 
1018 1058 1059 
1018 1059 1019 
1019 1059 1060 
1019 1060 1020 
1020 1060 1061 
1020 1061 1021 
1021 1061 1062 
1021 1062 1022 
1022 1062 1063 
1022 1063 1023 
1023 1063 1064 
1023 1064 1024 
1024 1064 1065 
1024 1065 1025 
1025 1065 1066 
1025 1066 1026 
1026 1066 1067 
1026 1067 1027 
1027 1067 1068 
1027 1068 1028 
1028 1068 1069 
1028 1069 1029 
1029 1069 1070 
1029 1070 1030 
1030 1070 1071 
1030 1071 1031 
1031 1071 1072 
1031 1072 1032 
1032 1072 1073 
1032 1073 1033 
1033 1073 1074 
1033 1074 1034 
1034 1074 1075 
1034 1075 1035 
1035 1075 1076 
1035 1076 1036 
1036 1076 1077 
1036 1077 1037 
1037 1077 1078 
1037 1078 1038 
1038 1078 1079 
1038 1079 1039 
1039 1079 1080 
1039 1080 1040 
1040 1080 1081 
1040 1081 1041 
1041 1081 1042 
1041 1042 1002 
1042 1082 1083 
1042 1083 1043 
1043 1083 1084 
1043 1084 1044 
1044 1084 1085 
1044 1085 1045 
1045 1085 1086 
1045 1086 1046 
1046 1086 1087 
1046 1087 1047 
1047 1087 1088 
1047 1088 1048 
1048 1088 1089 
1048 1089 1049 
1049 1089 1090 
1049 1090 1050 
1050 1090 1091 
1050 1091 1051 
1051 1091 1092 
1051 1092 1052 
1052 1092 1093 
1052 1093 1053 
1053 1093 1094 
1053 1094 1054 
1054 1094 1095 
1054 1095 1055 
1055 1095 1096 
1055 1096 1056 
1056 1096 1097 
1056 1097 1057 
1057 1097 1098 
1057 1098 1058 
1058 1098 1099 
1058 1099 1059 
1059 1099 1100 
1059 1100 1060 
1060 1100 1101 
1060 1101 1061 
1061 1101 1102 
1061 1102 1062 
1062 1102 1103 
1062 1103 1063 
1063 1103 1104 
1063 1104 1064 
1064 1104 1105 
1064 1105 1065 
1065 1105 1106 
1065 1106 1066 
1066 1106 1107 
1066 1107 1067 
1067 1107 1108 
1067 1108 1068 
1068 1108 1109 
1068 1109 1069 
1069 1109 1110 
1069 1110 1070 
1070 1110 1111 
1070 1111 1071 
1071 1111 1112 
1071 1112 1072 
1072 1112 1113 
1072 1113 1073 
1073 1113 1114 
1073 1114 1074 
1074 1114 1115 
1074 1115 1075 
1075 1115 1116 
1075 1116 1076 
1076 1116 1117 
1076 1117 1077 
1077 1117 1118 
1077 1118 1078 
1078 1118 1119 
1078 1119 1079 
1079 1119 1120 
1079 1120 1080 
1080 1120 1121 
1080 1121 1081 
1081 1121 1082 
1081 1082 1042 
1082 1122 1123 
1082 1123 1083 
1083 1123 1124 
1083 1124 1084 
1084 1124 1125 
1084 1125 1085 
1085 1125 1126 
1085 1126 1086 
1086 1126 1127 
1086 1127 1087 
1087 1127 1128 
1087 1128 1088 
1088 1128 1129 
1088 1129 1089 
1089 1129 1130 
1089 1130 1090 
1090 1130 1131 
1090 1131 1091 
1091 1131 1132 
1091 1132 1092 
1092 1132 1133 
1092 1133 1093 
1093 1133 1134 
1093 1134 1094 
1094 1134 1135 
1094 1135 1095 
1095 1135 1136 
1095 1136 1096 
1096 1136 1137 
1096 1137 1097 
1097 1137 1138 
1097 1138 1098 
1098 1138 1139 
1098 1139 1099 
1099 1139 1140 
1099 1140 1100 
1100 1140 1141 
1100 1141 1101 
1101 1141 1142 
1101 1142 1102 
1102 1142 1143 
1102 1143 1103 
1103 1143 1144 
1103 1144 1104 
1104 1144 1145 
1104 1145 1105 
1105 1145 1146 
1105 1146 1106 
1106 1146 1147 
1106 1147 1107 
1107 1147 1148 
1107 1148 1108 
1108 1148 1149 
1108 1149 1109 
1109 1149 1150 
1109 1150 1110 
1110 1150 1151 
1110 1151 1111 
1111 1151 1152 
1111 1152 1112 
1112 1152 1153 
1112 1153 1113 
1113 1153 1154 
1113 1154 1114 
1114 1154 1155 
1114 1155 1115 
1115 1155 1156 
1115 1156 1116 
1116 1156 1157 
1116 1157 1117 
1117 1157 1158 
1117 1158 1118 
1118 1158 1159 
1118 1159 1119 
1119 1159 1160 
1119 1160 1120 
1120 1160 1161 
1120 1161 1121 
1121 1161 1122 
1121 1122 1082 
1122 1162 1163 
1122 1163 1123 
1123 1163 1164 
1123 1164 1124 
1124 1164 1165 
1124 1165 1125 
1125 1165 1166 
1125 1166 1126 
1126 1166 1167 
1126 1167 1127 
1127 1167 1168 
1127 1168 1128 
1128 1168 1169 
1128 1169 1129 
1129 1169 1170 
1129 1170 1130 
1130 1170 1171 
1130 1171 1131 
1131 1171 1172 
1131 1172 1132 
1132 1172 1173 
1132 1173 1133 
1133 1173 1174 
1133 1174 1134 
1134 1174 1175 
1134 1175 1135 
1135 1175 1176 
1135 1176 1136 
1136 1176 1177 
1136 1177 1137 
1137 1177 1178 
1137 1178 1138 
1138 1178 1179 
1138 1179 1139 
1139 1179 1180 
1139 1180 1140 
1140 1180 1181 
1140 1181 1141 
1141 1181 1182 
1141 1182 1142 
1142 1182 1183 
1142 1183 1143 
1143 1183 1184 
1143 1184 1144 
1144 1184 1185 
1144 1185 1145 
1145 1185 1186 
1145 1186 1146 
1146 1186 1187 
1146 1187 1147 
1147 1187 1188 
1147 1188 1148 
1148 1188 1189 
1148 1189 1149 
1149 1189 1190 
1149 1190 1150 
1150 1190 1191 
1150 1191 1151 
1151 1191 1192 
1151 1192 1152 
1152 1192 1193 
1152 1193 1153 
1153 1193 1194 
1153 1194 1154 
1154 1194 1195 
1154 1195 1155 
1155 1195 1196 
1155 1196 1156 
1156 1196 1197 
1156 1197 1157 
1157 1197 1198 
1157 1198 1158 
1158 1198 1199 
1158 1199 1159 
1159 1199 1200 
1159 1200 1160 
1160 1200 1201 
1160 1201 1161 
1161 1201 1162 
1161 1162 1122 
1162 1202 1203 
1162 1203 1163 
1163 1203 1204 
1163 1204 1164 
1164 1204 1205 
1164 1205 1165 
1165 1205 1206 
1165 1206 1166 
1166 1206 1207 
1166 1207 1167 
1167 1207 1208 
1167 1208 1168 
1168 1208 1209 
1168 1209 1169 
1169 1209 1210 
1169 1210 1170 
1170 1210 1211 
1170 1211 1171 
1171 1211 1212 
1171 1212 1172 
1172 1212 1213 
1172 1213 1173 
1173 1213 1214 
1173 1214 1174 
1174 1214 1215 
1174 1215 1175 
1175 1215 1216 
1175 1216 1176 
1176 1216 1217 
1176 1217 1177 
1177 1217 1218 
1177 1218 1178 
1178 1218 1219 
1178 1219 1179 
1179 1219 1220 
1179 1220 1180 
1180 1220 1221 
1180 1221 1181 
1181 1221 1222 
1181 1222 1182 
1182 1222 1223 
1182 1223 1183 
1183 1223 1224 
1183 1224 1184 
1184 1224 1225 
1184 1225 1185 
1185 1225 1226 
1185 1226 1186 
1186 1226 1227 
1186 1227 1187 
1187 1227 1228 
1187 1228 1188 
1188 1228 1229 
1188 1229 1189 
1189 1229 1230 
1189 1230 1190 
1190 1230 1231 
1190 1231 1191 
1191 1231 1232 
1191 1232 1192 
1192 1232 1233 
1192 1233 1193 
1193 1233 1234 
1193 1234 1194 
1194 1234 1235 
1194 1235 1195 
1195 1235 1236 
1195 1236 1196 
1196 1236 1237 
1196 1237 1197 
1197 1237 1238 
1197 1238 1198 
1198 1238 1239 
1198 1239 1199 
1199 1239 1240 
1199 1240 1200 
1200 1240 1241 
1200 1241 1201 
1201 1241 1202 
1201 1202 1162 
1202 1242 1243 
1202 1243 1203 
1203 1243 1244 
1203 1244 1204 
1204 1244 1245 
1204 1245 1205 
1205 1245 1246 
1205 1246 1206 
1206 1246 1247 
1206 1247 1207 
1207 1247 1248 
1207 1248 1208 
1208 1248 1249 
1208 1249 1209 
1209 1249 1250 
1209 1250 1210 
1210 1250 1251 
1210 1251 1211 
1211 1251 1252 
1211 1252 1212 
1212 1252 1253 
1212 1253 1213 
1213 1253 1254 
1213 1254 1214 
1214 1254 1255 
1214 1255 1215 
1215 1255 1256 
1215 1256 1216 
1216 1256 1257 
1216 1257 1217 
1217 1257 1258 
1217 1258 1218 
1218 1258 1259 
1218 1259 1219 
1219 1259 1260 
1219 1260 1220 
1220 1260 1261 
1220 1261 1221 
1221 1261 1262 
1221 1262 1222 
1222 1262 1263 
1222 1263 1223 
1223 1263 1264 
1223 1264 1224 
1224 1264 1265 
1224 1265 1225 
1225 1265 1266 
1225 1266 1226 
1226 1266 1267 
1226 1267 1227 
1227 1267 1268 
1227 1268 1228 
1228 1268 1269 
1228 1269 1229 
1229 1269 1270 
1229 1270 1230 
1230 1270 1271 
1230 1271 1231 
1231 1271 1272 
1231 1272 1232 
1232 1272 1273 
1232 1273 1233 
1233 1273 1274 
1233 1274 1234 
1234 1274 1275 
1234 1275 1235 
1235 1275 1276 
1235 1276 1236 
1236 1276 1277 
1236 1277 1237 
1237 1277 1278 
1237 1278 1238 
1238 1278 1279 
1238 1279 1239 
1239 1279 1280 
1239 1280 1240 
1240 1280 1281 
1240 1281 1241 
1241 1281 1242 
1241 1242 1202 
1242 1282 1283 
1242 1283 1243 
1243 1283 1284 
1243 1284 1244 
1244 1284 1285 
1244 1285 1245 
1245 1285 1286 
1245 1286 1246 
1246 1286 1287 
1246 1287 1247 
1247 1287 1288 
1247 1288 1248 
1248 1288 1289 
1248 1289 1249 
1249 1289 1290 
1249 1290 1250 
1250 1290 1291 
1250 1291 1251 
1251 1291 1292 
1251 1292 1252 
1252 1292 1293 
1252 1293 1253 
1253 1293 1294 
1253 1294 1254 
1254 1294 1295 
1254 1295 1255 
1255 1295 1296 
1255 1296 1256 
1256 1296 1297 
1256 1297 1257 
1257 1297 1298 
1257 1298 1258 
1258 1298 1299 
1258 1299 1259 
1259 1299 1300 
1259 1300 1260 
1260 1300 1301 
1260 1301 1261 
1261 1301 1302 
1261 1302 1262 
1262 1302 1303 
1262 1303 1263 
1263 1303 1304 
1263 1304 1264 
1264 1304 1305 
1264 1305 1265 
1265 1305 1306 
1265 1306 1266 
1266 1306 1307 
1266 1307 1267 
1267 1307 1308 
1267 1308 1268 
1268 1308 1309 
1268 1309 1269 
1269 1309 1310 
1269 1310 1270 
1270 1310 1311 
1270 1311 1271 
1271 1311 1312 
1271 1312 1272 
1272 1312 1313 
1272 1313 1273 
1273 1313 1314 
1273 1314 1274 
1274 1314 1315 
1274 1315 1275 
1275 1315 1316 
1275 1316 1276 
1276 1316 1317 
1276 1317 1277 
1277 1317 1318 
1277 1318 1278 
1278 1318 1319 
1278 1319 1279 
1279 1319 1320 
1279 1320 1280 
1280 1320 1321 
1280 1321 1281 
1281 1321 1282 
1281 1282 1242 
1282 1322 1323 
1282 1323 1283 
1283 1323 1324 
1283 1324 1284 
1284 1324 1325 
1284 1325 1285 
1285 1325 1326 
1285 1326 1286 
1286 1326 1327 
1286 1327 1287 
1287 1327 1328 
1287 1328 1288 
1288 1328 1329 
1288 1329 1289 
1289 1329 1330 
1289 1330 1290 
1290 1330 1331 
1290 1331 1291 
1291 1331 1332 
1291 1332 1292 
1292 1332 1333 
1292 1333 1293 
1293 1333 1334 
1293 1334 1294 
1294 1334 1335 
1294 1335 1295 
1295 1335 1336 
1295 1336 1296 
1296 1336 1337 
1296 1337 1297 
1297 1337 1338 
1297 1338 1298 
1298 1338 1339 
1298 1339 1299 
1299 1339 1340 
1299 1340 1300 
1300 1340 1341 
1300 1341 1301 
1301 1341 1342 
1301 1342 1302 
1302 1342 1343 
1302 1343 1303 
1303 1343 1344 
1303 1344 1304 
1304 1344 1345 
1304 1345 1305 
1305 1345 1346 
1305 1346 1306 
1306 1346 1347 
1306 1347 1307 
1307 1347 1348 
1307 1348 1308 
1308 1348 1349 
1308 1349 1309 
1309 1349 1350 
1309 1350 1310 
1310 1350 1351 
1310 1351 1311 
1311 1351 1352 
1311 1352 1312 
1312 1352 1353 
1312 1353 1313 
1313 1353 1354 
1313 1354 1314 
1314 1354 1355 
1314 1355 1315 
1315 1355 1356 
1315 1356 1316 
1316 1356 1357 
1316 1357 1317 
1317 1357 1358 
1317 1358 1318 
1318 1358 1359 
1318 1359 1319 
1319 1359 1360 
1319 1360 1320 
1320 1360 1361 
1320 1361 1321 
1321 1361 1322 
1321 1322 1282 
1322 1362 1363 
1322 1363 1323 
1323 1363 1364 
1323 1364 1324 
1324 1364 1365 
1324 1365 1325 
1325 1365 1366 
1325 1366 1326 
1326 1366 1367 
1326 1367 1327 
1327 1367 1368 
1327 1368 1328 
1328 1368 1369 
1328 1369 1329 
1329 1369 1370 
1329 1370 1330 
1330 1370 1371 
1330 1371 1331 
1331 1371 1372 
1331 1372 1332 
1332 1372 1373 
1332 1373 1333 
1333 1373 1374 
1333 1374 1334 
1334 1374 1375 
1334 1375 1335 
1335 1375 1376 
1335 1376 1336 
1336 1376 1377 
1336 1377 1337 
1337 1377 1378 
1337 1378 1338 
1338 1378 1379 
1338 1379 1339 
1339 1379 1380 
1339 1380 1340 
1340 1380 1381 
1340 1381 1341 
1341 1381 1382 
1341 1382 1342 
1342 1382 1383 
1342 1383 1343 
1343 1383 1384 
1343 1384 1344 
1344 1384 1385 
1344 1385 1345 
1345 1385 1386 
1345 1386 1346 
1346 1386 1387 
1346 1387 1347 
1347 1387 1388 
1347 1388 1348 
1348 1388 1389 
1348 1389 1349 
1349 1389 1390 
1349 1390 1350 
1350 1390 1391 
1350 1391 1351 
1351 1391 1392 
1351 1392 1352 
1352 1392 1393 
1352 1393 1353 
1353 1393 1394 
1353 1394 1354 
1354 1394 1395 
1354 1395 1355 
1355 1395 1396 
1355 1396 1356 
1356 1396 1397 
1356 1397 1357 
1357 1397 1398 
1357 1398 1358 
1358 1398 1399 
1358 1399 1359 
1359 1399 1400 
1359 1400 1360 
1360 1400 1401 
1360 1401 1361 
1361 1401 1362 
1361 1362 1322 
1362 1402 1403 
1362 1403 1363 
1363 1403 1404 
1363 1404 1364 
1364 1404 1405 
1364 1405 1365 
1365 1405 1406 
1365 1406 1366 
1366 1406 1407 
1366 1407 1367 
1367 1407 1408 
1367 1408 1368 
1368 1408 1409 
1368 1409 1369 
1369 1409 1410 
1369 1410 1370 
1370 1410 1411 
1370 1411 1371 
1371 1411 1412 
1371 1412 1372 
1372 1412 1413 
1372 1413 1373 
1373 1413 1414 
1373 1414 1374 
1374 1414 1415 
1374 1415 1375 
1375 1415 1416 
1375 1416 1376 
1376 1416 1417 
1376 1417 1377 
1377 1417 1418 
1377 1418 1378 
1378 1418 1419 
1378 1419 1379 
1379 1419 1420 
1379 1420 1380 
1380 1420 1421 
1380 1421 1381 
1381 1421 1422 
1381 1422 1382 
1382 1422 1423 
1382 1423 1383 
1383 1423 1424 
1383 1424 1384 
1384 1424 1425 
1384 1425 1385 
1385 1425 1426 
1385 1426 1386 
1386 1426 1427 
1386 1427 1387 
1387 1427 1428 
1387 1428 1388 
1388 1428 1429 
1388 1429 1389 
1389 1429 1430 
1389 1430 1390 
1390 1430 1431 
1390 1431 1391 
1391 1431 1432 
1391 1432 1392 
1392 1432 1433 
1392 1433 1393 
1393 1433 1434 
1393 1434 1394 
1394 1434 1435 
1394 1435 1395 
1395 1435 1436 
1395 1436 1396 
1396 1436 1437 
1396 1437 1397 
1397 1437 1438 
1397 1438 1398 
1398 1438 1439 
1398 1439 1399 
1399 1439 1440 
1399 1440 1400 
1400 1440 1441 
1400 1441 1401 
1401 1441 1402 
1401 1402 1362 
1402 1442 1443 
1402 1443 1403 
1403 1443 1444 
1403 1444 1404 
1404 1444 1445 
1404 1445 1405 
1405 1445 1446 
1405 1446 1406 
1406 1446 1447 
1406 1447 1407 
1407 1447 1448 
1407 1448 1408 
1408 1448 1449 
1408 1449 1409 
1409 1449 1450 
1409 1450 1410 
1410 1450 1451 
1410 1451 1411 
1411 1451 1452 
1411 1452 1412 
1412 1452 1453 
1412 1453 1413 
1413 1453 1454 
1413 1454 1414 
1414 1454 1455 
1414 1455 1415 
1415 1455 1456 
1415 1456 1416 
1416 1456 1457 
1416 1457 1417 
1417 1457 1458 
1417 1458 1418 
1418 1458 1459 
1418 1459 1419 
1419 1459 1460 
1419 1460 1420 
1420 1460 1461 
1420 1461 1421 
1421 1461 1462 
1421 1462 1422 
1422 1462 1463 
1422 1463 1423 
1423 1463 1464 
1423 1464 1424 
1424 1464 1465 
1424 1465 1425 
1425 1465 1466 
1425 1466 1426 
1426 1466 1467 
1426 1467 1427 
1427 1467 1468 
1427 1468 1428 
1428 1468 1469 
1428 1469 1429 
1429 1469 1470 
1429 1470 1430 
1430 1470 1471 
1430 1471 1431 
1431 1471 1472 
1431 1472 1432 
1432 1472 1473 
1432 1473 1433 
1433 1473 1474 
1433 1474 1434 
1434 1474 1475 
1434 1475 1435 
1435 1475 1476 
1435 1476 1436 
1436 1476 1477 
1436 1477 1437 
1437 1477 1478 
1437 1478 1438 
1438 1478 1479 
1438 1479 1439 
1439 1479 1480 
1439 1480 1440 
1440 1480 1481 
1440 1481 1441 
1441 1481 1442 
1441 1442 1402 
1442 1482 1483 
1442 1483 1443 
1443 1483 1484 
1443 1484 1444 
1444 1484 1485 
1444 1485 1445 
1445 1485 1486 
1445 1486 1446 
1446 1486 1487 
1446 1487 1447 
1447 1487 1488 
1447 1488 1448 
1448 1488 1489 
1448 1489 1449 
1449 1489 1490 
1449 1490 1450 
1450 1490 1491 
1450 1491 1451 
1451 1491 1492 
1451 1492 1452 
1452 1492 1493 
1452 1493 1453 
1453 1493 1494 
1453 1494 1454 
1454 1494 1495 
1454 1495 1455 
1455 1495 1496 
1455 1496 1456 
1456 1496 1497 
1456 1497 1457 
1457 1497 1498 
1457 1498 1458 
1458 1498 1499 
1458 1499 1459 
1459 1499 1500 
1459 1500 1460 
1460 1500 1501 
1460 1501 1461 
1461 1501 1502 
1461 1502 1462 
1462 1502 1503 
1462 1503 1463 
1463 1503 1504 
1463 1504 1464 
1464 1504 1505 
1464 1505 1465 
1465 1505 1506 
1465 1506 1466 
1466 1506 1507 
1466 1507 1467 
1467 1507 1508 
1467 1508 1468 
1468 1508 1509 
1468 1509 1469 
1469 1509 1510 
1469 1510 1470 
1470 1510 1511 
1470 1511 1471 
1471 1511 1512 
1471 1512 1472 
1472 1512 1513 
1472 1513 1473 
1473 1513 1514 
1473 1514 1474 
1474 1514 1515 
1474 1515 1475 
1475 1515 1516 
1475 1516 1476 
1476 1516 1517 
1476 1517 1477 
1477 1517 1518 
1477 1518 1478 
1478 1518 1519 
1478 1519 1479 
1479 1519 1520 
1479 1520 1480 
1480 1520 1521 
1480 1521 1481 
1481 1521 1482 
1481 1482 1442 
1482 1522 1523 
1482 1523 1483 
1483 1523 1524 
1483 1524 1484 
1484 1524 1525 
1484 1525 1485 
1485 1525 1526 
1485 1526 1486 
1486 1526 1527 
1486 1527 1487 
1487 1527 1528 
1487 1528 1488 
1488 1528 1529 
1488 1529 1489 
1489 1529 1530 
1489 1530 1490 
1490 1530 1531 
1490 1531 1491 
1491 1531 1532 
1491 1532 1492 
1492 1532 1533 
1492 1533 1493 
1493 1533 1534 
1493 1534 1494 
1494 1534 1535 
1494 1535 1495 
1495 1535 1536 
1495 1536 1496 
1496 1536 1537 
1496 1537 1497 
1497 1537 1538 
1497 1538 1498 
1498 1538 1539 
1498 1539 1499 
1499 1539 1540 
1499 1540 1500 
1500 1540 1541 
1500 1541 1501 
1501 1541 1542 
1501 1542 1502 
1502 1542 1543 
1502 1543 1503 
1503 1543 1544 
1503 1544 1504 
1504 1544 1545 
1504 1545 1505 
1505 1545 1546 
1505 1546 1506 
1506 1546 1547 
1506 1547 1507 
1507 1547 1548 
1507 1548 1508 
1508 1548 1549 
1508 1549 1509 
1509 1549 1550 
1509 1550 1510 
1510 1550 1551 
1510 1551 1511 
1511 1551 1552 
1511 1552 1512 
1512 1552 1553 
1512 1553 1513 
1513 1553 1554 
1513 1554 1514 
1514 1554 1555 
1514 1555 1515 
1515 1555 1556 
1515 1556 1516 
1516 1556 1557 
1516 1557 1517 
1517 1557 1558 
1517 1558 1518 
1518 1558 1559 
1518 1559 1519 
1519 1559 1560 
1519 1560 1520 
1520 1560 1561 
1520 1561 1521 
1521 1561 1522 
1521 1522 1482 
1522 1562 1563 
1522 1563 1523 
1523 1563 1564 
1523 1564 1524 
1524 1564 1565 
1524 1565 1525 
1525 1565 1566 
1525 1566 1526 
1526 1566 1567 
1526 1567 1527 
1527 1567 1568 
1527 1568 1528 
1528 1568 1569 
1528 1569 1529 
1529 1569 1570 
1529 1570 1530 
1530 1570 1571 
1530 1571 1531 
1531 1571 1572 
1531 1572 1532 
1532 1572 1573 
1532 1573 1533 
1533 1573 1574 
1533 1574 1534 
1534 1574 1575 
1534 1575 1535 
1535 1575 1576 
1535 1576 1536 
1536 1576 1577 
1536 1577 1537 
1537 1577 1578 
1537 1578 1538 
1538 1578 1579 
1538 1579 1539 
1539 1579 1580 
1539 1580 1540 
1540 1580 1581 
1540 1581 1541 
1541 1581 1582 
1541 1582 1542 
1542 1582 1583 
1542 1583 1543 
1543 1583 1584 
1543 1584 1544 
1544 1584 1585 
1544 1585 1545 
1545 1585 1586 
1545 1586 1546 
1546 1586 1587 
1546 1587 1547 
1547 1587 1588 
1547 1588 1548 
1548 1588 1589 
1548 1589 1549 
1549 1589 1590 
1549 1590 1550 
1550 1590 1591 
1550 1591 1551 
1551 1591 1592 
1551 1592 1552 
1552 1592 1593 
1552 1593 1553 
1553 1593 1594 
1553 1594 1554 
1554 1594 1595 
1554 1595 1555 
1555 1595 1596 
1555 1596 1556 
1556 1596 1597 
1556 1597 1557 
1557 1597 1598 
1557 1598 1558 
1558 1598 1599 
1558 1599 1559 
1559 1599 1600 
1559 1600 1560 
1560 1600 1601 
1560 1601 1561 
1561 1601 1562 
1561 1562 1522 
1562 1602 1603 
1562 1603 1563 
1563 1603 1604 
1563 1604 1564 
1564 1604 1605 
1564 1605 1565 
1565 1605 1606 
1565 1606 1566 
1566 1606 1607 
1566 1607 1567 
1567 1607 1608 
1567 1608 1568 
1568 1608 1609 
1568 1609 1569 
1569 1609 1610 
1569 1610 1570 
1570 1610 1611 
1570 1611 1571 
1571 1611 1612 
1571 1612 1572 
1572 1612 1613 
1572 1613 1573 
1573 1613 1614 
1573 1614 1574 
1574 1614 1615 
1574 1615 1575 
1575 1615 1616 
1575 1616 1576 
1576 1616 1617 
1576 1617 1577 
1577 1617 1618 
1577 1618 1578 
1578 1618 1619 
1578 1619 1579 
1579 1619 1620 
1579 1620 1580 
1580 1620 1621 
1580 1621 1581 
1581 1621 1622 
1581 1622 1582 
1582 1622 1623 
1582 1623 1583 
1583 1623 1624 
1583 1624 1584 
1584 1624 1625 
1584 1625 1585 
1585 1625 1626 
1585 1626 1586 
1586 1626 1627 
1586 1627 1587 
1587 1627 1628 
1587 1628 1588 
1588 1628 1629 
1588 1629 1589 
1589 1629 1630 
1589 1630 1590 
1590 1630 1631 
1590 1631 1591 
1591 1631 1632 
1591 1632 1592 
1592 1632 1633 
1592 1633 1593 
1593 1633 1634 
1593 1634 1594 
1594 1634 1635 
1594 1635 1595 
1595 1635 1636 
1595 1636 1596 
1596 1636 1637 
1596 1637 1597 
1597 1637 1638 
1597 1638 1598 
1598 1638 1639 
1598 1639 1599 
1599 1639 1640 
1599 1640 1600 
1600 1640 1641 
1600 1641 1601 
1601 1641 1602 
1601 1602 1562 
1602 1642 1643 
1602 1643 1603 
1603 1643 1644 
1603 1644 1604 
1604 1644 1645 
1604 1645 1605 
1605 1645 1646 
1605 1646 1606 
1606 1646 1647 
1606 1647 1607 
1607 1647 1648 
1607 1648 1608 
1608 1648 1649 
1608 1649 1609 
1609 1649 1650 
1609 1650 1610 
1610 1650 1651 
1610 1651 1611 
1611 1651 1652 
1611 1652 1612 
1612 1652 1653 
1612 1653 1613 
1613 1653 1654 
1613 1654 1614 
1614 1654 1655 
1614 1655 1615 
1615 1655 1656 
1615 1656 1616 
1616 1656 1657 
1616 1657 1617 
1617 1657 1658 
1617 1658 1618 
1618 1658 1659 
1618 1659 1619 
1619 1659 1660 
1619 1660 1620 
1620 1660 1661 
1620 1661 1621 
1621 1661 1662 
1621 1662 1622 
1622 1662 1663 
1622 1663 1623 
1623 1663 1664 
1623 1664 1624 
1624 1664 1665 
1624 1665 1625 
1625 1665 1666 
1625 1666 1626 
1626 1666 1667 
1626 1667 1627 
1627 1667 1668 
1627 1668 1628 
1628 1668 1669 
1628 1669 1629 
1629 1669 1670 
1629 1670 1630 
1630 1670 1671 
1630 1671 1631 
1631 1671 1672 
1631 1672 1632 
1632 1672 1673 
1632 1673 1633 
1633 1673 1674 
1633 1674 1634 
1634 1674 1675 
1634 1675 1635 
1635 1675 1676 
1635 1676 1636 
1636 1676 1677 
1636 1677 1637 
1637 1677 1678 
1637 1678 1638 
1638 1678 1679 
1638 1679 1639 
1639 1679 1680 
1639 1680 1640 
1640 1680 1681 
1640 1681 1641 
1641 1681 1642 
1641 1642 1602 
1642 1682 1683 
1642 1683 1643 
1643 1683 1684 
1643 1684 1644 
1644 1684 1685 
1644 1685 1645 
1645 1685 1686 
1645 1686 1646 
1646 1686 1687 
1646 1687 1647 
1647 1687 1688 
1647 1688 1648 
1648 1688 1689 
1648 1689 1649 
1649 1689 1690 
1649 1690 1650 
1650 1690 1691 
1650 1691 1651 
1651 1691 1692 
1651 1692 1652 
1652 1692 1693 
1652 1693 1653 
1653 1693 1694 
1653 1694 1654 
1654 1694 1695 
1654 1695 1655 
1655 1695 1696 
1655 1696 1656 
1656 1696 1697 
1656 1697 1657 
1657 1697 1698 
1657 1698 1658 
1658 1698 1699 
1658 1699 1659 
1659 1699 1700 
1659 1700 1660 
1660 1700 1701 
1660 1701 1661 
1661 1701 1702 
1661 1702 1662 
1662 1702 1703 
1662 1703 1663 
1663 1703 1704 
1663 1704 1664 
1664 1704 1705 
1664 1705 1665 
1665 1705 1706 
1665 1706 1666 
1666 1706 1707 
1666 1707 1667 
1667 1707 1708 
1667 1708 1668 
1668 1708 1709 
1668 1709 1669 
1669 1709 1710 
1669 1710 1670 
1670 1710 1711 
1670 1711 1671 
1671 1711 1712 
1671 1712 1672 
1672 1712 1713 
1672 1713 1673 
1673 1713 1714 
1673 1714 1674 
1674 1714 1715 
1674 1715 1675 
1675 1715 1716 
1675 1716 1676 
1676 1716 1717 
1676 1717 1677 
1677 1717 1718 
1677 1718 1678 
1678 1718 1719 
1678 1719 1679 
1679 1719 1720 
1679 1720 1680 
1680 1720 1721 
1680 1721 1681 
1681 1721 1682 
1681 1682 1642 
1682 1722 1723 
1682 1723 1683 
1683 1723 1724 
1683 1724 1684 
1684 1724 1725 
1684 1725 1685 
1685 1725 1726 
1685 1726 1686 
1686 1726 1727 
1686 1727 1687 
1687 1727 1728 
1687 1728 1688 
1688 1728 1729 
1688 1729 1689 
1689 1729 1730 
1689 1730 1690 
1690 1730 1731 
1690 1731 1691 
1691 1731 1732 
1691 1732 1692 
1692 1732 1733 
1692 1733 1693 
1693 1733 1734 
1693 1734 1694 
1694 1734 1735 
1694 1735 1695 
1695 1735 1736 
1695 1736 1696 
1696 1736 1737 
1696 1737 1697 
1697 1737 1738 
1697 1738 1698 
1698 1738 1739 
1698 1739 1699 
1699 1739 1740 
1699 1740 1700 
1700 1740 1741 
1700 1741 1701 
1701 1741 1742 
1701 1742 1702 
1702 1742 1743 
1702 1743 1703 
1703 1743 1744 
1703 1744 1704 
1704 1744 1745 
1704 1745 1705 
1705 1745 1746 
1705 1746 1706 
1706 1746 1747 
1706 1747 1707 
1707 1747 1748 
1707 1748 1708 
1708 1748 1749 
1708 1749 1709 
1709 1749 1750 
1709 1750 1710 
1710 1750 1751 
1710 1751 1711 
1711 1751 1752 
1711 1752 1712 
1712 1752 1753 
1712 1753 1713 
1713 1753 1754 
1713 1754 1714 
1714 1754 1755 
1714 1755 1715 
1715 1755 1756 
1715 1756 1716 
1716 1756 1757 
1716 1757 1717 
1717 1757 1758 
1717 1758 1718 
1718 1758 1759 
1718 1759 1719 
1719 1759 1760 
1719 1760 1720 
1720 1760 1761 
1720 1761 1721 
1721 1761 1722 
1721 1722 1682 
1722 1762 1763 
1722 1763 1723 
1723 1763 1764 
1723 1764 1724 
1724 1764 1765 
1724 1765 1725 
1725 1765 1766 
1725 1766 1726 
1726 1766 1767 
1726 1767 1727 
1727 1767 1768 
1727 1768 1728 
1728 1768 1769 
1728 1769 1729 
1729 1769 1770 
1729 1770 1730 
1730 1770 1771 
1730 1771 1731 
1731 1771 1772 
1731 1772 1732 
1732 1772 1773 
1732 1773 1733 
1733 1773 1774 
1733 1774 1734 
1734 1774 1775 
1734 1775 1735 
1735 1775 1776 
1735 1776 1736 
1736 1776 1777 
1736 1777 1737 
1737 1777 1778 
1737 1778 1738 
1738 1778 1779 
1738 1779 1739 
1739 1779 1780 
1739 1780 1740 
1740 1780 1781 
1740 1781 1741 
1741 1781 1782 
1741 1782 1742 
1742 1782 1783 
1742 1783 1743 
1743 1783 1784 
1743 1784 1744 
1744 1784 1785 
1744 1785 1745 
1745 1785 1786 
1745 1786 1746 
1746 1786 1787 
1746 1787 1747 
1747 1787 1788 
1747 1788 1748 
1748 1788 1789 
1748 1789 1749 
1749 1789 1790 
1749 1790 1750 
1750 1790 1791 
1750 1791 1751 
1751 1791 1792 
1751 1792 1752 
1752 1792 1793 
1752 1793 1753 
1753 1793 1794 
1753 1794 1754 
1754 1794 1795 
1754 1795 1755 
1755 1795 1796 
1755 1796 1756 
1756 1796 1797 
1756 1797 1757 
1757 1797 1798 
1757 1798 1758 
1758 1798 1799 
1758 1799 1759 
1759 1799 1800 
1759 1800 1760 
1760 1800 1801 
1760 1801 1761 
1761 1801 1762 
1761 1762 1722 
1762 1802 1803 
1762 1803 1763 
1763 1803 1804 
1763 1804 1764 
1764 1804 1805 
1764 1805 1765 
1765 1805 1806 
1765 1806 1766 
1766 1806 1807 
1766 1807 1767 
1767 1807 1808 
1767 1808 1768 
1768 1808 1809 
1768 1809 1769 
1769 1809 1810 
1769 1810 1770 
1770 1810 1811 
1770 1811 1771 
1771 1811 1812 
1771 1812 1772 
1772 1812 1813 
1772 1813 1773 
1773 1813 1814 
1773 1814 1774 
1774 1814 1815 
1774 1815 1775 
1775 1815 1816 
1775 1816 1776 
1776 1816 1817 
1776 1817 1777 
1777 1817 1818 
1777 1818 1778 
1778 1818 1819 
1778 1819 1779 
1779 1819 1820 
1779 1820 1780 
1780 1820 1821 
1780 1821 1781 
1781 1821 1822 
1781 1822 1782 
1782 1822 1823 
1782 1823 1783 
1783 1823 1824 
1783 1824 1784 
1784 1824 1825 
1784 1825 1785 
1785 1825 1826 
1785 1826 1786 
1786 1826 1827 
1786 1827 1787 
1787 1827 1828 
1787 1828 1788 
1788 1828 1829 
1788 1829 1789 
1789 1829 1830 
1789 1830 1790 
1790 1830 1831 
1790 1831 1791 
1791 1831 1832 
1791 1832 1792 
1792 1832 1833 
1792 1833 1793 
1793 1833 1834 
1793 1834 1794 
1794 1834 1835 
1794 1835 1795 
1795 1835 1836 
1795 1836 1796 
1796 1836 1837 
1796 1837 1797 
1797 1837 1838 
1797 1838 1798 
1798 1838 1839 
1798 1839 1799 
1799 1839 1840 
1799 1840 1800 
1800 1840 1841 
1800 1841 1801 
1801 1841 1802 
1801 1802 1762 
1802 1842 1843 
1802 1843 1803 
1803 1843 1844 
1803 1844 1804 
1804 1844 1845 
1804 1845 1805 
1805 1845 1846 
1805 1846 1806 
1806 1846 1847 
1806 1847 1807 
1807 1847 1848 
1807 1848 1808 
1808 1848 1849 
1808 1849 1809 
1809 1849 1850 
1809 1850 1810 
1810 1850 1851 
1810 1851 1811 
1811 1851 1852 
1811 1852 1812 
1812 1852 1853 
1812 1853 1813 
1813 1853 1854 
1813 1854 1814 
1814 1854 1855 
1814 1855 1815 
1815 1855 1856 
1815 1856 1816 
1816 1856 1857 
1816 1857 1817 
1817 1857 1858 
1817 1858 1818 
1818 1858 1859 
1818 1859 1819 
1819 1859 1860 
1819 1860 1820 
1820 1860 1861 
1820 1861 1821 
1821 1861 1862 
1821 1862 1822 
1822 1862 1863 
1822 1863 1823 
1823 1863 1864 
1823 1864 1824 
1824 1864 1865 
1824 1865 1825 
1825 1865 1866 
1825 1866 1826 
1826 1866 1867 
1826 1867 1827 
1827 1867 1868 
1827 1868 1828 
1828 1868 1869 
1828 1869 1829 
1829 1869 1870 
1829 1870 1830 
1830 1870 1871 
1830 1871 1831 
1831 1871 1872 
1831 1872 1832 
1832 1872 1873 
1832 1873 1833 
1833 1873 1874 
1833 1874 1834 
1834 1874 1875 
1834 1875 1835 
1835 1875 1876 
1835 1876 1836 
1836 1876 1877 
1836 1877 1837 
1837 1877 1878 
1837 1878 1838 
1838 1878 1879 
1838 1879 1839 
1839 1879 1880 
1839 1880 1840 
1840 1880 1881 
1840 1881 1841 
1841 1881 1842 
1841 1842 1802 
1842 1882 1883 
1842 1883 1843 
1843 1883 1884 
1843 1884 1844 
1844 1884 1885 
1844 1885 1845 
1845 1885 1886 
1845 1886 1846 
1846 1886 1887 
1846 1887 1847 
1847 1887 1888 
1847 1888 1848 
1848 1888 1889 
1848 1889 1849 
1849 1889 1890 
1849 1890 1850 
1850 1890 1891 
1850 1891 1851 
1851 1891 1892 
1851 1892 1852 
1852 1892 1893 
1852 1893 1853 
1853 1893 1894 
1853 1894 1854 
1854 1894 1895 
1854 1895 1855 
1855 1895 1896 
1855 1896 1856 
1856 1896 1897 
1856 1897 1857 
1857 1897 1898 
1857 1898 1858 
1858 1898 1899 
1858 1899 1859 
1859 1899 1900 
1859 1900 1860 
1860 1900 1901 
1860 1901 1861 
1861 1901 1902 
1861 1902 1862 
1862 1902 1903 
1862 1903 1863 
1863 1903 1904 
1863 1904 1864 
1864 1904 1905 
1864 1905 1865 
1865 1905 1906 
1865 1906 1866 
1866 1906 1907 
1866 1907 1867 
1867 1907 1908 
1867 1908 1868 
1868 1908 1909 
1868 1909 1869 
1869 1909 1910 
1869 1910 1870 
1870 1910 1911 
1870 1911 1871 
1871 1911 1912 
1871 1912 1872 
1872 1912 1913 
1872 1913 1873 
1873 1913 1914 
1873 1914 1874 
1874 1914 1915 
1874 1915 1875 
1875 1915 1916 
1875 1916 1876 
1876 1916 1917 
1876 1917 1877 
1877 1917 1918 
1877 1918 1878 
1878 1918 1919 
1878 1919 1879 
1879 1919 1920 
1879 1920 1880 
1880 1920 1921 
1880 1921 1881 
1881 1921 1882 
1881 1882 1842 
1882 1922 1923 
1882 1923 1883 
1883 1923 1924 
1883 1924 1884 
1884 1924 1925 
1884 1925 1885 
1885 1925 1926 
1885 1926 1886 
1886 1926 1927 
1886 1927 1887 
1887 1927 1928 
1887 1928 1888 
1888 1928 1929 
1888 1929 1889 
1889 1929 1930 
1889 1930 1890 
1890 1930 1931 
1890 1931 1891 
1891 1931 1932 
1891 1932 1892 
1892 1932 1933 
1892 1933 1893 
1893 1933 1934 
1893 1934 1894 
1894 1934 1935 
1894 1935 1895 
1895 1935 1936 
1895 1936 1896 
1896 1936 1937 
1896 1937 1897 
1897 1937 1938 
1897 1938 1898 
1898 1938 1939 
1898 1939 1899 
1899 1939 1940 
1899 1940 1900 
1900 1940 1941 
1900 1941 1901 
1901 1941 1942 
1901 1942 1902 
1902 1942 1943 
1902 1943 1903 
1903 1943 1944 
1903 1944 1904 
1904 1944 1945 
1904 1945 1905 
1905 1945 1946 
1905 1946 1906 
1906 1946 1947 
1906 1947 1907 
1907 1947 1948 
1907 1948 1908 
1908 1948 1949 
1908 1949 1909 
1909 1949 1950 
1909 1950 1910 
1910 1950 1951 
1910 1951 1911 
1911 1951 1952 
1911 1952 1912 
1912 1952 1953 
1912 1953 1913 
1913 1953 1954 
1913 1954 1914 
1914 1954 1955 
1914 1955 1915 
1915 1955 1956 
1915 1956 1916 
1916 1956 1957 
1916 1957 1917 
1917 1957 1958 
1917 1958 1918 
1918 1958 1959 
1918 1959 1919 
1919 1959 1960 
1919 1960 1920 
1920 1960 1961 
1920 1961 1921 
1921 1961 1922 
1921 1922 1882 
1922 1962 1963 
1922 1963 1923 
1923 1963 1964 
1923 1964 1924 
1924 1964 1965 
1924 1965 1925 
1925 1965 1966 
1925 1966 1926 
1926 1966 1967 
1926 1967 1927 
1927 1967 1968 
1927 1968 1928 
1928 1968 1969 
1928 1969 1929 
1929 1969 1970 
1929 1970 1930 
1930 1970 1971 
1930 1971 1931 
1931 1971 1972 
1931 1972 1932 
1932 1972 1973 
1932 1973 1933 
1933 1973 1974 
1933 1974 1934 
1934 1974 1975 
1934 1975 1935 
1935 1975 1976 
1935 1976 1936 
1936 1976 1977 
1936 1977 1937 
1937 1977 1978 
1937 1978 1938 
1938 1978 1979 
1938 1979 1939 
1939 1979 1980 
1939 1980 1940 
1940 1980 1981 
1940 1981 1941 
1941 1981 1982 
1941 1982 1942 
1942 1982 1983 
1942 1983 1943 
1943 1983 1984 
1943 1984 1944 
1944 1984 1985 
1944 1985 1945 
1945 1985 1986 
1945 1986 1946 
1946 1986 1987 
1946 1987 1947 
1947 1987 1988 
1947 1988 1948 
1948 1988 1989 
1948 1989 1949 
1949 1989 1990 
1949 1990 1950 
1950 1990 1991 
1950 1991 1951 
1951 1991 1992 
1951 1992 1952 
1952 1992 1993 
1952 1993 1953 
1953 1993 1994 
1953 1994 1954 
1954 1994 1995 
1954 1995 1955 
1955 1995 1996 
1955 1996 1956 
1956 1996 1997 
1956 1997 1957 
1957 1997 1998 
1957 1998 1958 
1958 1998 1999 
1958 1999 1959 
1959 1999 2000 
1959 2000 1960 
1960 2000 2001 
1960 2001 1961 
1961 2001 1962 
1961 1962 1922 
1962 2002 2003 
1962 2003 1963 
1963 2003 2004 
1963 2004 1964 
1964 2004 2005 
1964 2005 1965 
1965 2005 2006 
1965 2006 1966 
1966 2006 2007 
1966 2007 1967 
1967 2007 2008 
1967 2008 1968 
1968 2008 2009 
1968 2009 1969 
1969 2009 2010 
1969 2010 1970 
1970 2010 2011 
1970 2011 1971 
1971 2011 2012 
1971 2012 1972 
1972 2012 2013 
1972 2013 1973 
1973 2013 2014 
1973 2014 1974 
1974 2014 2015 
1974 2015 1975 
1975 2015 2016 
1975 2016 1976 
1976 2016 2017 
1976 2017 1977 
1977 2017 2018 
1977 2018 1978 
1978 2018 2019 
1978 2019 1979 
1979 2019 2020 
1979 2020 1980 
1980 2020 2021 
1980 2021 1981 
1981 2021 2022 
1981 2022 1982 
1982 2022 2023 
1982 2023 1983 
1983 2023 2024 
1983 2024 1984 
1984 2024 2025 
1984 2025 1985 
1985 2025 2026 
1985 2026 1986 
1986 2026 2027 
1986 2027 1987 
1987 2027 2028 
1987 2028 1988 
1988 2028 2029 
1988 2029 1989 
1989 2029 2030 
1989 2030 1990 
1990 2030 2031 
1990 2031 1991 
1991 2031 2032 
1991 2032 1992 
1992 2032 2033 
1992 2033 1993 
1993 2033 2034 
1993 2034 1994 
1994 2034 2035 
1994 2035 1995 
1995 2035 2036 
1995 2036 1996 
1996 2036 2037 
1996 2037 1997 
1997 2037 2038 
1997 2038 1998 
1998 2038 2039 
1998 2039 1999 
1999 2039 2040 
1999 2040 2000 
2000 2040 2041 
2000 2041 2001 
2001 2041 2002 
2001 2002 1962 
2002 2042 2043 
2002 2043 2003 
2003 2043 2044 
2003 2044 2004 
2004 2044 2045 
2004 2045 2005 
2005 2045 2046 
2005 2046 2006 
2006 2046 2047 
2006 2047 2007 
2007 2047 2048 
2007 2048 2008 
2008 2048 2049 
2008 2049 2009 
2009 2049 2050 
2009 2050 2010 
2010 2050 2051 
2010 2051 2011 
2011 2051 2052 
2011 2052 2012 
2012 2052 2053 
2012 2053 2013 
2013 2053 2054 
2013 2054 2014 
2014 2054 2055 
2014 2055 2015 
2015 2055 2056 
2015 2056 2016 
2016 2056 2057 
2016 2057 2017 
2017 2057 2058 
2017 2058 2018 
2018 2058 2059 
2018 2059 2019 
2019 2059 2060 
2019 2060 2020 
2020 2060 2061 
2020 2061 2021 
2021 2061 2062 
2021 2062 2022 
2022 2062 2063 
2022 2063 2023 
2023 2063 2064 
2023 2064 2024 
2024 2064 2065 
2024 2065 2025 
2025 2065 2066 
2025 2066 2026 
2026 2066 2067 
2026 2067 2027 
2027 2067 2068 
2027 2068 2028 
2028 2068 2069 
2028 2069 2029 
2029 2069 2070 
2029 2070 2030 
2030 2070 2071 
2030 2071 2031 
2031 2071 2072 
2031 2072 2032 
2032 2072 2073 
2032 2073 2033 
2033 2073 2074 
2033 2074 2034 
2034 2074 2075 
2034 2075 2035 
2035 2075 2076 
2035 2076 2036 
2036 2076 2077 
2036 2077 2037 
2037 2077 2078 
2037 2078 2038 
2038 2078 2079 
2038 2079 2039 
2039 2079 2080 
2039 2080 2040 
2040 2080 2081 
2040 2081 2041 
2041 2081 2042 
2041 2042 2002 
2042 2082 2083 
2042 2083 2043 
2043 2083 2084 
2043 2084 2044 
2044 2084 2085 
2044 2085 2045 
2045 2085 2086 
2045 2086 2046 
2046 2086 2087 
2046 2087 2047 
2047 2087 2088 
2047 2088 2048 
2048 2088 2089 
2048 2089 2049 
2049 2089 2090 
2049 2090 2050 
2050 2090 2091 
2050 2091 2051 
2051 2091 2092 
2051 2092 2052 
2052 2092 2093 
2052 2093 2053 
2053 2093 2094 
2053 2094 2054 
2054 2094 2095 
2054 2095 2055 
2055 2095 2096 
2055 2096 2056 
2056 2096 2097 
2056 2097 2057 
2057 2097 2098 
2057 2098 2058 
2058 2098 2099 
2058 2099 2059 
2059 2099 2100 
2059 2100 2060 
2060 2100 2101 
2060 2101 2061 
2061 2101 2102 
2061 2102 2062 
2062 2102 2103 
2062 2103 2063 
2063 2103 2104 
2063 2104 2064 
2064 2104 2105 
2064 2105 2065 
2065 2105 2106 
2065 2106 2066 
2066 2106 2107 
2066 2107 2067 
2067 2107 2108 
2067 2108 2068 
2068 2108 2109 
2068 2109 2069 
2069 2109 2110 
2069 2110 2070 
2070 2110 2111 
2070 2111 2071 
2071 2111 2112 
2071 2112 2072 
2072 2112 2113 
2072 2113 2073 
2073 2113 2114 
2073 2114 2074 
2074 2114 2115 
2074 2115 2075 
2075 2115 2116 
2075 2116 2076 
2076 2116 2117 
2076 2117 2077 
2077 2117 2118 
2077 2118 2078 
2078 2118 2119 
2078 2119 2079 
2079 2119 2120 
2079 2120 2080 
2080 2120 2121 
2080 2121 2081 
2081 2121 2082 
2081 2082 2042 
2082 2122 2123 
2082 2123 2083 
2083 2123 2124 
2083 2124 2084 
2084 2124 2125 
2084 2125 2085 
2085 2125 2126 
2085 2126 2086 
2086 2126 2127 
2086 2127 2087 
2087 2127 2128 
2087 2128 2088 
2088 2128 2129 
2088 2129 2089 
2089 2129 2130 
2089 2130 2090 
2090 2130 2131 
2090 2131 2091 
2091 2131 2132 
2091 2132 2092 
2092 2132 2133 
2092 2133 2093 
2093 2133 2134 
2093 2134 2094 
2094 2134 2135 
2094 2135 2095 
2095 2135 2136 
2095 2136 2096 
2096 2136 2137 
2096 2137 2097 
2097 2137 2138 
2097 2138 2098 
2098 2138 2139 
2098 2139 2099 
2099 2139 2140 
2099 2140 2100 
2100 2140 2141 
2100 2141 2101 
2101 2141 2142 
2101 2142 2102 
2102 2142 2143 
2102 2143 2103 
2103 2143 2144 
2103 2144 2104 
2104 2144 2145 
2104 2145 2105 
2105 2145 2146 
2105 2146 2106 
2106 2146 2147 
2106 2147 2107 
2107 2147 2148 
2107 2148 2108 
2108 2148 2149 
2108 2149 2109 
2109 2149 2150 
2109 2150 2110 
2110 2150 2151 
2110 2151 2111 
2111 2151 2152 
2111 2152 2112 
2112 2152 2153 
2112 2153 2113 
2113 2153 2154 
2113 2154 2114 
2114 2154 2155 
2114 2155 2115 
2115 2155 2156 
2115 2156 2116 
2116 2156 2157 
2116 2157 2117 
2117 2157 2158 
2117 2158 2118 
2118 2158 2159 
2118 2159 2119 
2119 2159 2160 
2119 2160 2120 
2120 2160 2161 
2120 2161 2121 
2121 2161 2122 
2121 2122 2082 
2122 2162 2163 
2122 2163 2123 
2123 2163 2164 
2123 2164 2124 
2124 2164 2165 
2124 2165 2125 
2125 2165 2166 
2125 2166 2126 
2126 2166 2167 
2126 2167 2127 
2127 2167 2168 
2127 2168 2128 
2128 2168 2169 
2128 2169 2129 
2129 2169 2170 
2129 2170 2130 
2130 2170 2171 
2130 2171 2131 
2131 2171 2172 
2131 2172 2132 
2132 2172 2173 
2132 2173 2133 
2133 2173 2174 
2133 2174 2134 
2134 2174 2175 
2134 2175 2135 
2135 2175 2176 
2135 2176 2136 
2136 2176 2177 
2136 2177 2137 
2137 2177 2178 
2137 2178 2138 
2138 2178 2179 
2138 2179 2139 
2139 2179 2180 
2139 2180 2140 
2140 2180 2181 
2140 2181 2141 
2141 2181 2182 
2141 2182 2142 
2142 2182 2183 
2142 2183 2143 
2143 2183 2184 
2143 2184 2144 
2144 2184 2185 
2144 2185 2145 
2145 2185 2186 
2145 2186 2146 
2146 2186 2187 
2146 2187 2147 
2147 2187 2188 
2147 2188 2148 
2148 2188 2189 
2148 2189 2149 
2149 2189 2190 
2149 2190 2150 
2150 2190 2191 
2150 2191 2151 
2151 2191 2192 
2151 2192 2152 
2152 2192 2193 
2152 2193 2153 
2153 2193 2194 
2153 2194 2154 
2154 2194 2195 
2154 2195 2155 
2155 2195 2196 
2155 2196 2156 
2156 2196 2197 
2156 2197 2157 
2157 2197 2198 
2157 2198 2158 
2158 2198 2199 
2158 2199 2159 
2159 2199 2200 
2159 2200 2160 
2160 2200 2201 
2160 2201 2161 
2161 2201 2162 
2161 2162 2122 
2162 2202 2203 
2162 2203 2163 
2163 2203 2204 
2163 2204 2164 
2164 2204 2205 
2164 2205 2165 
2165 2205 2206 
2165 2206 2166 
2166 2206 2207 
2166 2207 2167 
2167 2207 2208 
2167 2208 2168 
2168 2208 2209 
2168 2209 2169 
2169 2209 2210 
2169 2210 2170 
2170 2210 2211 
2170 2211 2171 
2171 2211 2212 
2171 2212 2172 
2172 2212 2213 
2172 2213 2173 
2173 2213 2214 
2173 2214 2174 
2174 2214 2215 
2174 2215 2175 
2175 2215 2216 
2175 2216 2176 
2176 2216 2217 
2176 2217 2177 
2177 2217 2218 
2177 2218 2178 
2178 2218 2219 
2178 2219 2179 
2179 2219 2220 
2179 2220 2180 
2180 2220 2221 
2180 2221 2181 
2181 2221 2222 
2181 2222 2182 
2182 2222 2223 
2182 2223 2183 
2183 2223 2224 
2183 2224 2184 
2184 2224 2225 
2184 2225 2185 
2185 2225 2226 
2185 2226 2186 
2186 2226 2227 
2186 2227 2187 
2187 2227 2228 
2187 2228 2188 
2188 2228 2229 
2188 2229 2189 
2189 2229 2230 
2189 2230 2190 
2190 2230 2231 
2190 2231 2191 
2191 2231 2232 
2191 2232 2192 
2192 2232 2233 
2192 2233 2193 
2193 2233 2234 
2193 2234 2194 
2194 2234 2235 
2194 2235 2195 
2195 2235 2236 
2195 2236 2196 
2196 2236 2237 
2196 2237 2197 
2197 2237 2238 
2197 2238 2198 
2198 2238 2239 
2198 2239 2199 
2199 2239 2240 
2199 2240 2200 
2200 2240 2241 
2200 2241 2201 
2201 2241 2202 
2201 2202 2162 
2202 2242 2243 
2202 2243 2203 
2203 2243 2244 
2203 2244 2204 
2204 2244 2245 
2204 2245 2205 
2205 2245 2246 
2205 2246 2206 
2206 2246 2247 
2206 2247 2207 
2207 2247 2248 
2207 2248 2208 
2208 2248 2249 
2208 2249 2209 
2209 2249 2250 
2209 2250 2210 
2210 2250 2251 
2210 2251 2211 
2211 2251 2252 
2211 2252 2212 
2212 2252 2253 
2212 2253 2213 
2213 2253 2254 
2213 2254 2214 
2214 2254 2255 
2214 2255 2215 
2215 2255 2256 
2215 2256 2216 
2216 2256 2257 
2216 2257 2217 
2217 2257 2258 
2217 2258 2218 
2218 2258 2259 
2218 2259 2219 
2219 2259 2260 
2219 2260 2220 
2220 2260 2261 
2220 2261 2221 
2221 2261 2262 
2221 2262 2222 
2222 2262 2263 
2222 2263 2223 
2223 2263 2264 
2223 2264 2224 
2224 2264 2265 
2224 2265 2225 
2225 2265 2266 
2225 2266 2226 
2226 2266 2267 
2226 2267 2227 
2227 2267 2268 
2227 2268 2228 
2228 2268 2269 
2228 2269 2229 
2229 2269 2270 
2229 2270 2230 
2230 2270 2271 
2230 2271 2231 
2231 2271 2272 
2231 2272 2232 
2232 2272 2273 
2232 2273 2233 
2233 2273 2274 
2233 2274 2234 
2234 2274 2275 
2234 2275 2235 
2235 2275 2276 
2235 2276 2236 
2236 2276 2277 
2236 2277 2237 
2237 2277 2278 
2237 2278 2238 
2238 2278 2279 
2238 2279 2239 
2239 2279 2280 
2239 2280 2240 
2240 2280 2281 
2240 2281 2241 
2241 2281 2242 
2241 2242 2202 
2242 2282 2283 
2242 2283 2243 
2243 2283 2284 
2243 2284 2244 
2244 2284 2285 
2244 2285 2245 
2245 2285 2286 
2245 2286 2246 
2246 2286 2287 
2246 2287 2247 
2247 2287 2288 
2247 2288 2248 
2248 2288 2289 
2248 2289 2249 
2249 2289 2290 
2249 2290 2250 
2250 2290 2291 
2250 2291 2251 
2251 2291 2292 
2251 2292 2252 
2252 2292 2293 
2252 2293 2253 
2253 2293 2294 
2253 2294 2254 
2254 2294 2295 
2254 2295 2255 
2255 2295 2296 
2255 2296 2256 
2256 2296 2297 
2256 2297 2257 
2257 2297 2298 
2257 2298 2258 
2258 2298 2299 
2258 2299 2259 
2259 2299 2300 
2259 2300 2260 
2260 2300 2301 
2260 2301 2261 
2261 2301 2302 
2261 2302 2262 
2262 2302 2303 
2262 2303 2263 
2263 2303 2304 
2263 2304 2264 
2264 2304 2305 
2264 2305 2265 
2265 2305 2306 
2265 2306 2266 
2266 2306 2307 
2266 2307 2267 
2267 2307 2308 
2267 2308 2268 
2268 2308 2309 
2268 2309 2269 
2269 2309 2310 
2269 2310 2270 
2270 2310 2311 
2270 2311 2271 
2271 2311 2312 
2271 2312 2272 
2272 2312 2313 
2272 2313 2273 
2273 2313 2314 
2273 2314 2274 
2274 2314 2315 
2274 2315 2275 
2275 2315 2316 
2275 2316 2276 
2276 2316 2317 
2276 2317 2277 
2277 2317 2318 
2277 2318 2278 
2278 2318 2319 
2278 2319 2279 
2279 2319 2320 
2279 2320 2280 
2280 2320 2321 
2280 2321 2281 
2281 2321 2282 
2281 2282 2242 
2282 2322 2323 
2282 2323 2283 
2283 2323 2324 
2283 2324 2284 
2284 2324 2325 
2284 2325 2285 
2285 2325 2326 
2285 2326 2286 
2286 2326 2327 
2286 2327 2287 
2287 2327 2328 
2287 2328 2288 
2288 2328 2329 
2288 2329 2289 
2289 2329 2330 
2289 2330 2290 
2290 2330 2331 
2290 2331 2291 
2291 2331 2332 
2291 2332 2292 
2292 2332 2333 
2292 2333 2293 
2293 2333 2334 
2293 2334 2294 
2294 2334 2335 
2294 2335 2295 
2295 2335 2336 
2295 2336 2296 
2296 2336 2337 
2296 2337 2297 
2297 2337 2338 
2297 2338 2298 
2298 2338 2339 
2298 2339 2299 
2299 2339 2340 
2299 2340 2300 
2300 2340 2341 
2300 2341 2301 
2301 2341 2342 
2301 2342 2302 
2302 2342 2343 
2302 2343 2303 
2303 2343 2344 
2303 2344 2304 
2304 2344 2345 
2304 2345 2305 
2305 2345 2346 
2305 2346 2306 
2306 2346 2347 
2306 2347 2307 
2307 2347 2348 
2307 2348 2308 
2308 2348 2349 
2308 2349 2309 
2309 2349 2350 
2309 2350 2310 
2310 2350 2351 
2310 2351 2311 
2311 2351 2352 
2311 2352 2312 
2312 2352 2353 
2312 2353 2313 
2313 2353 2354 
2313 2354 2314 
2314 2354 2355 
2314 2355 2315 
2315 2355 2356 
2315 2356 2316 
2316 2356 2357 
2316 2357 2317 
2317 2357 2358 
2317 2358 2318 
2318 2358 2359 
2318 2359 2319 
2319 2359 2360 
2319 2360 2320 
2320 2360 2361 
2320 2361 2321 
2321 2361 2322 
2321 2322 2282 
2322 2362 2363 
2322 2363 2323 
2323 2363 2364 
2323 2364 2324 
2324 2364 2365 
2324 2365 2325 
2325 2365 2366 
2325 2366 2326 
2326 2366 2367 
2326 2367 2327 
2327 2367 2368 
2327 2368 2328 
2328 2368 2369 
2328 2369 2329 
2329 2369 2370 
2329 2370 2330 
2330 2370 2371 
2330 2371 2331 
2331 2371 2372 
2331 2372 2332 
2332 2372 2373 
2332 2373 2333 
2333 2373 2374 
2333 2374 2334 
2334 2374 2375 
2334 2375 2335 
2335 2375 2376 
2335 2376 2336 
2336 2376 2377 
2336 2377 2337 
2337 2377 2378 
2337 2378 2338 
2338 2378 2379 
2338 2379 2339 
2339 2379 2380 
2339 2380 2340 
2340 2380 2381 
2340 2381 2341 
2341 2381 2382 
2341 2382 2342 
2342 2382 2383 
2342 2383 2343 
2343 2383 2384 
2343 2384 2344 
2344 2384 2385 
2344 2385 2345 
2345 2385 2386 
2345 2386 2346 
2346 2386 2387 
2346 2387 2347 
2347 2387 2388 
2347 2388 2348 
2348 2388 2389 
2348 2389 2349 
2349 2389 2390 
2349 2390 2350 
2350 2390 2391 
2350 2391 2351 
2351 2391 2392 
2351 2392 2352 
2352 2392 2393 
2352 2393 2353 
2353 2393 2394 
2353 2394 2354 
2354 2394 2395 
2354 2395 2355 
2355 2395 2396 
2355 2396 2356 
2356 2396 2397 
2356 2397 2357 
2357 2397 2398 
2357 2398 2358 
2358 2398 2399 
2358 2399 2359 
2359 2399 2400 
2359 2400 2360 
2360 2400 2401 
2360 2401 2361 
2361 2401 2362 
2361 2362 2322 
2362 2402 2403 
2362 2403 2363 
2363 2403 2404 
2363 2404 2364 
2364 2404 2405 
2364 2405 2365 
2365 2405 2406 
2365 2406 2366 
2366 2406 2407 
2366 2407 2367 
2367 2407 2408 
2367 2408 2368 
2368 2408 2409 
2368 2409 2369 
2369 2409 2410 
2369 2410 2370 
2370 2410 2411 
2370 2411 2371 
2371 2411 2412 
2371 2412 2372 
2372 2412 2413 
2372 2413 2373 
2373 2413 2414 
2373 2414 2374 
2374 2414 2415 
2374 2415 2375 
2375 2415 2416 
2375 2416 2376 
2376 2416 2417 
2376 2417 2377 
2377 2417 2418 
2377 2418 2378 
2378 2418 2419 
2378 2419 2379 
2379 2419 2420 
2379 2420 2380 
2380 2420 2421 
2380 2421 2381 
2381 2421 2422 
2381 2422 2382 
2382 2422 2423 
2382 2423 2383 
2383 2423 2424 
2383 2424 2384 
2384 2424 2425 
2384 2425 2385 
2385 2425 2426 
2385 2426 2386 
2386 2426 2427 
2386 2427 2387 
2387 2427 2428 
2387 2428 2388 
2388 2428 2429 
2388 2429 2389 
2389 2429 2430 
2389 2430 2390 
2390 2430 2431 
2390 2431 2391 
2391 2431 2432 
2391 2432 2392 
2392 2432 2433 
2392 2433 2393 
2393 2433 2434 
2393 2434 2394 
2394 2434 2435 
2394 2435 2395 
2395 2435 2436 
2395 2436 2396 
2396 2436 2437 
2396 2437 2397 
2397 2437 2438 
2397 2438 2398 
2398 2438 2439 
2398 2439 2399 
2399 2439 2440 
2399 2440 2400 
2400 2440 2441 
2400 2441 2401 
2401 2441 2402 
2401 2402 2362 
2402 2442 2443 
2402 2443 2403 
2403 2443 2444 
2403 2444 2404 
2404 2444 2445 
2404 2445 2405 
2405 2445 2446 
2405 2446 2406 
2406 2446 2447 
2406 2447 2407 
2407 2447 2448 
2407 2448 2408 
2408 2448 2449 
2408 2449 2409 
2409 2449 2450 
2409 2450 2410 
2410 2450 2451 
2410 2451 2411 
2411 2451 2452 
2411 2452 2412 
2412 2452 2453 
2412 2453 2413 
2413 2453 2454 
2413 2454 2414 
2414 2454 2455 
2414 2455 2415 
2415 2455 2456 
2415 2456 2416 
2416 2456 2457 
2416 2457 2417 
2417 2457 2458 
2417 2458 2418 
2418 2458 2459 
2418 2459 2419 
2419 2459 2460 
2419 2460 2420 
2420 2460 2461 
2420 2461 2421 
2421 2461 2462 
2421 2462 2422 
2422 2462 2463 
2422 2463 2423 
2423 2463 2464 
2423 2464 2424 
2424 2464 2465 
2424 2465 2425 
2425 2465 2466 
2425 2466 2426 
2426 2466 2467 
2426 2467 2427 
2427 2467 2468 
2427 2468 2428 
2428 2468 2469 
2428 2469 2429 
2429 2469 2470 
2429 2470 2430 
2430 2470 2471 
2430 2471 2431 
2431 2471 2472 
2431 2472 2432 
2432 2472 2473 
2432 2473 2433 
2433 2473 2474 
2433 2474 2434 
2434 2474 2475 
2434 2475 2435 
2435 2475 2476 
2435 2476 2436 
2436 2476 2477 
2436 2477 2437 
2437 2477 2478 
2437 2478 2438 
2438 2478 2479 
2438 2479 2439 
2439 2479 2480 
2439 2480 2440 
2440 2480 2481 
2440 2481 2441 
2441 2481 2442 
2441 2442 2402 
2442 2482 2483 
2442 2483 2443 
2443 2483 2484 
2443 2484 2444 
2444 2484 2485 
2444 2485 2445 
2445 2485 2486 
2445 2486 2446 
2446 2486 2487 
2446 2487 2447 
2447 2487 2488 
2447 2488 2448 
2448 2488 2489 
2448 2489 2449 
2449 2489 2490 
2449 2490 2450 
2450 2490 2491 
2450 2491 2451 
2451 2491 2492 
2451 2492 2452 
2452 2492 2493 
2452 2493 2453 
2453 2493 2494 
2453 2494 2454 
2454 2494 2495 
2454 2495 2455 
2455 2495 2496 
2455 2496 2456 
2456 2496 2497 
2456 2497 2457 
2457 2497 2498 
2457 2498 2458 
2458 2498 2499 
2458 2499 2459 
2459 2499 2500 
2459 2500 2460 
2460 2500 2501 
2460 2501 2461 
2461 2501 2502 
2461 2502 2462 
2462 2502 2503 
2462 2503 2463 
2463 2503 2504 
2463 2504 2464 
2464 2504 2505 
2464 2505 2465 
2465 2505 2506 
2465 2506 2466 
2466 2506 2507 
2466 2507 2467 
2467 2507 2508 
2467 2508 2468 
2468 2508 2509 
2468 2509 2469 
2469 2509 2510 
2469 2510 2470 
2470 2510 2511 
2470 2511 2471 
2471 2511 2512 
2471 2512 2472 
2472 2512 2513 
2472 2513 2473 
2473 2513 2514 
2473 2514 2474 
2474 2514 2515 
2474 2515 2475 
2475 2515 2516 
2475 2516 2476 
2476 2516 2517 
2476 2517 2477 
2477 2517 2518 
2477 2518 2478 
2478 2518 2519 
2478 2519 2479 
2479 2519 2520 
2479 2520 2480 
2480 2520 2521 
2480 2521 2481 
2481 2521 2482 
2481 2482 2442 
2482 2522 2523 
2482 2523 2483 
2483 2523 2524 
2483 2524 2484 
2484 2524 2525 
2484 2525 2485 
2485 2525 2526 
2485 2526 2486 
2486 2526 2527 
2486 2527 2487 
2487 2527 2528 
2487 2528 2488 
2488 2528 2529 
2488 2529 2489 
2489 2529 2530 
2489 2530 2490 
2490 2530 2531 
2490 2531 2491 
2491 2531 2532 
2491 2532 2492 
2492 2532 2533 
2492 2533 2493 
2493 2533 2534 
2493 2534 2494 
2494 2534 2535 
2494 2535 2495 
2495 2535 2536 
2495 2536 2496 
2496 2536 2537 
2496 2537 2497 
2497 2537 2538 
2497 2538 2498 
2498 2538 2539 
2498 2539 2499 
2499 2539 2540 
2499 2540 2500 
2500 2540 2541 
2500 2541 2501 
2501 2541 2542 
2501 2542 2502 
2502 2542 2543 
2502 2543 2503 
2503 2543 2544 
2503 2544 2504 
2504 2544 2545 
2504 2545 2505 
2505 2545 2546 
2505 2546 2506 
2506 2546 2547 
2506 2547 2507 
2507 2547 2548 
2507 2548 2508 
2508 2548 2549 
2508 2549 2509 
2509 2549 2550 
2509 2550 2510 
2510 2550 2551 
2510 2551 2511 
2511 2551 2552 
2511 2552 2512 
2512 2552 2553 
2512 2553 2513 
2513 2553 2554 
2513 2554 2514 
2514 2554 2555 
2514 2555 2515 
2515 2555 2556 
2515 2556 2516 
2516 2556 2557 
2516 2557 2517 
2517 2557 2558 
2517 2558 2518 
2518 2558 2559 
2518 2559 2519 
2519 2559 2560 
2519 2560 2520 
2520 2560 2561 
2520 2561 2521 
2521 2561 2522 
2521 2522 2482 
2522 2562 2563 
2522 2563 2523 
2523 2563 2564 
2523 2564 2524 
2524 2564 2565 
2524 2565 2525 
2525 2565 2566 
2525 2566 2526 
2526 2566 2567 
2526 2567 2527 
2527 2567 2568 
2527 2568 2528 
2528 2568 2569 
2528 2569 2529 
2529 2569 2570 
2529 2570 2530 
2530 2570 2571 
2530 2571 2531 
2531 2571 2572 
2531 2572 2532 
2532 2572 2573 
2532 2573 2533 
2533 2573 2574 
2533 2574 2534 
2534 2574 2575 
2534 2575 2535 
2535 2575 2576 
2535 2576 2536 
2536 2576 2577 
2536 2577 2537 
2537 2577 2578 
2537 2578 2538 
2538 2578 2579 
2538 2579 2539 
2539 2579 2580 
2539 2580 2540 
2540 2580 2581 
2540 2581 2541 
2541 2581 2582 
2541 2582 2542 
2542 2582 2583 
2542 2583 2543 
2543 2583 2584 
2543 2584 2544 
2544 2584 2585 
2544 2585 2545 
2545 2585 2586 
2545 2586 2546 
2546 2586 2587 
2546 2587 2547 
2547 2587 2588 
2547 2588 2548 
2548 2588 2589 
2548 2589 2549 
2549 2589 2590 
2549 2590 2550 
2550 2590 2591 
2550 2591 2551 
2551 2591 2592 
2551 2592 2552 
2552 2592 2593 
2552 2593 2553 
2553 2593 2594 
2553 2594 2554 
2554 2594 2595 
2554 2595 2555 
2555 2595 2596 
2555 2596 2556 
2556 2596 2597 
2556 2597 2557 
2557 2597 2598 
2557 2598 2558 
2558 2598 2599 
2558 2599 2559 
2559 2599 2600 
2559 2600 2560 
2560 2600 2601 
2560 2601 2561 
2561 2601 2562 
2561 2562 2522 
2562 2602 2603 
2562 2603 2563 
2563 2603 2604 
2563 2604 2564 
2564 2604 2605 
2564 2605 2565 
2565 2605 2606 
2565 2606 2566 
2566 2606 2607 
2566 2607 2567 
2567 2607 2608 
2567 2608 2568 
2568 2608 2609 
2568 2609 2569 
2569 2609 2610 
2569 2610 2570 
2570 2610 2611 
2570 2611 2571 
2571 2611 2612 
2571 2612 2572 
2572 2612 2613 
2572 2613 2573 
2573 2613 2614 
2573 2614 2574 
2574 2614 2615 
2574 2615 2575 
2575 2615 2616 
2575 2616 2576 
2576 2616 2617 
2576 2617 2577 
2577 2617 2618 
2577 2618 2578 
2578 2618 2619 
2578 2619 2579 
2579 2619 2620 
2579 2620 2580 
2580 2620 2621 
2580 2621 2581 
2581 2621 2622 
2581 2622 2582 
2582 2622 2623 
2582 2623 2583 
2583 2623 2624 
2583 2624 2584 
2584 2624 2625 
2584 2625 2585 
2585 2625 2626 
2585 2626 2586 
2586 2626 2627 
2586 2627 2587 
2587 2627 2628 
2587 2628 2588 
2588 2628 2629 
2588 2629 2589 
2589 2629 2630 
2589 2630 2590 
2590 2630 2631 
2590 2631 2591 
2591 2631 2632 
2591 2632 2592 
2592 2632 2633 
2592 2633 2593 
2593 2633 2634 
2593 2634 2594 
2594 2634 2635 
2594 2635 2595 
2595 2635 2636 
2595 2636 2596 
2596 2636 2637 
2596 2637 2597 
2597 2637 2638 
2597 2638 2598 
2598 2638 2639 
2598 2639 2599 
2599 2639 2640 
2599 2640 2600 
2600 2640 2641 
2600 2641 2601 
2601 2641 2602 
2601 2602 2562 
2602 2642 2643 
2602 2643 2603 
2603 2643 2644 
2603 2644 2604 
2604 2644 2645 
2604 2645 2605 
2605 2645 2646 
2605 2646 2606 
2606 2646 2647 
2606 2647 2607 
2607 2647 2648 
2607 2648 2608 
2608 2648 2649 
2608 2649 2609 
2609 2649 2650 
2609 2650 2610 
2610 2650 2651 
2610 2651 2611 
2611 2651 2652 
2611 2652 2612 
2612 2652 2653 
2612 2653 2613 
2613 2653 2654 
2613 2654 2614 
2614 2654 2655 
2614 2655 2615 
2615 2655 2656 
2615 2656 2616 
2616 2656 2657 
2616 2657 2617 
2617 2657 2658 
2617 2658 2618 
2618 2658 2659 
2618 2659 2619 
2619 2659 2660 
2619 2660 2620 
2620 2660 2661 
2620 2661 2621 
2621 2661 2662 
2621 2662 2622 
2622 2662 2663 
2622 2663 2623 
2623 2663 2664 
2623 2664 2624 
2624 2664 2665 
2624 2665 2625 
2625 2665 2666 
2625 2666 2626 
2626 2666 2667 
2626 2667 2627 
2627 2667 2668 
2627 2668 2628 
2628 2668 2669 
2628 2669 2629 
2629 2669 2670 
2629 2670 2630 
2630 2670 2671 
2630 2671 2631 
2631 2671 2672 
2631 2672 2632 
2632 2672 2673 
2632 2673 2633 
2633 2673 2674 
2633 2674 2634 
2634 2674 2675 
2634 2675 2635 
2635 2675 2676 
2635 2676 2636 
2636 2676 2677 
2636 2677 2637 
2637 2677 2678 
2637 2678 2638 
2638 2678 2679 
2638 2679 2639 
2639 2679 2680 
2639 2680 2640 
2640 2680 2681 
2640 2681 2641 
2641 2681 2642 
2641 2642 2602 
2642 2682 2683 
2642 2683 2643 
2643 2683 2684 
2643 2684 2644 
2644 2684 2685 
2644 2685 2645 
2645 2685 2686 
2645 2686 2646 
2646 2686 2687 
2646 2687 2647 
2647 2687 2688 
2647 2688 2648 
2648 2688 2689 
2648 2689 2649 
2649 2689 2690 
2649 2690 2650 
2650 2690 2691 
2650 2691 2651 
2651 2691 2692 
2651 2692 2652 
2652 2692 2693 
2652 2693 2653 
2653 2693 2694 
2653 2694 2654 
2654 2694 2695 
2654 2695 2655 
2655 2695 2696 
2655 2696 2656 
2656 2696 2697 
2656 2697 2657 
2657 2697 2698 
2657 2698 2658 
2658 2698 2699 
2658 2699 2659 
2659 2699 2700 
2659 2700 2660 
2660 2700 2701 
2660 2701 2661 
2661 2701 2702 
2661 2702 2662 
2662 2702 2703 
2662 2703 2663 
2663 2703 2704 
2663 2704 2664 
2664 2704 2705 
2664 2705 2665 
2665 2705 2706 
2665 2706 2666 
2666 2706 2707 
2666 2707 2667 
2667 2707 2708 
2667 2708 2668 
2668 2708 2709 
2668 2709 2669 
2669 2709 2710 
2669 2710 2670 
2670 2710 2711 
2670 2711 2671 
2671 2711 2712 
2671 2712 2672 
2672 2712 2713 
2672 2713 2673 
2673 2713 2714 
2673 2714 2674 
2674 2714 2715 
2674 2715 2675 
2675 2715 2716 
2675 2716 2676 
2676 2716 2717 
2676 2717 2677 
2677 2717 2718 
2677 2718 2678 
2678 2718 2719 
2678 2719 2679 
2679 2719 2720 
2679 2720 2680 
2680 2720 2721 
2680 2721 2681 
2681 2721 2682 
2681 2682 2642 
2682 2722 2723 
2682 2723 2683 
2683 2723 2724 
2683 2724 2684 
2684 2724 2725 
2684 2725 2685 
2685 2725 2726 
2685 2726 2686 
2686 2726 2727 
2686 2727 2687 
2687 2727 2728 
2687 2728 2688 
2688 2728 2729 
2688 2729 2689 
2689 2729 2730 
2689 2730 2690 
2690 2730 2731 
2690 2731 2691 
2691 2731 2732 
2691 2732 2692 
2692 2732 2733 
2692 2733 2693 
2693 2733 2734 
2693 2734 2694 
2694 2734 2735 
2694 2735 2695 
2695 2735 2736 
2695 2736 2696 
2696 2736 2737 
2696 2737 2697 
2697 2737 2738 
2697 2738 2698 
2698 2738 2739 
2698 2739 2699 
2699 2739 2740 
2699 2740 2700 
2700 2740 2741 
2700 2741 2701 
2701 2741 2742 
2701 2742 2702 
2702 2742 2743 
2702 2743 2703 
2703 2743 2744 
2703 2744 2704 
2704 2744 2745 
2704 2745 2705 
2705 2745 2746 
2705 2746 2706 
2706 2746 2747 
2706 2747 2707 
2707 2747 2748 
2707 2748 2708 
2708 2748 2749 
2708 2749 2709 
2709 2749 2750 
2709 2750 2710 
2710 2750 2751 
2710 2751 2711 
2711 2751 2752 
2711 2752 2712 
2712 2752 2753 
2712 2753 2713 
2713 2753 2754 
2713 2754 2714 
2714 2754 2755 
2714 2755 2715 
2715 2755 2756 
2715 2756 2716 
2716 2756 2757 
2716 2757 2717 
2717 2757 2758 
2717 2758 2718 
2718 2758 2759 
2718 2759 2719 
2719 2759 2760 
2719 2760 2720 
2720 2760 2761 
2720 2761 2721 
2721 2761 2722 
2721 2722 2682 
2722 2762 2723 
2723 2762 2724 
2724 2762 2725 
2725 2762 2726 
2726 2762 2727 
2727 2762 2728 
2728 2762 2729 
2729 2762 2730 
2730 2762 2731 
2731 2762 2732 
2732 2762 2733 
2733 2762 2734 
2734 2762 2735 
2735 2762 2736 
2736 2762 2737 
2737 2762 2738 
2738 2762 2739 
2739 2762 2740 
2740 2762 2741 
2741 2762 2742 
2742 2762 2743 
2743 2762 2744 
2744 2762 2745 
2745 2762 2746 
2746 2762 2747 
2747 2762 2748 
2748 2762 2749 
2749 2762 2750 
2750 2762 2751 
2751 2762 2752 
2752 2762 2753 
2753 2762 2754 
2754 2762 2755 
2755 2762 2756 
2756 2762 2757 
2757 2762 2758 
2758 2762 2759 
2759 2762 2760 
2760 2762 2761 
2761 2762 2722 
