2835
0.000000 0.000000 0.000000
0.188679 0.000000 0.000000
0.377358 0.000000 0.000000
0.566038 0.000000 0.000000
0.754717 0.000000 0.000000
0.943396 0.000000 0.000000
1.132075 0.000000 0.000000
1.320755 0.000000 0.000000
1.509434 0.000000 0.000000
1.698113 0.000000 0.000000
1.886792 0.000000 0.000000
2.075472 0.000000 0.000000
2.264151 0.000000 0.000000
2.452830 0.000000 0.000000
2.641509 0.000000 0.000000
2.830189 0.000000 0.000000
3.018868 0.000000 0.000000
3.207547 0.000000 0.000000
3.396226 0.000000 0.000000
3.584906 0.000000 0.000000
3.773585 0.000000 0.000000
3.962264 0.000000 0.000000
4.150943 0.000000 0.000000
4.339623 0.000000 0.000000
4.528302 0.000000 0.000000
4.716981 0.000000 0.000000
4.905660 0.000000 0.000000
5.094340 0.000000 0.000000
5.283019 0.000000 0.000000
5.471698 0.000000 0.000000
5.660377 0.000000 0.000000
5.849057 0.000000 0.000000
6.037736 0.000000 0.000000
6.226415 0.000000 0.000000
6.415094 0.000000 0.000000
6.603774 0.000000 0.000000
6.792453 0.000000 0.000000
6.981132 0.000000 0.000000
7.169811 0.000000 0.000000
7.358491 0.000000 0.000000
7.547170 0.000000 0.000000
7.735849 0.000000 0.000000
7.924528 0.000000 0.000000
8.113208 0.000000 0.000000
8.301887 0.000000 0.000000
8.490566 0.000000 0.000000
8.679245 0.000000 0.000000
8.867925 0.000000 0.000000
9.056604 0.000000 0.000000
9.245283 0.000000 0.000000
9.433962 0.000000 0.000000
9.622642 0.000000 0.000000
9.811321 0.000000 0.000000
0.000000 0.188679 0.000000
0.094340 0.188679 0.000000
0.283019 0.188679 0.000000
0.471698 0.188679 0.000000
0.660377 0.188679 0.000000
0.849057 0.188679 0.000000
1.037736 0.188679 0.000000
1.226415 0.188679 0.000000
1.415094 0.188679 0.000000
1.603774 0.188679 0.000000
1.792453 0.188679 0.000000
1.981132 0.188679 0.000000
2.169811 0.188679 0.000000
2.358491 0.188679 0.000000
2.547170 0.188679 0.000000
2.735849 0.188679 0.000000
2.924528 0.188679 0.000000
3.113208 0.188679 0.000000
3.301887 0.188679 0.000000
3.490566 0.188679 0.000000
3.679245 0.188679 0.000000
3.867925 0.188679 0.000000
4.056604 0.188679 0.000000
4.245283 0.188679 0.000000
4.433962 0.188679 0.000000
4.622642 0.188679 0.000000
4.811321 0.188679 0.000000
5.000000 0.188679 0.000000
5.188679 0.188679 0.000000
5.377358 0.188679 0.000000
5.566038 0.188679 0.000000
5.754717 0.188679 0.000000
5.943396 0.188679 0.000000
6.132075 0.188679 0.000000
6.320755 0.188679 0.000000
6.509434 0.188679 0.000000
6.698113 0.188679 0.000000
6.886792 0.188679 0.000000
7.075472 0.188679 0.000000
7.264151 0.188679 0.000000
7.452830 0.188679 0.000000
7.641509 0.188679 0.000000
7.830189 0.188679 0.000000
8.018868 0.188679 0.000000
8.207547 0.188679 0.000000
8.396226 0.188679 0.000000
8.584906 0.188679 0.000000
8.773585 0.188679 0.000000
8.962264 0.188679 0.000000
9.150943 0.188679 0.000000
9.339623 0.188679 0.000000
9.528302 0.188679 0.000000
9.716981 0.188679 0.000000
0.000000 0.377358 0.000000
0.188679 0.377358 0.000000
0.377358 0.377358 0.000000
0.566038 0.377358 0.000000
0.754717 0.377358 0.000000
0.943396 0.377358 0.000000
1.132075 0.377358 0.000000
1.320755 0.377358 0.000000
1.509434 0.377358 0.000000
1.698113 0.377358 0.000000
1.886792 0.377358 0.000000
2.075472 0.377358 0.000000
2.264151 0.377358 0.000000
2.452830 0.377358 0.000000
2.641509 0.377358 0.000000
2.830189 0.377358 0.000000
3.018868 0.377358 0.000000
3.207547 0.377358 0.000000
3.396226 0.377358 0.000000
3.584906 0.377358 0.000000
3.773585 0.377358 0.000000
3.962264 0.377358 0.000000
4.150943 0.377358 0.000000
4.339623 0.377358 0.000000
4.528302 0.377358 0.000000
4.716981 0.377358 0.000000
4.905660 0.377358 0.000000
5.094340 0.377358 0.000000
5.283019 0.377358 0.000000
5.471698 0.377358 0.000000
5.660377 0.377358 0.000000
5.849057 0.377358 0.000000
6.037736 0.377358 0.000000
6.226415 0.377358 0.000000
6.415094 0.377358 0.000000
6.603774 0.377358 0.000000
6.792453 0.377358 0.000000
6.981132 0.377358 0.000000
7.169811 0.377358 0.000000
7.358491 0.377358 0.000000
7.547170 0.377358 0.000000
7.735849 0.377358 0.000000
7.924528 0.377358 0.000000
8.113208 0.377358 0.000000
8.301887 0.377358 0.000000
8.490566 0.377358 0.000000
8.679245 0.377358 0.000000
8.867925 0.377358 0.000000
9.056604 0.377358 0.000000
9.245283 0.377358 0.000000
9.433962 0.377358 0.000000
9.622642 0.377358 0.000000
9.811321 0.377358 0.000000
0.000000 0.566038 0.000000
0.094340 0.566038 0.000000
0.283019 0.566038 0.000000
0.471698 0.566038 0.000000
0.660377 0.566038 0.000000
0.849057 0.566038 0.000000
1.037736 0.566038 0.000000
1.226415 0.566038 0.000000
1.415094 0.566038 0.000000
1.603774 0.566038 0.000000
1.792453 0.566038 0.000000
1.981132 0.566038 0.000000
2.169811 0.566038 0.000000
2.358491 0.566038 0.000000
2.547170 0.566038 0.000000
2.735849 0.566038 0.000000
2.924528 0.566038 0.000000
3.113208 0.566038 0.000000
3.301887 0.566038 0.000000
3.490566 0.566038 0.000000
3.679245 0.566038 0.000000
3.867925 0.566038 0.000000
4.056604 0.566038 0.000000
4.245283 0.566038 0.000000
4.433962 0.566038 0.000000
4.622642 0.566038 0.000000
4.811321 0.566038 0.000000
5.000000 0.566038 0.000000
5.188679 0.566038 0.000000
5.377358 0.566038 0.000000
5.566038 0.566038 0.000000
5.754717 0.566038 0.000000
5.943396 0.566038 0.000000
6.132075 0.566038 0.000000
6.320755 0.566038 0.000000
6.509434 0.566038 0.000000
6.698113 0.566038 0.000000
6.886792 0.566038 0.000000
7.075472 0.566038 0.000000
7.264151 0.566038 0.000000
7.452830 0.566038 0.000000
7.641509 0.566038 0.000000
7.830189 0.566038 0.000000
8.018868 0.566038 0.000000
8.207547 0.566038 0.000000
8.396226 0.566038 0.000000
8.584906 0.566038 0.000000
8.773585 0.566038 0.000000
8.962264 0.566038 0.000000
9.150943 0.566038 0.000000
9.339623 0.566038 0.000000
9.528302 0.566038 0.000000
9.716981 0.566038 0.000000
0.000000 0.754717 0.000000
0.188679 0.754717 0.000000
0.377358 0.754717 0.000000
0.566038 0.754717 0.000000
0.754717 0.754717 0.000000
0.943396 0.754717 0.000000
1.132075 0.754717 0.000000
1.320755 0.754717 0.000000
1.509434 0.754717 0.000000
1.698113 0.754717 0.000000
1.886792 0.754717 0.000000
2.075472 0.754717 0.000000
2.264151 0.754717 0.000000
2.452830 0.754717 0.000000
2.641509 0.754717 0.000000
2.830189 0.754717 0.000000
3.018868 0.754717 0.000000
3.207547 0.754717 0.000000
3.396226 0.754717 0.000000
3.584906 0.754717 0.000000
3.773585 0.754717 0.000000
3.962264 0.754717 0.000000
4.150943 0.754717 0.000000
4.339623 0.754717 0.000000
4.528302 0.754717 0.000000
4.716981 0.754717 0.000000
4.905660 0.754717 0.000000
5.094340 0.754717 0.000000
5.283019 0.754717 0.000000
5.471698 0.754717 0.000000
5.660377 0.754717 0.000000
5.849057 0.754717 0.000000
6.037736 0.754717 0.000000
6.226415 0.754717 0.000000
6.415094 0.754717 0.000000
6.603774 0.754717 0.000000
6.792453 0.754717 0.000000
6.981132 0.754717 0.000000
7.169811 0.754717 0.000000
7.358491 0.754717 0.000000
7.547170 0.754717 0.000000
7.735849 0.754717 0.000000
7.924528 0.754717 0.000000
8.113208 0.754717 0.000000
8.301887 0.754717 0.000000
8.490566 0.754717 0.000000
8.679245 0.754717 0.000000
8.867925 0.754717 0.000000
9.056604 0.754717 0.000000
9.245283 0.754717 0.000000
9.433962 0.754717 0.000000
9.622642 0.754717 0.000000
9.811321 0.754717 0.000000
0.000000 0.943396 0.000000
0.094340 0.943396 0.000000
0.283019 0.943396 0.000000
0.471698 0.943396 0.000000
0.660377 0.943396 0.000000
0.849057 0.943396 0.000000
1.037736 0.943396 0.000000
1.226415 0.943396 0.000000
1.415094 0.943396 0.000000
1.603774 0.943396 0.000000
1.792453 0.943396 0.000000
1.981132 0.943396 0.000000
2.169811 0.943396 0.000000
2.358491 0.943396 0.000000
2.547170 0.943396 0.000000
2.735849 0.943396 0.000000
2.924528 0.943396 0.000000
3.113208 0.943396 0.000000
3.301887 0.943396 0.000000
3.490566 0.943396 0.000000
3.679245 0.943396 0.000000
3.867925 0.943396 0.000000
4.056604 0.943396 0.000000
4.245283 0.943396 0.000000
4.433962 0.943396 0.000000
4.622642 0.943396 0.000000
4.811321 0.943396 0.000000
5.000000 0.943396 0.000000
5.188679 0.943396 0.000000
5.377358 0.943396 0.000000
5.566038 0.943396 0.000000
5.754717 0.943396 0.000000
5.943396 0.943396 0.000000
6.132075 0.943396 0.000000
6.320755 0.943396 0.000000
6.509434 0.943396 0.000000
6.698113 0.943396 0.000000
6.886792 0.943396 0.000000
7.075472 0.943396 0.000000
7.264151 0.943396 0.000000
7.452830 0.943396 0.000000
7.641509 0.943396 0.000000
7.830189 0.943396 0.000000
8.018868 0.943396 0.000000
8.207547 0.943396 0.000000
8.396226 0.943396 0.000000
8.584906 0.943396 0.000000
8.773585 0.943396 0.000000
8.962264 0.943396 0.000000
9.150943 0.943396 0.000000
9.339623 0.943396 0.000000
9.528302 0.943396 0.000000
9.716981 0.943396 0.000000
0.000000 1.132075 0.000000
0.188679 1.132075 0.000000
0.377358 1.132075 0.000000
0.566038 1.132075 0.000000
0.754717 1.132075 0.000000
0.943396 1.132075 0.000000
1.132075 1.132075 0.000000
1.320755 1.132075 0.000000
1.509434 1.132075 0.000000
1.698113 1.132075 0.000000
1.886792 1.132075 0.000000
2.075472 1.132075 0.000000
2.264151 1.132075 0.000000
2.452830 1.132075 0.000000
2.641509 1.132075 0.000000
2.830189 1.132075 0.000000
3.018868 1.132075 0.000000
3.207547 1.132075 0.000000
3.396226 1.132075 0.000000
3.584906 1.132075 0.000000
3.773585 1.132075 0.000000
3.962264 1.132075 0.000000
4.150943 1.132075 0.000000
4.339623 1.132075 0.000000
4.528302 1.132075 0.000000
4.716981 1.132075 0.000000
4.905660 1.132075 0.000000
5.094340 1.132075 0.000000
5.283019 1.132075 0.000000
5.471698 1.132075 0.000000
5.660377 1.132075 0.000000
5.849057 1.132075 0.000000
6.037736 1.132075 0.000000
6.226415 1.132075 0.000000
6.415094 1.132075 0.000000
6.603774 1.132075 0.000000
6.792453 1.132075 0.000000
6.981132 1.132075 0.000000
7.169811 1.132075 0.000000
7.358491 1.132075 0.000000
7.547170 1.132075 0.000000
7.735849 1.132075 0.000000
7.924528 1.132075 0.000000
8.113208 1.132075 0.000000
8.301887 1.132075 0.000000
8.490566 1.132075 0.000000
8.679245 1.132075 0.000000
8.867925 1.132075 0.000000
9.056604 1.132075 0.000000
9.245283 1.132075 0.000000
9.433962 1.132075 0.000000
9.622642 1.132075 0.000000
9.811321 1.132075 0.000000
0.000000 1.320755 0.000000
0.094340 1.320755 0.000000
0.283019 1.320755 0.000000
0.471698 1.320755 0.000000
0.660377 1.320755 0.000000
0.849057 1.320755 0.000000
1.037736 1.320755 0.000000
1.226415 1.320755 0.000000
1.415094 1.320755 0.000000
1.603774 1.320755 0.000000
1.792453 1.320755 0.000000
1.981132 1.320755 0.000000
2.169811 1.320755 0.000000
2.358491 1.320755 0.000000
2.547170 1.320755 0.000000
2.735849 1.320755 0.000000
2.924528 1.320755 0.000000
3.113208 1.320755 0.000000
3.301887 1.320755 0.000000
3.490566 1.320755 0.000000
3.679245 1.320755 0.000000
3.867925 1.320755 0.000000
4.056604 1.320755 0.000000
4.245283 1.320755 0.000000
4.433962 1.320755 0.000000
4.622642 1.320755 0.000000
4.811321 1.320755 0.000000
5.000000 1.320755 0.000000
5.188679 1.320755 0.000000
5.377358 1.320755 0.000000
5.566038 1.320755 0.000000
5.754717 1.320755 0.000000
5.943396 1.320755 0.000000
6.132075 1.320755 0.000000
6.320755 1.320755 0.000000
6.509434 1.320755 0.000000
6.698113 1.320755 0.000000
6.886792 1.320755 0.000000
7.075472 1.320755 0.000000
7.264151 1.320755 0.000000
7.452830 1.320755 0.000000
7.641509 1.320755 0.000000
7.830189 1.320755 0.000000
8.018868 1.320755 0.000000
8.207547 1.320755 0.000000
8.396226 1.320755 0.000000
8.584906 1.320755 0.000000
8.773585 1.320755 0.000000
8.962264 1.320755 0.000000
9.150943 1.320755 0.000000
9.339623 1.320755 0.000000
9.528302 1.320755 0.000000
9.716981 1.320755 0.000000
0.000000 1.509434 0.000000
0.188679 1.509434 0.000000
0.377358 1.509434 0.000000
0.566038 1.509434 0.000000
0.754717 1.509434 0.000000
0.943396 1.509434 0.000000
1.132075 1.509434 0.000000
1.320755 1.509434 0.000000
1.509434 1.509434 0.000000
1.698113 1.509434 0.000000
1.886792 1.509434 0.000000
2.075472 1.509434 0.000000
2.264151 1.509434 0.000000
2.452830 1.509434 0.000000
2.641509 1.509434 0.000000
2.830189 1.509434 0.000000
3.018868 1.509434 0.000000
3.207547 1.509434 0.000000
3.396226 1.509434 0.000000
3.584906 1.509434 0.000000
3.773585 1.509434 0.000000
3.962264 1.509434 0.000000
4.150943 1.509434 0.000000
4.339623 1.509434 0.000000
4.528302 1.509434 0.000000
4.716981 1.509434 0.000000
4.905660 1.509434 0.000000
5.094340 1.509434 0.000000
5.283019 1.509434 0.000000
5.471698 1.509434 0.000000
5.660377 1.509434 0.000000
5.849057 1.509434 0.000000
6.037736 1.509434 0.000000
6.226415 1.509434 0.000000
6.415094 1.509434 0.000000
6.603774 1.509434 0.000000
6.792453 1.509434 0.000000
6.981132 1.509434 0.000000
7.169811 1.509434 0.000000
7.358491 1.509434 0.000000
7.547170 1.509434 0.000000
7.735849 1.509434 0.000000
7.924528 1.509434 0.000000
8.113208 1.509434 0.000000
8.301887 1.509434 0.000000
8.490566 1.509434 0.000000
8.679245 1.509434 0.000000
8.867925 1.509434 0.000000
9.056604 1.509434 0.000000
9.245283 1.509434 0.000000
9.433962 1.509434 0.000000
9.622642 1.509434 0.000000
9.811321 1.509434 0.000000
0.000000 1.698113 0.000000
0.094340 1.698113 0.000000
0.283019 1.698113 0.000000
0.471698 1.698113 0.000000
0.660377 1.698113 0.000000
0.849057 1.698113 0.000000
1.037736 1.698113 0.000000
1.226415 1.698113 0.000000
1.415094 1.698113 0.000000
1.603774 1.698113 0.000000
1.792453 1.698113 0.000000
1.981132 1.698113 0.000000
2.169811 1.698113 0.000000
2.358491 1.698113 0.000000
2.547170 1.698113 0.000000
2.735849 1.698113 0.000000
2.924528 1.698113 0.000000
3.113208 1.698113 0.000000
3.301887 1.698113 0.000000
3.490566 1.698113 0.000000
3.679245 1.698113 0.000000
3.867925 1.698113 0.000000
4.056604 1.698113 0.000000
4.245283 1.698113 0.000000
4.433962 1.698113 0.000000
4.622642 1.698113 0.000000
4.811321 1.698113 0.000000
5.000000 1.698113 0.000000
5.188679 1.698113 0.000000
5.377358 1.698113 0.000000
5.566038 1.698113 0.000000
5.754717 1.698113 0.000000
5.943396 1.698113 0.000000
6.132075 1.698113 0.000000
6.320755 1.698113 0.000000
6.509434 1.698113 0.000000
6.698113 1.698113 0.000000
6.886792 1.698113 0.000000
7.075472 1.698113 0.000000
7.264151 1.698113 0.000000
7.452830 1.698113 0.000000
7.641509 1.698113 0.000000
7.830189 1.698113 0.000000
8.018868 1.698113 0.000000
8.207547 1.698113 0.000000
8.396226 1.698113 0.000000
8.584906 1.698113 0.000000
8.773585 1.698113 0.000000
8.962264 1.698113 0.000000
9.150943 1.698113 0.000000
9.339623 1.698113 0.000000
9.528302 1.698113 0.000000
9.716981 1.698113 0.000000
0.000000 1.886792 0.000000
0.188679 1.886792 0.000000
0.377358 1.886792 0.000000
0.566038 1.886792 0.000000
0.754717 1.886792 0.000000
0.943396 1.886792 0.000000
1.132075 1.886792 0.000000
1.320755 1.886792 0.000000
1.509434 1.886792 0.000000
1.698113 1.886792 0.000000
1.886792 1.886792 0.000000
2.075472 1.886792 0.000000
2.264151 1.886792 0.000000
2.452830 1.886792 0.000000
2.641509 1.886792 0.000000
2.830189 1.886792 0.000000
3.018868 1.886792 0.000000
3.207547 1.886792 0.000000
3.396226 1.886792 0.000000
3.584906 1.886792 0.000000
3.773585 1.886792 0.000000
3.962264 1.886792 0.000000
4.150943 1.886792 0.000000
4.339623 1.886792 0.000000
4.528302 1.886792 0.000000
4.716981 1.886792 0.000000
4.905660 1.886792 0.000000
5.094340 1.886792 0.000000
5.283019 1.886792 0.000000
5.471698 1.886792 0.000000
5.660377 1.886792 0.000000
5.849057 1.886792 0.000000
6.037736 1.886792 0.000000
6.226415 1.886792 0.000000
6.415094 1.886792 0.000000
6.603774 1.886792 0.000000
6.792453 1.886792 0.000000
6.981132 1.886792 0.000000
7.169811 1.886792 0.000000
7.358491 1.886792 0.000000
7.547170 1.886792 0.000000
7.735849 1.886792 0.000000
7.924528 1.886792 0.000000
8.113208 1.886792 0.000000
8.301887 1.886792 0.000000
8.490566 1.886792 0.000000
8.679245 1.886792 0.000000
8.867925 1.886792 0.000000
9.056604 1.886792 0.000000
9.245283 1.886792 0.000000
9.433962 1.886792 0.000000
9.622642 1.886792 0.000000
9.811321 1.886792 0.000000
0.000000 2.075472 0.000000
0.094340 2.075472 0.000000
0.283019 2.075472 0.000000
0.471698 2.075472 0.000000
0.660377 2.075472 0.000000
0.849057 2.075472 0.000000
1.037736 2.075472 0.000000
1.226415 2.075472 0.000000
1.415094 2.075472 0.000000
1.603774 2.075472 0.000000
1.792453 2.075472 0.000000
1.981132 2.075472 0.000000
2.169811 2.075472 0.000000
2.358491 2.075472 0.000000
2.547170 2.075472 0.000000
2.735849 2.075472 0.000000
2.924528 2.075472 0.000000
3.113208 2.075472 0.000000
3.301887 2.075472 0.000000
3.490566 2.075472 0.000000
3.679245 2.075472 0.000000
3.867925 2.075472 0.000000
4.056604 2.075472 0.000000
4.245283 2.075472 0.000000
4.433962 2.075472 0.000000
4.622642 2.075472 0.000000
4.811321 2.075472 0.000000
5.000000 2.075472 0.000000
5.188679 2.075472 0.000000
5.377358 2.075472 0.000000
5.566038 2.075472 0.000000
5.754717 2.075472 0.000000
5.943396 2.075472 0.000000
6.132075 2.075472 0.000000
6.320755 2.075472 0.000000
6.509434 2.075472 0.000000
6.698113 2.075472 0.000000
6.886792 2.075472 0.000000
7.075472 2.075472 0.000000
7.264151 2.075472 0.000000
7.452830 2.075472 0.000000
7.641509 2.075472 0.000000
7.830189 2.075472 0.000000
8.018868 2.075472 0.000000
8.207547 2.075472 0.000000
8.396226 2.075472 0.000000
8.584906 2.075472 0.000000
8.773585 2.075472 0.000000
8.962264 2.075472 0.000000
9.150943 2.075472 0.000000
9.339623 2.075472 0.000000
9.528302 2.075472 0.000000
9.716981 2.075472 0.000000
0.000000 2.264151 0.000000
0.188679 2.264151 0.000000
0.377358 2.264151 0.000000
0.566038 2.264151 0.000000
0.754717 2.264151 0.000000
0.943396 2.264151 0.000000
1.132075 2.264151 0.000000
1.320755 2.264151 0.000000
1.509434 2.264151 0.000000
1.698113 2.264151 0.000000
1.886792 2.264151 0.000000
2.075472 2.264151 0.000000
2.264151 2.264151 0.000000
2.452830 2.264151 0.000000
2.641509 2.264151 0.000000
2.830189 2.264151 0.000000
3.018868 2.264151 0.000000
3.207547 2.264151 0.000000
3.396226 2.264151 0.000000
3.584906 2.264151 0.000000
3.773585 2.264151 0.000000
3.962264 2.264151 0.000000
4.150943 2.264151 0.000000
4.339623 2.264151 0.000000
4.528302 2.264151 0.000000
4.716981 2.264151 0.000000
4.905660 2.264151 0.000000
5.094340 2.264151 0.000000
5.283019 2.264151 0.000000
5.471698 2.264151 0.000000
5.660377 2.264151 0.000000
5.849057 2.264151 0.000000
6.037736 2.264151 0.000000
6.226415 2.264151 0.000000
6.415094 2.264151 0.000000
6.603774 2.264151 0.000000
6.792453 2.264151 0.000000
6.981132 2.264151 0.000000
7.169811 2.264151 0.000000
7.358491 2.264151 0.000000
7.547170 2.264151 0.000000
7.735849 2.264151 0.000000
7.924528 2.264151 0.000000
8.113208 2.264151 0.000000
8.301887 2.264151 0.000000
8.490566 2.264151 0.000000
8.679245 2.264151 0.000000
8.867925 2.264151 0.000000
9.056604 2.264151 0.000000
9.245283 2.264151 0.000000
9.433962 2.264151 0.000000
9.622642 2.264151 0.000000
9.811321 2.264151 0.000000
0.000000 2.452830 0.000000
0.094340 2.452830 0.000000
0.283019 2.452830 0.000000
0.471698 2.452830 0.000000
0.660377 2.452830 0.000000
0.849057 2.452830 0.000000
1.037736 2.452830 0.000000
1.226415 2.452830 0.000000
1.415094 2.452830 0.000000
1.603774 2.452830 0.000000
1.792453 2.452830 0.000000
1.981132 2.452830 0.000000
2.169811 2.452830 0.000000
2.358491 2.452830 0.000000
2.547170 2.452830 0.000000
2.735849 2.452830 0.000000
2.924528 2.452830 0.000000
3.113208 2.452830 0.000000
3.301887 2.452830 0.000000
3.490566 2.452830 0.000000
3.679245 2.452830 0.000000
3.867925 2.452830 0.000000
4.056604 2.452830 0.000000
4.245283 2.452830 0.000000
4.433962 2.452830 0.000000
4.622642 2.452830 0.000000
4.811321 2.452830 0.000000
5.000000 2.452830 0.000000
5.188679 2.452830 0.000000
5.377358 2.452830 0.000000
5.566038 2.452830 0.000000
5.754717 2.452830 0.000000
5.943396 2.452830 0.000000
6.132075 2.452830 0.000000
6.320755 2.452830 0.000000
6.509434 2.452830 0.000000
6.698113 2.452830 0.000000
6.886792 2.452830 0.000000
7.075472 2.452830 0.000000
7.264151 2.452830 0.000000
7.452830 2.452830 0.000000
7.641509 2.452830 0.000000
7.830189 2.452830 0.000000
8.018868 2.452830 0.000000
8.207547 2.452830 0.000000
8.396226 2.452830 0.000000
8.584906 2.452830 0.000000
8.773585 2.452830 0.000000
8.962264 2.452830 0.000000
9.150943 2.452830 0.000000
9.339623 2.452830 0.000000
9.528302 2.452830 0.000000
9.716981 2.452830 0.000000
0.000000 2.641509 0.000000
0.188679 2.641509 0.000000
0.377358 2.641509 0.000000
0.566038 2.641509 0.000000
0.754717 2.641509 0.000000
0.943396 2.641509 0.000000
1.132075 2.641509 0.000000
1.320755 2.641509 0.000000
1.509434 2.641509 0.000000
1.698113 2.641509 0.000000
1.886792 2.641509 0.000000
2.075472 2.641509 0.000000
2.264151 2.641509 0.000000
2.452830 2.641509 0.000000
2.641509 2.641509 0.000000
2.830189 2.641509 0.000000
3.018868 2.641509 0.000000
3.207547 2.641509 0.000000
3.396226 2.641509 0.000000
3.584906 2.641509 0.000000
3.773585 2.641509 0.000000
3.962264 2.641509 0.000000
4.150943 2.641509 0.000000
4.339623 2.641509 0.000000
4.528302 2.641509 0.000000
4.716981 2.641509 0.000000
4.905660 2.641509 0.000000
5.094340 2.641509 0.000000
5.283019 2.641509 0.000000
5.471698 2.641509 0.000000
5.660377 2.641509 0.000000
5.849057 2.641509 0.000000
6.037736 2.641509 0.000000
6.226415 2.641509 0.000000
6.415094 2.641509 0.000000
6.603774 2.641509 0.000000
6.792453 2.641509 0.000000
6.981132 2.641509 0.000000
7.169811 2.641509 0.000000
7.358491 2.641509 0.000000
7.547170 2.641509 0.000000
7.735849 2.641509 0.000000
7.924528 2.641509 0.000000
8.113208 2.641509 0.000000
8.301887 2.641509 0.000000
8.490566 2.641509 0.000000
8.679245 2.641509 0.000000
8.867925 2.641509 0.000000
9.056604 2.641509 0.000000
9.245283 2.641509 0.000000
9.433962 2.641509 0.000000
9.622642 2.641509 0.000000
9.811321 2.641509 0.000000
0.000000 2.830189 0.000000
0.094340 2.830189 0.000000
0.283019 2.830189 0.000000
0.471698 2.830189 0.000000
0.660377 2.830189 0.000000
0.849057 2.830189 0.000000
1.037736 2.830189 0.000000
1.226415 2.830189 0.000000
1.415094 2.830189 0.000000
1.603774 2.830189 0.000000
1.792453 2.830189 0.000000
1.981132 2.830189 0.000000
2.169811 2.830189 0.000000
2.358491 2.830189 0.000000
2.547170 2.830189 0.000000
2.735849 2.830189 0.000000
2.924528 2.830189 0.000000
3.113208 2.830189 0.000000
3.301887 2.830189 0.000000
3.490566 2.830189 0.000000
3.679245 2.830189 0.000000
3.867925 2.830189 0.000000
4.056604 2.830189 0.000000
4.245283 2.830189 0.000000
4.433962 2.830189 0.000000
4.622642 2.830189 0.000000
4.811321 2.830189 0.000000
5.000000 2.830189 0.000000
5.188679 2.830189 0.000000
5.377358 2.830189 0.000000
5.566038 2.830189 0.000000
5.754717 2.830189 0.000000
5.943396 2.830189 0.000000
6.132075 2.830189 0.000000
6.320755 2.830189 0.000000
6.509434 2.830189 0.000000
6.698113 2.830189 0.000000
6.886792 2.830189 0.000000
7.075472 2.830189 0.000000
7.264151 2.830189 0.000000
7.452830 2.830189 0.000000
7.641509 2.830189 0.000000
7.830189 2.830189 0.000000
8.018868 2.830189 0.000000
8.207547 2.830189 0.000000
8.396226 2.830189 0.000000
8.584906 2.830189 0.000000
8.773585 2.830189 0.000000
8.962264 2.830189 0.000000
9.150943 2.830189 0.000000
9.339623 2.830189 0.000000
9.528302 2.830189 0.000000
9.716981 2.830189 0.000000
0.000000 3.018868 0.000000
0.188679 3.018868 0.000000
0.377358 3.018868 0.000000
0.566038 3.018868 0.000000
0.754717 3.018868 0.000000
0.943396 3.018868 0.000000
1.132075 3.018868 0.000000
1.320755 3.018868 0.000000
1.509434 3.018868 0.000000
1.698113 3.018868 0.000000
1.886792 3.018868 0.000000
2.075472 3.018868 0.000000
2.264151 3.018868 0.000000
2.452830 3.018868 0.000000
2.641509 3.018868 0.000000
2.830189 3.018868 0.000000
3.018868 3.018868 0.000000
3.207547 3.018868 0.000000
3.396226 3.018868 0.000000
3.584906 3.018868 0.000000
3.773585 3.018868 0.000000
3.962264 3.018868 0.000000
4.150943 3.018868 0.000000
4.339623 3.018868 0.000000
4.528302 3.018868 0.000000
4.716981 3.018868 0.000000
4.905660 3.018868 0.000000
5.094340 3.018868 0.000000
5.283019 3.018868 0.000000
5.471698 3.018868 0.000000
5.660377 3.018868 0.000000
5.849057 3.018868 0.000000
6.037736 3.018868 0.000000
6.226415 3.018868 0.000000
6.415094 3.018868 0.000000
6.603774 3.018868 0.000000
6.792453 3.018868 0.000000
6.981132 3.018868 0.000000
7.169811 3.018868 0.000000
7.358491 3.018868 0.000000
7.547170 3.018868 0.000000
7.735849 3.018868 0.000000
7.924528 3.018868 0.000000
8.113208 3.018868 0.000000
8.301887 3.018868 0.000000
8.490566 3.018868 0.000000
8.679245 3.018868 0.000000
8.867925 3.018868 0.000000
9.056604 3.018868 0.000000
9.245283 3.018868 0.000000
9.433962 3.018868 0.000000
9.622642 3.018868 0.000000
9.811321 3.018868 0.000000
0.000000 3.207547 0.000000
0.094340 3.207547 0.000000
0.283019 3.207547 0.000000
0.471698 3.207547 0.000000
0.660377 3.207547 0.000000
0.849057 3.207547 0.000000
1.037736 3.207547 0.000000
1.226415 3.207547 0.000000
1.415094 3.207547 0.000000
1.603774 3.207547 0.000000
1.792453 3.207547 0.000000
1.981132 3.207547 0.000000
2.169811 3.207547 0.000000
2.358491 3.207547 0.000000
2.547170 3.207547 0.000000
2.735849 3.207547 0.000000
2.924528 3.207547 0.000000
3.113208 3.207547 0.000000
3.301887 3.207547 0.000000
3.490566 3.207547 0.000000
3.679245 3.207547 0.000000
3.867925 3.207547 0.000000
4.056604 3.207547 0.000000
4.245283 3.207547 0.000000
4.433962 3.207547 0.000000
4.622642 3.207547 0.000000
4.811321 3.207547 0.000000
5.000000 3.207547 0.000000
5.188679 3.207547 0.000000
5.377358 3.207547 0.000000
5.566038 3.207547 0.000000
5.754717 3.207547 0.000000
5.943396 3.207547 0.000000
6.132075 3.207547 0.000000
6.320755 3.207547 0.000000
6.509434 3.207547 0.000000
6.698113 3.207547 0.000000
6.886792 3.207547 0.000000
7.075472 3.207547 0.000000
7.264151 3.207547 0.000000
7.452830 3.207547 0.000000
7.641509 3.207547 0.000000
7.830189 3.207547 0.000000
8.018868 3.207547 0.000000
8.207547 3.207547 0.000000
8.396226 3.207547 0.000000
8.584906 3.207547 0.000000
8.773585 3.207547 0.000000
8.962264 3.207547 0.000000
9.150943 3.207547 0.000000
9.339623 3.207547 0.000000
9.528302 3.207547 0.000000
9.716981 3.207547 0.000000
0.000000 3.396226 0.000000
0.188679 3.396226 0.000000
0.377358 3.396226 0.000000
0.566038 3.396226 0.000000
0.754717 3.396226 0.000000
0.943396 3.396226 0.000000
1.132075 3.396226 0.000000
1.320755 3.396226 0.000000
1.509434 3.396226 0.000000
1.698113 3.396226 0.000000
1.886792 3.396226 0.000000
2.075472 3.396226 0.000000
2.264151 3.396226 0.000000
2.452830 3.396226 0.000000
2.641509 3.396226 0.000000
2.830189 3.396226 0.000000
3.018868 3.396226 0.000000
3.207547 3.396226 0.000000
3.396226 3.396226 0.000000
3.584906 3.396226 0.000000
3.773585 3.396226 0.000000
3.962264 3.396226 0.000000
4.150943 3.396226 0.000000
4.339623 3.396226 0.000000
4.528302 3.396226 0.000000
4.716981 3.396226 0.000000
4.905660 3.396226 0.000000
5.094340 3.396226 0.000000
5.283019 3.396226 0.000000
5.471698 3.396226 0.000000
5.660377 3.396226 0.000000
5.849057 3.396226 0.000000
6.037736 3.396226 0.000000
6.226415 3.396226 0.000000
6.415094 3.396226 0.000000
6.603774 3.396226 0.000000
6.792453 3.396226 0.000000
6.981132 3.396226 0.000000
7.169811 3.396226 0.000000
7.358491 3.396226 0.000000
7.547170 3.396226 0.000000
7.735849 3.396226 0.000000
7.924528 3.396226 0.000000
8.113208 3.396226 0.000000
8.301887 3.396226 0.000000
8.490566 3.396226 0.000000
8.679245 3.396226 0.000000
8.867925 3.396226 0.000000
9.056604 3.396226 0.000000
9.245283 3.396226 0.000000
9.433962 3.396226 0.000000
9.622642 3.396226 0.000000
9.811321 3.396226 0.000000
0.000000 3.584906 0.000000
0.094340 3.584906 0.000000
0.283019 3.584906 0.000000
0.471698 3.584906 0.000000
0.660377 3.584906 0.000000
0.849057 3.584906 0.000000
1.037736 3.584906 0.000000
1.226415 3.584906 0.000000
1.415094 3.584906 0.000000
1.603774 3.584906 0.000000
1.792453 3.584906 0.000000
1.981132 3.584906 0.000000
2.169811 3.584906 0.000000
2.358491 3.584906 0.000000
2.547170 3.584906 0.000000
2.735849 3.584906 0.000000
2.924528 3.584906 0.000000
3.113208 3.584906 0.000000
3.301887 3.584906 0.000000
3.490566 3.584906 0.000000
3.679245 3.584906 0.000000
3.867925 3.584906 0.000000
4.056604 3.584906 0.000000
4.245283 3.584906 0.000000
4.433962 3.584906 0.000000
4.622642 3.584906 0.000000
4.811321 3.584906 0.000000
5.000000 3.584906 0.000000
5.188679 3.584906 0.000000
5.377358 3.584906 0.000000
5.566038 3.584906 0.000000
5.754717 3.584906 0.000000
5.943396 3.584906 0.000000
6.132075 3.584906 0.000000
6.320755 3.584906 0.000000
6.509434 3.584906 0.000000
6.698113 3.584906 0.000000
6.886792 3.584906 0.000000
7.075472 3.584906 0.000000
7.264151 3.584906 0.000000
7.452830 3.584906 0.000000
7.641509 3.584906 0.000000
7.830189 3.584906 0.000000
8.018868 3.584906 0.000000
8.207547 3.584906 0.000000
8.396226 3.584906 0.000000
8.584906 3.584906 0.000000
8.773585 3.584906 0.000000
8.962264 3.584906 0.000000
9.150943 3.584906 0.000000
9.339623 3.584906 0.000000
9.528302 3.584906 0.000000
9.716981 3.584906 0.000000
0.000000 3.773585 0.000000
0.188679 3.773585 0.000000
0.377358 3.773585 0.000000
0.566038 3.773585 0.000000
0.754717 3.773585 0.000000
0.943396 3.773585 0.000000
1.132075 3.773585 0.000000
1.320755 3.773585 0.000000
1.509434 3.773585 0.000000
1.698113 3.773585 0.000000
1.886792 3.773585 0.000000
2.075472 3.773585 0.000000
2.264151 3.773585 0.000000
2.452830 3.773585 0.000000
2.641509 3.773585 0.000000
2.830189 3.773585 0.000000
3.018868 3.773585 0.000000
3.207547 3.773585 0.000000
3.396226 3.773585 0.000000
3.584906 3.773585 0.000000
3.773585 3.773585 0.000000
3.962264 3.773585 0.000000
4.150943 3.773585 0.000000
4.339623 3.773585 0.000000
4.528302 3.773585 0.000000
4.716981 3.773585 0.000000
4.905660 3.773585 0.000000
5.094340 3.773585 0.000000
5.283019 3.773585 0.000000
5.471698 3.773585 0.000000
5.660377 3.773585 0.000000
5.849057 3.773585 0.000000
6.037736 3.773585 0.000000
6.226415 3.773585 0.000000
6.415094 3.773585 0.000000
6.603774 3.773585 0.000000
6.792453 3.773585 0.000000
6.981132 3.773585 0.000000
7.169811 3.773585 0.000000
7.358491 3.773585 0.000000
7.547170 3.773585 0.000000
7.735849 3.773585 0.000000
7.924528 3.773585 0.000000
8.113208 3.773585 0.000000
8.301887 3.773585 0.000000
8.490566 3.773585 0.000000
8.679245 3.773585 0.000000
8.867925 3.773585 0.000000
9.056604 3.773585 0.000000
9.245283 3.773585 0.000000
9.433962 3.773585 0.000000
9.622642 3.773585 0.000000
9.811321 3.773585 0.000000
0.000000 3.962264 0.000000
0.094340 3.962264 0.000000
0.283019 3.962264 0.000000
0.471698 3.962264 0.000000
0.660377 3.962264 0.000000
0.849057 3.962264 0.000000
1.037736 3.962264 0.000000
1.226415 3.962264 0.000000
1.415094 3.962264 0.000000
1.603774 3.962264 0.000000
1.792453 3.962264 0.000000
1.981132 3.962264 0.000000
2.169811 3.962264 0.000000
2.358491 3.962264 0.000000
2.547170 3.962264 0.000000
2.735849 3.962264 0.000000
2.924528 3.962264 0.000000
3.113208 3.962264 0.000000
3.301887 3.962264 0.000000
3.490566 3.962264 0.000000
3.679245 3.962264 0.000000
3.867925 3.962264 0.000000
4.056604 3.962264 0.000000
4.245283 3.962264 0.000000
4.433962 3.962264 0.000000
4.622642 3.962264 0.000000
4.811321 3.962264 0.000000
5.000000 3.962264 0.000000
5.188679 3.962264 0.000000
5.377358 3.962264 0.000000
5.566038 3.962264 0.000000
5.754717 3.962264 0.000000
5.943396 3.962264 0.000000
6.132075 3.962264 0.000000
6.320755 3.962264 0.000000
6.509434 3.962264 0.000000
6.698113 3.962264 0.000000
6.886792 3.962264 0.000000
7.075472 3.962264 0.000000
7.264151 3.962264 0.000000
7.452830 3.962264 0.000000
7.641509 3.962264 0.000000
7.830189 3.962264 0.000000
8.018868 3.962264 0.000000
8.207547 3.962264 0.000000
8.396226 3.962264 0.000000
8.584906 3.962264 0.000000
8.773585 3.962264 0.000000
8.962264 3.962264 0.000000
9.150943 3.962264 0.000000
9.339623 3.962264 0.000000
9.528302 3.962264 0.000000
9.716981 3.962264 0.000000
0.000000 4.150943 0.000000
0.188679 4.150943 0.000000
0.377358 4.150943 0.000000
0.566038 4.150943 0.000000
0.754717 4.150943 0.000000
0.943396 4.150943 0.000000
1.132075 4.150943 0.000000
1.320755 4.150943 0.000000
1.509434 4.150943 0.000000
1.698113 4.150943 0.000000
1.886792 4.150943 0.000000
2.075472 4.150943 0.000000
2.264151 4.150943 0.000000
2.452830 4.150943 0.000000
2.641509 4.150943 0.000000
2.830189 4.150943 0.000000
3.018868 4.150943 0.000000
3.207547 4.150943 0.000000
3.396226 4.150943 0.000000
3.584906 4.150943 0.000000
3.773585 4.150943 0.000000
3.962264 4.150943 0.000000
4.150943 4.150943 0.000000
4.339623 4.150943 0.000000
4.528302 4.150943 0.000000
4.716981 4.150943 0.000000
4.905660 4.150943 0.000000
5.094340 4.150943 0.000000
5.283019 4.150943 0.000000
5.471698 4.150943 0.000000
5.660377 4.150943 0.000000
5.849057 4.150943 0.000000
6.037736 4.150943 0.000000
6.226415 4.150943 0.000000
6.415094 4.150943 0.000000
6.603774 4.150943 0.000000
6.792453 4.150943 0.000000
6.981132 4.150943 0.000000
7.169811 4.150943 0.000000
7.358491 4.150943 0.000000
7.547170 4.150943 0.000000
7.735849 4.150943 0.000000
7.924528 4.150943 0.000000
8.113208 4.150943 0.000000
8.301887 4.150943 0.000000
8.490566 4.150943 0.000000
8.679245 4.150943 0.000000
8.867925 4.150943 0.000000
9.056604 4.150943 0.000000
9.245283 4.150943 0.000000
9.433962 4.150943 0.000000
9.622642 4.150943 0.000000
9.811321 4.150943 0.000000
0.000000 4.339623 0.000000
0.094340 4.339623 0.000000
0.283019 4.339623 0.000000
0.471698 4.339623 0.000000
0.660377 4.339623 0.000000
0.849057 4.339623 0.000000
1.037736 4.339623 0.000000
1.226415 4.339623 0.000000
1.415094 4.339623 0.000000
1.603774 4.339623 0.000000
1.792453 4.339623 0.000000
1.981132 4.339623 0.000000
2.169811 4.339623 0.000000
2.358491 4.339623 0.000000
2.547170 4.339623 0.000000
2.735849 4.339623 0.000000
2.924528 4.339623 0.000000
3.113208 4.339623 0.000000
3.301887 4.339623 0.000000
3.490566 4.339623 0.000000
3.679245 4.339623 0.000000
3.867925 4.339623 0.000000
4.056604 4.339623 0.000000
4.245283 4.339623 0.000000
4.433962 4.339623 0.000000
4.622642 4.339623 0.000000
4.811321 4.339623 0.000000
5.000000 4.339623 0.000000
5.188679 4.339623 0.000000
5.377358 4.339623 0.000000
5.566038 4.339623 0.000000
5.754717 4.339623 0.000000
5.943396 4.339623 0.000000
6.132075 4.339623 0.000000
6.320755 4.339623 0.000000
6.509434 4.339623 0.000000
6.698113 4.339623 0.000000
6.886792 4.339623 0.000000
7.075472 4.339623 0.000000
7.264151 4.339623 0.000000
7.452830 4.339623 0.000000
7.641509 4.339623 0.000000
7.830189 4.339623 0.000000
8.018868 4.339623 0.000000
8.207547 4.339623 0.000000
8.396226 4.339623 0.000000
8.584906 4.339623 0.000000
8.773585 4.339623 0.000000
8.962264 4.339623 0.000000
9.150943 4.339623 0.000000
9.339623 4.339623 0.000000
9.528302 4.339623 0.000000
9.716981 4.339623 0.000000
0.000000 4.528302 0.000000
0.188679 4.528302 0.000000
0.377358 4.528302 0.000000
0.566038 4.528302 0.000000
0.754717 4.528302 0.000000
0.943396 4.528302 0.000000
1.132075 4.528302 0.000000
1.320755 4.528302 0.000000
1.509434 4.528302 0.000000
1.698113 4.528302 0.000000
1.886792 4.528302 0.000000
2.075472 4.528302 0.000000
2.264151 4.528302 0.000000
2.452830 4.528302 0.000000
2.641509 4.528302 0.000000
2.830189 4.528302 0.000000
3.018868 4.528302 0.000000
3.207547 4.528302 0.000000
3.396226 4.528302 0.000000
3.584906 4.528302 0.000000
3.773585 4.528302 0.000000
3.962264 4.528302 0.000000
4.150943 4.528302 0.000000
4.339623 4.528302 0.000000
4.528302 4.528302 0.000000
4.716981 4.528302 0.000000
4.905660 4.528302 0.000000
5.094340 4.528302 0.000000
5.283019 4.528302 0.000000
5.471698 4.528302 0.000000
5.660377 4.528302 0.000000
5.849057 4.528302 0.000000
6.037736 4.528302 0.000000
6.226415 4.528302 0.000000
6.415094 4.528302 0.000000
6.603774 4.528302 0.000000
6.792453 4.528302 0.000000
6.981132 4.528302 0.000000
7.169811 4.528302 0.000000
7.358491 4.528302 0.000000
7.547170 4.528302 0.000000
7.735849 4.528302 0.000000
7.924528 4.528302 0.000000
8.113208 4.528302 0.000000
8.301887 4.528302 0.000000
8.490566 4.528302 0.000000
8.679245 4.528302 0.000000
8.867925 4.528302 0.000000
9.056604 4.528302 0.000000
9.245283 4.528302 0.000000
9.433962 4.528302 0.000000
9.622642 4.528302 0.000000
9.811321 4.528302 0.000000
0.000000 4.716981 0.000000
0.094340 4.716981 0.000000
0.283019 4.716981 0.000000
0.471698 4.716981 0.000000
0.660377 4.716981 0.000000
0.849057 4.716981 0.000000
1.037736 4.716981 0.000000
1.226415 4.716981 0.000000
1.415094 4.716981 0.000000
1.603774 4.716981 0.000000
1.792453 4.716981 0.000000
1.981132 4.716981 0.000000
2.169811 4.716981 0.000000
2.358491 4.716981 0.000000
2.547170 4.716981 0.000000
2.735849 4.716981 0.000000
2.924528 4.716981 0.000000
3.113208 4.716981 0.000000
3.301887 4.716981 0.000000
3.490566 4.716981 0.000000
3.679245 4.716981 0.000000
3.867925 4.716981 0.000000
4.056604 4.716981 0.000000
4.245283 4.716981 0.000000
4.433962 4.716981 0.000000
4.622642 4.716981 0.000000
4.811321 4.716981 0.000000
5.000000 4.716981 0.000000
5.188679 4.716981 0.000000
5.377358 4.716981 0.000000
5.566038 4.716981 0.000000
5.754717 4.716981 0.000000
5.943396 4.716981 0.000000
6.132075 4.716981 0.000000
6.320755 4.716981 0.000000
6.509434 4.716981 0.000000
6.698113 4.716981 0.000000
6.886792 4.716981 0.000000
7.075472 4.716981 0.000000
7.264151 4.716981 0.000000
7.452830 4.716981 0.000000
7.641509 4.716981 0.000000
7.830189 4.716981 0.000000
8.018868 4.716981 0.000000
8.207547 4.716981 0.000000
8.396226 4.716981 0.000000
8.584906 4.716981 0.000000
8.773585 4.716981 0.000000
8.962264 4.716981 0.000000
9.150943 4.716981 0.000000
9.339623 4.716981 0.000000
9.528302 4.716981 0.000000
9.716981 4.716981 0.000000
0.000000 4.905660 0.000000
0.188679 4.905660 0.000000
0.377358 4.905660 0.000000
0.566038 4.905660 0.000000
0.754717 4.905660 0.000000
0.943396 4.905660 0.000000
1.132075 4.905660 0.000000
1.320755 4.905660 0.000000
1.509434 4.905660 0.000000
1.698113 4.905660 0.000000
1.886792 4.905660 0.000000
2.075472 4.905660 0.000000
2.264151 4.905660 0.000000
2.452830 4.905660 0.000000
2.641509 4.905660 0.000000
2.830189 4.905660 0.000000
3.018868 4.905660 0.000000
3.207547 4.905660 0.000000
3.396226 4.905660 0.000000
3.584906 4.905660 0.000000
3.773585 4.905660 0.000000
3.962264 4.905660 0.000000
4.150943 4.905660 0.000000
4.339623 4.905660 0.000000
4.528302 4.905660 0.000000
4.716981 4.905660 0.000000
4.905660 4.905660 0.000000
5.094340 4.905660 0.000000
5.283019 4.905660 0.000000
5.471698 4.905660 0.000000
5.660377 4.905660 0.000000
5.849057 4.905660 0.000000
6.037736 4.905660 0.000000
6.226415 4.905660 0.000000
6.415094 4.905660 0.000000
6.603774 4.905660 0.000000
6.792453 4.905660 0.000000
6.981132 4.905660 0.000000
7.169811 4.905660 0.000000
7.358491 4.905660 0.000000
7.547170 4.905660 0.000000
7.735849 4.905660 0.000000
7.924528 4.905660 0.000000
8.113208 4.905660 0.000000
8.301887 4.905660 0.000000
8.490566 4.905660 0.000000
8.679245 4.905660 0.000000
8.867925 4.905660 0.000000
9.056604 4.905660 0.000000
9.245283 4.905660 0.000000
9.433962 4.905660 0.000000
9.622642 4.905660 0.000000
9.811321 4.905660 0.000000
0.000000 5.094340 0.000000
0.094340 5.094340 0.000000
0.283019 5.094340 0.000000
0.471698 5.094340 0.000000
0.660377 5.094340 0.000000
0.849057 5.094340 0.000000
1.037736 5.094340 0.000000
1.226415 5.094340 0.000000
1.415094 5.094340 0.000000
1.603774 5.094340 0.000000
1.792453 5.094340 0.000000
1.981132 5.094340 0.000000
2.169811 5.094340 0.000000
2.358491 5.094340 0.000000
2.547170 5.094340 0.000000
2.735849 5.094340 0.000000
2.924528 5.094340 0.000000
3.113208 5.094340 0.000000
3.301887 5.094340 0.000000
3.490566 5.094340 0.000000
3.679245 5.094340 0.000000
3.867925 5.094340 0.000000
4.056604 5.094340 0.000000
4.245283 5.094340 0.000000
4.433962 5.094340 0.000000
4.622642 5.094340 0.000000
4.811321 5.094340 0.000000
5.000000 5.094340 0.000000
5.188679 5.094340 0.000000
5.377358 5.094340 0.000000
5.566038 5.094340 0.000000
5.754717 5.094340 0.000000
5.943396 5.094340 0.000000
6.132075 5.094340 0.000000
6.320755 5.094340 0.000000
6.509434 5.094340 0.000000
6.698113 5.094340 0.000000
6.886792 5.094340 0.000000
7.075472 5.094340 0.000000
7.264151 5.094340 0.000000
7.452830 5.094340 0.000000
7.641509 5.094340 0.000000
7.830189 5.094340 0.000000
8.018868 5.094340 0.000000
8.207547 5.094340 0.000000
8.396226 5.094340 0.000000
8.584906 5.094340 0.000000
8.773585 5.094340 0.000000
8.962264 5.094340 0.000000
9.150943 5.094340 0.000000
9.339623 5.094340 0.000000
9.528302 5.094340 0.000000
9.716981 5.094340 0.000000
0.000000 5.283019 0.000000
0.188679 5.283019 0.000000
0.377358 5.283019 0.000000
0.566038 5.283019 0.000000
0.754717 5.283019 0.000000
0.943396 5.283019 0.000000
1.132075 5.283019 0.000000
1.320755 5.283019 0.000000
1.509434 5.283019 0.000000
1.698113 5.283019 0.000000
1.886792 5.283019 0.000000
2.075472 5.283019 0.000000
2.264151 5.283019 0.000000
2.452830 5.283019 0.000000
2.641509 5.283019 0.000000
2.830189 5.283019 0.000000
3.018868 5.283019 0.000000
3.207547 5.283019 0.000000
3.396226 5.283019 0.000000
3.584906 5.283019 0.000000
3.773585 5.283019 0.000000
3.962264 5.283019 0.000000
4.150943 5.283019 0.000000
4.339623 5.283019 0.000000
4.528302 5.283019 0.000000
4.716981 5.283019 0.000000
4.905660 5.283019 0.000000
5.094340 5.283019 0.000000
5.283019 5.283019 0.000000
5.471698 5.283019 0.000000
5.660377 5.283019 0.000000
5.849057 5.283019 0.000000
6.037736 5.283019 0.000000
6.226415 5.283019 0.000000
6.415094 5.283019 0.000000
6.603774 5.283019 0.000000
6.792453 5.283019 0.000000
6.981132 5.283019 0.000000
7.169811 5.283019 0.000000
7.358491 5.283019 0.000000
7.547170 5.283019 0.000000
7.735849 5.283019 0.000000
7.924528 5.283019 0.000000
8.113208 5.283019 0.000000
8.301887 5.283019 0.000000
8.490566 5.283019 0.000000
8.679245 5.283019 0.000000
8.867925 5.283019 0.000000
9.056604 5.283019 0.000000
9.245283 5.283019 0.000000
9.433962 5.283019 0.000000
9.622642 5.283019 0.000000
9.811321 5.283019 0.000000
0.000000 5.471698 0.000000
0.094340 5.471698 0.000000
0.283019 5.471698 0.000000
0.471698 5.471698 0.000000
0.660377 5.471698 0.000000
0.849057 5.471698 0.000000
1.037736 5.471698 0.000000
1.226415 5.471698 0.000000
1.415094 5.471698 0.000000
1.603774 5.471698 0.000000
1.792453 5.471698 0.000000
1.981132 5.471698 0.000000
2.169811 5.471698 0.000000
2.358491 5.471698 0.000000
2.547170 5.471698 0.000000
2.735849 5.471698 0.000000
2.924528 5.471698 0.000000
3.113208 5.471698 0.000000
3.301887 5.471698 0.000000
3.490566 5.471698 0.000000
3.679245 5.471698 0.000000
3.867925 5.471698 0.000000
4.056604 5.471698 0.000000
4.245283 5.471698 0.000000
4.433962 5.471698 0.000000
4.622642 5.471698 0.000000
4.811321 5.471698 0.000000
5.000000 5.471698 0.000000
5.188679 5.471698 0.000000
5.377358 5.471698 0.000000
5.566038 5.471698 0.000000
5.754717 5.471698 0.000000
5.943396 5.471698 0.000000
6.132075 5.471698 0.000000
6.320755 5.471698 0.000000
6.509434 5.471698 0.000000
6.698113 5.471698 0.000000
6.886792 5.471698 0.000000
7.075472 5.471698 0.000000
7.264151 5.471698 0.000000
7.452830 5.471698 0.000000
7.641509 5.471698 0.000000
7.830189 5.471698 0.000000
8.018868 5.471698 0.000000
8.207547 5.471698 0.000000
8.396226 5.471698 0.000000
8.584906 5.471698 0.000000
8.773585 5.471698 0.000000
8.962264 5.471698 0.000000
9.150943 5.471698 0.000000
9.339623 5.471698 0.000000
9.528302 5.471698 0.000000
9.716981 5.471698 0.000000
0.000000 5.660377 0.000000
0.188679 5.660377 0.000000
0.377358 5.660377 0.000000
0.566038 5.660377 0.000000
0.754717 5.660377 0.000000
0.943396 5.660377 0.000000
1.132075 5.660377 0.000000
1.320755 5.660377 0.000000
1.509434 5.660377 0.000000
1.698113 5.660377 0.000000
1.886792 5.660377 0.000000
2.075472 5.660377 0.000000
2.264151 5.660377 0.000000
2.452830 5.660377 0.000000
2.641509 5.660377 0.000000
2.830189 5.660377 0.000000
3.018868 5.660377 0.000000
3.207547 5.660377 0.000000
3.396226 5.660377 0.000000
3.584906 5.660377 0.000000
3.773585 5.660377 0.000000
3.962264 5.660377 0.000000
4.150943 5.660377 0.000000
4.339623 5.660377 0.000000
4.528302 5.660377 0.000000
4.716981 5.660377 0.000000
4.905660 5.660377 0.000000
5.094340 5.660377 0.000000
5.283019 5.660377 0.000000
5.471698 5.660377 0.000000
5.660377 5.660377 0.000000
5.849057 5.660377 0.000000
6.037736 5.660377 0.000000
6.226415 5.660377 0.000000
6.415094 5.660377 0.000000
6.603774 5.660377 0.000000
6.792453 5.660377 0.000000
6.981132 5.660377 0.000000
7.169811 5.660377 0.000000
7.358491 5.660377 0.000000
7.547170 5.660377 0.000000
7.735849 5.660377 0.000000
7.924528 5.660377 0.000000
8.113208 5.660377 0.000000
8.301887 5.660377 0.000000
8.490566 5.660377 0.000000
8.679245 5.660377 0.000000
8.867925 5.660377 0.000000
9.056604 5.660377 0.000000
9.245283 5.660377 0.000000
9.433962 5.660377 0.000000
9.622642 5.660377 0.000000
9.811321 5.660377 0.000000
0.000000 5.849057 0.000000
0.094340 5.849057 0.000000
0.283019 5.849057 0.000000
0.471698 5.849057 0.000000
0.660377 5.849057 0.000000
0.849057 5.849057 0.000000
1.037736 5.849057 0.000000
1.226415 5.849057 0.000000
1.415094 5.849057 0.000000
1.603774 5.849057 0.000000
1.792453 5.849057 0.000000
1.981132 5.849057 0.000000
2.169811 5.849057 0.000000
2.358491 5.849057 0.000000
2.547170 5.849057 0.000000
2.735849 5.849057 0.000000
2.924528 5.849057 0.000000
3.113208 5.849057 0.000000
3.301887 5.849057 0.000000
3.490566 5.849057 0.000000
3.679245 5.849057 0.000000
3.867925 5.849057 0.000000
4.056604 5.849057 0.000000
4.245283 5.849057 0.000000
4.433962 5.849057 0.000000
4.622642 5.849057 0.000000
4.811321 5.849057 0.000000
5.000000 5.849057 0.000000
5.188679 5.849057 0.000000
5.377358 5.849057 0.000000
5.566038 5.849057 0.000000
5.754717 5.849057 0.000000
5.943396 5.849057 0.000000
6.132075 5.849057 0.000000
6.320755 5.849057 0.000000
6.509434 5.849057 0.000000
6.698113 5.849057 0.000000
6.886792 5.849057 0.000000
7.075472 5.849057 0.000000
7.264151 5.849057 0.000000
7.452830 5.849057 0.000000
7.641509 5.849057 0.000000
7.830189 5.849057 0.000000
8.018868 5.849057 0.000000
8.207547 5.849057 0.000000
8.396226 5.849057 0.000000
8.584906 5.849057 0.000000
8.773585 5.849057 0.000000
8.962264 5.849057 0.000000
9.150943 5.849057 0.000000
9.339623 5.849057 0.000000
9.528302 5.849057 0.000000
9.716981 5.849057 0.000000
0.000000 6.037736 0.000000
0.188679 6.037736 0.000000
0.377358 6.037736 0.000000
0.566038 6.037736 0.000000
0.754717 6.037736 0.000000
0.943396 6.037736 0.000000
1.132075 6.037736 0.000000
1.320755 6.037736 0.000000
1.509434 6.037736 0.000000
1.698113 6.037736 0.000000
1.886792 6.037736 0.000000
2.075472 6.037736 0.000000
2.264151 6.037736 0.000000
2.452830 6.037736 0.000000
2.641509 6.037736 0.000000
2.830189 6.037736 0.000000
3.018868 6.037736 0.000000
3.207547 6.037736 0.000000
3.396226 6.037736 0.000000
3.584906 6.037736 0.000000
3.773585 6.037736 0.000000
3.962264 6.037736 0.000000
4.150943 6.037736 0.000000
4.339623 6.037736 0.000000
4.528302 6.037736 0.000000
4.716981 6.037736 0.000000
4.905660 6.037736 0.000000
5.094340 6.037736 0.000000
5.283019 6.037736 0.000000
5.471698 6.037736 0.000000
5.660377 6.037736 0.000000
5.849057 6.037736 0.000000
6.037736 6.037736 0.000000
6.226415 6.037736 0.000000
6.415094 6.037736 0.000000
6.603774 6.037736 0.000000
6.792453 6.037736 0.000000
6.981132 6.037736 0.000000
7.169811 6.037736 0.000000
7.358491 6.037736 0.000000
7.547170 6.037736 0.000000
7.735849 6.037736 0.000000
7.924528 6.037736 0.000000
8.113208 6.037736 0.000000
8.301887 6.037736 0.000000
8.490566 6.037736 0.000000
8.679245 6.037736 0.000000
8.867925 6.037736 0.000000
9.056604 6.037736 0.000000
9.245283 6.037736 0.000000
9.433962 6.037736 0.000000
9.622642 6.037736 0.000000
9.811321 6.037736 0.000000
0.000000 6.226415 0.000000
0.094340 6.226415 0.000000
0.283019 6.226415 0.000000
0.471698 6.226415 0.000000
0.660377 6.226415 0.000000
0.849057 6.226415 0.000000
1.037736 6.226415 0.000000
1.226415 6.226415 0.000000
1.415094 6.226415 0.000000
1.603774 6.226415 0.000000
1.792453 6.226415 0.000000
1.981132 6.226415 0.000000
2.169811 6.226415 0.000000
2.358491 6.226415 0.000000
2.547170 6.226415 0.000000
2.735849 6.226415 0.000000
2.924528 6.226415 0.000000
3.113208 6.226415 0.000000
3.301887 6.226415 0.000000
3.490566 6.226415 0.000000
3.679245 6.226415 0.000000
3.867925 6.226415 0.000000
4.056604 6.226415 0.000000
4.245283 6.226415 0.000000
4.433962 6.226415 0.000000
4.622642 6.226415 0.000000
4.811321 6.226415 0.000000
5.000000 6.226415 0.000000
5.188679 6.226415 0.000000
5.377358 6.226415 0.000000
5.566038 6.226415 0.000000
5.754717 6.226415 0.000000
5.943396 6.226415 0.000000
6.132075 6.226415 0.000000
6.320755 6.226415 0.000000
6.509434 6.226415 0.000000
6.698113 6.226415 0.000000
6.886792 6.226415 0.000000
7.075472 6.226415 0.000000
7.264151 6.226415 0.000000
7.452830 6.226415 0.000000
7.641509 6.226415 0.000000
7.830189 6.226415 0.000000
8.018868 6.226415 0.000000
8.207547 6.226415 0.000000
8.396226 6.226415 0.000000
8.584906 6.226415 0.000000
8.773585 6.226415 0.000000
8.962264 6.226415 0.000000
9.150943 6.226415 0.000000
9.339623 6.226415 0.000000
9.528302 6.226415 0.000000
9.716981 6.226415 0.000000
0.000000 6.415094 0.000000
0.188679 6.415094 0.000000
0.377358 6.415094 0.000000
0.566038 6.415094 0.000000
0.754717 6.415094 0.000000
0.943396 6.415094 0.000000
1.132075 6.415094 0.000000
1.320755 6.415094 0.000000
1.509434 6.415094 0.000000
1.698113 6.415094 0.000000
1.886792 6.415094 0.000000
2.075472 6.415094 0.000000
2.264151 6.415094 0.000000
2.452830 6.415094 0.000000
2.641509 6.415094 0.000000
2.830189 6.415094 0.000000
3.018868 6.415094 0.000000
3.207547 6.415094 0.000000
3.396226 6.415094 0.000000
3.584906 6.415094 0.000000
3.773585 6.415094 0.000000
3.962264 6.415094 0.000000
4.150943 6.415094 0.000000
4.339623 6.415094 0.000000
4.528302 6.415094 0.000000
4.716981 6.415094 0.000000
4.905660 6.415094 0.000000
5.094340 6.415094 0.000000
5.283019 6.415094 0.000000
5.471698 6.415094 0.000000
5.660377 6.415094 0.000000
5.849057 6.415094 0.000000
6.037736 6.415094 0.000000
6.226415 6.415094 0.000000
6.415094 6.415094 0.000000
6.603774 6.415094 0.000000
6.792453 6.415094 0.000000
6.981132 6.415094 0.000000
7.169811 6.415094 0.000000
7.358491 6.415094 0.000000
7.547170 6.415094 0.000000
7.735849 6.415094 0.000000
7.924528 6.415094 0.000000
8.113208 6.415094 0.000000
8.301887 6.415094 0.000000
8.490566 6.415094 0.000000
8.679245 6.415094 0.000000
8.867925 6.415094 0.000000
9.056604 6.415094 0.000000
9.245283 6.415094 0.000000
9.433962 6.415094 0.000000
9.622642 6.415094 0.000000
9.811321 6.415094 0.000000
0.000000 6.603774 0.000000
0.094340 6.603774 0.000000
0.283019 6.603774 0.000000
0.471698 6.603774 0.000000
0.660377 6.603774 0.000000
0.849057 6.603774 0.000000
1.037736 6.603774 0.000000
1.226415 6.603774 0.000000
1.415094 6.603774 0.000000
1.603774 6.603774 0.000000
1.792453 6.603774 0.000000
1.981132 6.603774 0.000000
2.169811 6.603774 0.000000
2.358491 6.603774 0.000000
2.547170 6.603774 0.000000
2.735849 6.603774 0.000000
2.924528 6.603774 0.000000
3.113208 6.603774 0.000000
3.301887 6.603774 0.000000
3.490566 6.603774 0.000000
3.679245 6.603774 0.000000
3.867925 6.603774 0.000000
4.056604 6.603774 0.000000
4.245283 6.603774 0.000000
4.433962 6.603774 0.000000
4.622642 6.603774 0.000000
4.811321 6.603774 0.000000
5.000000 6.603774 0.000000
5.188679 6.603774 0.000000
5.377358 6.603774 0.000000
5.566038 6.603774 0.000000
5.754717 6.603774 0.000000
5.943396 6.603774 0.000000
6.132075 6.603774 0.000000
6.320755 6.603774 0.000000
6.509434 6.603774 0.000000
6.698113 6.603774 0.000000
6.886792 6.603774 0.000000
7.075472 6.603774 0.000000
7.264151 6.603774 0.000000
7.452830 6.603774 0.000000
7.641509 6.603774 0.000000
7.830189 6.603774 0.000000
8.018868 6.603774 0.000000
8.207547 6.603774 0.000000
8.396226 6.603774 0.000000
8.584906 6.603774 0.000000
8.773585 6.603774 0.000000
8.962264 6.603774 0.000000
9.150943 6.603774 0.000000
9.339623 6.603774 0.000000
9.528302 6.603774 0.000000
9.716981 6.603774 0.000000
0.000000 6.792453 0.000000
0.188679 6.792453 0.000000
0.377358 6.792453 0.000000
0.566038 6.792453 0.000000
0.754717 6.792453 0.000000
0.943396 6.792453 0.000000
1.132075 6.792453 0.000000
1.320755 6.792453 0.000000
1.509434 6.792453 0.000000
1.698113 6.792453 0.000000
1.886792 6.792453 0.000000
2.075472 6.792453 0.000000
2.264151 6.792453 0.000000
2.452830 6.792453 0.000000
2.641509 6.792453 0.000000
2.830189 6.792453 0.000000
3.018868 6.792453 0.000000
3.207547 6.792453 0.000000
3.396226 6.792453 0.000000
3.584906 6.792453 0.000000
3.773585 6.792453 0.000000
3.962264 6.792453 0.000000
4.150943 6.792453 0.000000
4.339623 6.792453 0.000000
4.528302 6.792453 0.000000
4.716981 6.792453 0.000000
4.905660 6.792453 0.000000
5.094340 6.792453 0.000000
5.283019 6.792453 0.000000
5.471698 6.792453 0.000000
5.660377 6.792453 0.000000
5.849057 6.792453 0.000000
6.037736 6.792453 0.000000
6.226415 6.792453 0.000000
6.415094 6.792453 0.000000
6.603774 6.792453 0.000000
6.792453 6.792453 0.000000
6.981132 6.792453 0.000000
7.169811 6.792453 0.000000
7.358491 6.792453 0.000000
7.547170 6.792453 0.000000
7.735849 6.792453 0.000000
7.924528 6.792453 0.000000
8.113208 6.792453 0.000000
8.301887 6.792453 0.000000
8.490566 6.792453 0.000000
8.679245 6.792453 0.000000
8.867925 6.792453 0.000000
9.056604 6.792453 0.000000
9.245283 6.792453 0.000000
9.433962 6.792453 0.000000
9.622642 6.792453 0.000000
9.811321 6.792453 0.000000
0.000000 6.981132 0.000000
0.094340 6.981132 0.000000
0.283019 6.981132 0.000000
0.471698 6.981132 0.000000
0.660377 6.981132 0.000000
0.849057 6.981132 0.000000
1.037736 6.981132 0.000000
1.226415 6.981132 0.000000
1.415094 6.981132 0.000000
1.603774 6.981132 0.000000
1.792453 6.981132 0.000000
1.981132 6.981132 0.000000
2.169811 6.981132 0.000000
2.358491 6.981132 0.000000
2.547170 6.981132 0.000000
2.735849 6.981132 0.000000
2.924528 6.981132 0.000000
3.113208 6.981132 0.000000
3.301887 6.981132 0.000000
3.490566 6.981132 0.000000
3.679245 6.981132 0.000000
3.867925 6.981132 0.000000
4.056604 6.981132 0.000000
4.245283 6.981132 0.000000
4.433962 6.981132 0.000000
4.622642 6.981132 0.000000
4.811321 6.981132 0.000000
5.000000 6.981132 0.000000
5.188679 6.981132 0.000000
5.377358 6.981132 0.000000
5.566038 6.981132 0.000000
5.754717 6.981132 0.000000
5.943396 6.981132 0.000000
6.132075 6.981132 0.000000
6.320755 6.981132 0.000000
6.509434 6.981132 0.000000
6.698113 6.981132 0.000000
6.886792 6.981132 0.000000
7.075472 6.981132 0.000000
7.264151 6.981132 0.000000
7.452830 6.981132 0.000000
7.641509 6.981132 0.000000
7.830189 6.981132 0.000000
8.018868 6.981132 0.000000
8.207547 6.981132 0.000000
8.396226 6.981132 0.000000
8.584906 6.981132 0.000000
8.773585 6.981132 0.000000
8.962264 6.981132 0.000000
9.150943 6.981132 0.000000
9.339623 6.981132 0.000000
9.528302 6.981132 0.000000
9.716981 6.981132 0.000000
0.000000 7.169811 0.000000
0.188679 7.169811 0.000000
0.377358 7.169811 0.000000
0.566038 7.169811 0.000000
0.754717 7.169811 0.000000
0.943396 7.169811 0.000000
1.132075 7.169811 0.000000
1.320755 7.169811 0.000000
1.509434 7.169811 0.000000
1.698113 7.169811 0.000000
1.886792 7.169811 0.000000
2.075472 7.169811 0.000000
2.264151 7.169811 0.000000
2.452830 7.169811 0.000000
2.641509 7.169811 0.000000
2.830189 7.169811 0.000000
3.018868 7.169811 0.000000
3.207547 7.169811 0.000000
3.396226 7.169811 0.000000
3.584906 7.169811 0.000000
3.773585 7.169811 0.000000
3.962264 7.169811 0.000000
4.150943 7.169811 0.000000
4.339623 7.169811 0.000000
4.528302 7.169811 0.000000
4.716981 7.169811 0.000000
4.905660 7.169811 0.000000
5.094340 7.169811 0.000000
5.283019 7.169811 0.000000
5.471698 7.169811 0.000000
5.660377 7.169811 0.000000
5.849057 7.169811 0.000000
6.037736 7.169811 0.000000
6.226415 7.169811 0.000000
6.415094 7.169811 0.000000
6.603774 7.169811 0.000000
6.792453 7.169811 0.000000
6.981132 7.169811 0.000000
7.169811 7.169811 0.000000
7.358491 7.169811 0.000000
7.547170 7.169811 0.000000
7.735849 7.169811 0.000000
7.924528 7.169811 0.000000
8.113208 7.169811 0.000000
8.301887 7.169811 0.000000
8.490566 7.169811 0.000000
8.679245 7.169811 0.000000
8.867925 7.169811 0.000000
9.056604 7.169811 0.000000
9.245283 7.169811 0.000000
9.433962 7.169811 0.000000
9.622642 7.169811 0.000000
9.811321 7.169811 0.000000
0.000000 7.358491 0.000000
0.094340 7.358491 0.000000
0.283019 7.358491 0.000000
0.471698 7.358491 0.000000
0.660377 7.358491 0.000000
0.849057 7.358491 0.000000
1.037736 7.358491 0.000000
1.226415 7.358491 0.000000
1.415094 7.358491 0.000000
1.603774 7.358491 0.000000
1.792453 7.358491 0.000000
1.981132 7.358491 0.000000
2.169811 7.358491 0.000000
2.358491 7.358491 0.000000
2.547170 7.358491 0.000000
2.735849 7.358491 0.000000
2.924528 7.358491 0.000000
3.113208 7.358491 0.000000
3.301887 7.358491 0.000000
3.490566 7.358491 0.000000
3.679245 7.358491 0.000000
3.867925 7.358491 0.000000
4.056604 7.358491 0.000000
4.245283 7.358491 0.000000
4.433962 7.358491 0.000000
4.622642 7.358491 0.000000
4.811321 7.358491 0.000000
5.000000 7.358491 0.000000
5.188679 7.358491 0.000000
5.377358 7.358491 0.000000
5.566038 7.358491 0.000000
5.754717 7.358491 0.000000
5.943396 7.358491 0.000000
6.132075 7.358491 0.000000
6.320755 7.358491 0.000000
6.509434 7.358491 0.000000
6.698113 7.358491 0.000000
6.886792 7.358491 0.000000
7.075472 7.358491 0.000000
7.264151 7.358491 0.000000
7.452830 7.358491 0.000000
7.641509 7.358491 0.000000
7.830189 7.358491 0.000000
8.018868 7.358491 0.000000
8.207547 7.358491 0.000000
8.396226 7.358491 0.000000
8.584906 7.358491 0.000000
8.773585 7.358491 0.000000
8.962264 7.358491 0.000000
9.150943 7.358491 0.000000
9.339623 7.358491 0.000000
9.528302 7.358491 0.000000
9.716981 7.358491 0.000000
0.000000 7.547170 0.000000
0.188679 7.547170 0.000000
0.377358 7.547170 0.000000
0.566038 7.547170 0.000000
0.754717 7.547170 0.000000
0.943396 7.547170 0.000000
1.132075 7.547170 0.000000
1.320755 7.547170 0.000000
1.509434 7.547170 0.000000
1.698113 7.547170 0.000000
1.886792 7.547170 0.000000
2.075472 7.547170 0.000000
2.264151 7.547170 0.000000
2.452830 7.547170 0.000000
2.641509 7.547170 0.000000
2.830189 7.547170 0.000000
3.018868 7.547170 0.000000
3.207547 7.547170 0.000000
3.396226 7.547170 0.000000
3.584906 7.547170 0.000000
3.773585 7.547170 0.000000
3.962264 7.547170 0.000000
4.150943 7.547170 0.000000
4.339623 7.547170 0.000000
4.528302 7.547170 0.000000
4.716981 7.547170 0.000000
4.905660 7.547170 0.000000
5.094340 7.547170 0.000000
5.283019 7.547170 0.000000
5.471698 7.547170 0.000000
5.660377 7.547170 0.000000
5.849057 7.547170 0.000000
6.037736 7.547170 0.000000
6.226415 7.547170 0.000000
6.415094 7.547170 0.000000
6.603774 7.547170 0.000000
6.792453 7.547170 0.000000
6.981132 7.547170 0.000000
7.169811 7.547170 0.000000
7.358491 7.547170 0.000000
7.547170 7.547170 0.000000
7.735849 7.547170 0.000000
7.924528 7.547170 0.000000
8.113208 7.547170 0.000000
8.301887 7.547170 0.000000
8.490566 7.547170 0.000000
8.679245 7.547170 0.000000
8.867925 7.547170 0.000000
9.056604 7.547170 0.000000
9.245283 7.547170 0.000000
9.433962 7.547170 0.000000
9.622642 7.547170 0.000000
9.811321 7.547170 0.000000
0.000000 7.735849 0.000000
0.094340 7.735849 0.000000
0.283019 7.735849 0.000000
0.471698 7.735849 0.000000
0.660377 7.735849 0.000000
0.849057 7.735849 0.000000
1.037736 7.735849 0.000000
1.226415 7.735849 0.000000
1.415094 7.735849 0.000000
1.603774 7.735849 0.000000
1.792453 7.735849 0.000000
1.981132 7.735849 0.000000
2.169811 7.735849 0.000000
2.358491 7.735849 0.000000
2.547170 7.735849 0.000000
2.735849 7.735849 0.000000
2.924528 7.735849 0.000000
3.113208 7.735849 0.000000
3.301887 7.735849 0.000000
3.490566 7.735849 0.000000
3.679245 7.735849 0.000000
3.867925 7.735849 0.000000
4.056604 7.735849 0.000000
4.245283 7.735849 0.000000
4.433962 7.735849 0.000000
4.622642 7.735849 0.000000
4.811321 7.735849 0.000000
5.000000 7.735849 0.000000
5.188679 7.735849 0.000000
5.377358 7.735849 0.000000
5.566038 7.735849 0.000000
5.754717 7.735849 0.000000
5.943396 7.735849 0.000000
6.132075 7.735849 0.000000
6.320755 7.735849 0.000000
6.509434 7.735849 0.000000
6.698113 7.735849 0.000000
6.886792 7.735849 0.000000
7.075472 7.735849 0.000000
7.264151 7.735849 0.000000
7.452830 7.735849 0.000000
7.641509 7.735849 0.000000
7.830189 7.735849 0.000000
8.018868 7.735849 0.000000
8.207547 7.735849 0.000000
8.396226 7.735849 0.000000
8.584906 7.735849 0.000000
8.773585 7.735849 0.000000
8.962264 7.735849 0.000000
9.150943 7.735849 0.000000
9.339623 7.735849 0.000000
9.528302 7.735849 0.000000
9.716981 7.735849 0.000000
0.000000 7.924528 0.000000
0.188679 7.924528 0.000000
0.377358 7.924528 0.000000
0.566038 7.924528 0.000000
0.754717 7.924528 0.000000
0.943396 7.924528 0.000000
1.132075 7.924528 0.000000
1.320755 7.924528 0.000000
1.509434 7.924528 0.000000
1.698113 7.924528 0.000000
1.886792 7.924528 0.000000
2.075472 7.924528 0.000000
2.264151 7.924528 0.000000
2.452830 7.924528 0.000000
2.641509 7.924528 0.000000
2.830189 7.924528 0.000000
3.018868 7.924528 0.000000
3.207547 7.924528 0.000000
3.396226 7.924528 0.000000
3.584906 7.924528 0.000000
3.773585 7.924528 0.000000
3.962264 7.924528 0.000000
4.150943 7.924528 0.000000
4.339623 7.924528 0.000000
4.528302 7.924528 0.000000
4.716981 7.924528 0.000000
4.905660 7.924528 0.000000
5.094340 7.924528 0.000000
5.283019 7.924528 0.000000
5.471698 7.924528 0.000000
5.660377 7.924528 0.000000
5.849057 7.924528 0.000000
6.037736 7.924528 0.000000
6.226415 7.924528 0.000000
6.415094 7.924528 0.000000
6.603774 7.924528 0.000000
6.792453 7.924528 0.000000
6.981132 7.924528 0.000000
7.169811 7.924528 0.000000
7.358491 7.924528 0.000000
7.547170 7.924528 0.000000
7.735849 7.924528 0.000000
7.924528 7.924528 0.000000
8.113208 7.924528 0.000000
8.301887 7.924528 0.000000
8.490566 7.924528 0.000000
8.679245 7.924528 0.000000
8.867925 7.924528 0.000000
9.056604 7.924528 0.000000
9.245283 7.924528 0.000000
9.433962 7.924528 0.000000
9.622642 7.924528 0.000000
9.811321 7.924528 0.000000
0.000000 8.113208 0.000000
0.094340 8.113208 0.000000
0.283019 8.113208 0.000000
0.471698 8.113208 0.000000
0.660377 8.113208 0.000000
0.849057 8.113208 0.000000
1.037736 8.113208 0.000000
1.226415 8.113208 0.000000
1.415094 8.113208 0.000000
1.603774 8.113208 0.000000
1.792453 8.113208 0.000000
1.981132 8.113208 0.000000
2.169811 8.113208 0.000000
2.358491 8.113208 0.000000
2.547170 8.113208 0.000000
2.735849 8.113208 0.000000
2.924528 8.113208 0.000000
3.113208 8.113208 0.000000
3.301887 8.113208 0.000000
3.490566 8.113208 0.000000
3.679245 8.113208 0.000000
3.867925 8.113208 0.000000
4.056604 8.113208 0.000000
4.245283 8.113208 0.000000
4.433962 8.113208 0.000000
4.622642 8.113208 0.000000
4.811321 8.113208 0.000000
5.000000 8.113208 0.000000
5.188679 8.113208 0.000000
5.377358 8.113208 0.000000
5.566038 8.113208 0.000000
5.754717 8.113208 0.000000
5.943396 8.113208 0.000000
6.132075 8.113208 0.000000
6.320755 8.113208 0.000000
6.509434 8.113208 0.000000
6.698113 8.113208 0.000000
6.886792 8.113208 0.000000
7.075472 8.113208 0.000000
7.264151 8.113208 0.000000
7.452830 8.113208 0.000000
7.641509 8.113208 0.000000
7.830189 8.113208 0.000000
8.018868 8.113208 0.000000
8.207547 8.113208 0.000000
8.396226 8.113208 0.000000
8.584906 8.113208 0.000000
8.773585 8.113208 0.000000
8.962264 8.113208 0.000000
9.150943 8.113208 0.000000
9.339623 8.113208 0.000000
9.528302 8.113208 0.000000
9.716981 8.113208 0.000000
0.000000 8.301887 0.000000
0.188679 8.301887 0.000000
0.377358 8.301887 0.000000
0.566038 8.301887 0.000000
0.754717 8.301887 0.000000
0.943396 8.301887 0.000000
1.132075 8.301887 0.000000
1.320755 8.301887 0.000000
1.509434 8.301887 0.000000
1.698113 8.301887 0.000000
1.886792 8.301887 0.000000
2.075472 8.301887 0.000000
2.264151 8.301887 0.000000
2.452830 8.301887 0.000000
2.641509 8.301887 0.000000
2.830189 8.301887 0.000000
3.018868 8.301887 0.000000
3.207547 8.301887 0.000000
3.396226 8.301887 0.000000
3.584906 8.301887 0.000000
3.773585 8.301887 0.000000
3.962264 8.301887 0.000000
4.150943 8.301887 0.000000
4.339623 8.301887 0.000000
4.528302 8.301887 0.000000
4.716981 8.301887 0.000000
4.905660 8.301887 0.000000
5.094340 8.301887 0.000000
5.283019 8.301887 0.000000
5.471698 8.301887 0.000000
5.660377 8.301887 0.000000
5.849057 8.301887 0.000000
6.037736 8.301887 0.000000
6.226415 8.301887 0.000000
6.415094 8.301887 0.000000
6.603774 8.301887 0.000000
6.792453 8.301887 0.000000
6.981132 8.301887 0.000000
7.169811 8.301887 0.000000
7.358491 8.301887 0.000000
7.547170 8.301887 0.000000
7.735849 8.301887 0.000000
7.924528 8.301887 0.000000
8.113208 8.301887 0.000000
8.301887 8.301887 0.000000
8.490566 8.301887 0.000000
8.679245 8.301887 0.000000
8.867925 8.301887 0.000000
9.056604 8.301887 0.000000
9.245283 8.301887 0.000000
9.433962 8.301887 0.000000
9.622642 8.301887 0.000000
9.811321 8.301887 0.000000
0.000000 8.490566 0.000000
0.094340 8.490566 0.000000
0.283019 8.490566 0.000000
0.471698 8.490566 0.000000
0.660377 8.490566 0.000000
0.849057 8.490566 0.000000
1.037736 8.490566 0.000000
1.226415 8.490566 0.000000
1.415094 8.490566 0.000000
1.603774 8.490566 0.000000
1.792453 8.490566 0.000000
1.981132 8.490566 0.000000
2.169811 8.490566 0.000000
2.358491 8.490566 0.000000
2.547170 8.490566 0.000000
2.735849 8.490566 0.000000
2.924528 8.490566 0.000000
3.113208 8.490566 0.000000
3.301887 8.490566 0.000000
3.490566 8.490566 0.000000
3.679245 8.490566 0.000000
3.867925 8.490566 0.000000
4.056604 8.490566 0.000000
4.245283 8.490566 0.000000
4.433962 8.490566 0.000000
4.622642 8.490566 0.000000
4.811321 8.490566 0.000000
5.000000 8.490566 0.000000
5.188679 8.490566 0.000000
5.377358 8.490566 0.000000
5.566038 8.490566 0.000000
5.754717 8.490566 0.000000
5.943396 8.490566 0.000000
6.132075 8.490566 0.000000
6.320755 8.490566 0.000000
6.509434 8.490566 0.000000
6.698113 8.490566 0.000000
6.886792 8.490566 0.000000
7.075472 8.490566 0.000000
7.264151 8.490566 0.000000
7.452830 8.490566 0.000000
7.641509 8.490566 0.000000
7.830189 8.490566 0.000000
8.018868 8.490566 0.000000
8.207547 8.490566 0.000000
8.396226 8.490566 0.000000
8.584906 8.490566 0.000000
8.773585 8.490566 0.000000
8.962264 8.490566 0.000000
9.150943 8.490566 0.000000
9.339623 8.490566 0.000000
9.528302 8.490566 0.000000
9.716981 8.490566 0.000000
0.000000 8.679245 0.000000
0.188679 8.679245 0.000000
0.377358 8.679245 0.000000
0.566038 8.679245 0.000000
0.754717 8.679245 0.000000
0.943396 8.679245 0.000000
1.132075 8.679245 0.000000
1.320755 8.679245 0.000000
1.509434 8.679245 0.000000
1.698113 8.679245 0.000000
1.886792 8.679245 0.000000
2.075472 8.679245 0.000000
2.264151 8.679245 0.000000
2.452830 8.679245 0.000000
2.641509 8.679245 0.000000
2.830189 8.679245 0.000000
3.018868 8.679245 0.000000
3.207547 8.679245 0.000000
3.396226 8.679245 0.000000
3.584906 8.679245 0.000000
3.773585 8.679245 0.000000
3.962264 8.679245 0.000000
4.150943 8.679245 0.000000
4.339623 8.679245 0.000000
4.528302 8.679245 0.000000
4.716981 8.679245 0.000000
4.905660 8.679245 0.000000
5.094340 8.679245 0.000000
5.283019 8.679245 0.000000
5.471698 8.679245 0.000000
5.660377 8.679245 0.000000
5.849057 8.679245 0.000000
6.037736 8.679245 0.000000
6.226415 8.679245 0.000000
6.415094 8.679245 0.000000
6.603774 8.679245 0.000000
6.792453 8.679245 0.000000
6.981132 8.679245 0.000000
7.169811 8.679245 0.000000
7.358491 8.679245 0.000000
7.547170 8.679245 0.000000
7.735849 8.679245 0.000000
7.924528 8.679245 0.000000
8.113208 8.679245 0.000000
8.301887 8.679245 0.000000
8.490566 8.679245 0.000000
8.679245 8.679245 0.000000
8.867925 8.679245 0.000000
9.056604 8.679245 0.000000
9.245283 8.679245 0.000000
9.433962 8.679245 0.000000
9.622642 8.679245 0.000000
9.811321 8.679245 0.000000
0.000000 8.867925 0.000000
0.094340 8.867925 0.000000
0.283019 8.867925 0.000000
0.471698 8.867925 0.000000
0.660377 8.867925 0.000000
0.849057 8.867925 0.000000
1.037736 8.867925 0.000000
1.226415 8.867925 0.000000
1.415094 8.867925 0.000000
1.603774 8.867925 0.000000
1.792453 8.867925 0.000000
1.981132 8.867925 0.000000
2.169811 8.867925 0.000000
2.358491 8.867925 0.000000
2.547170 8.867925 0.000000
2.735849 8.867925 0.000000
2.924528 8.867925 0.000000
3.113208 8.867925 0.000000
3.301887 8.867925 0.000000
3.490566 8.867925 0.000000
3.679245 8.867925 0.000000
3.867925 8.867925 0.000000
4.056604 8.867925 0.000000
4.245283 8.867925 0.000000
4.433962 8.867925 0.000000
4.622642 8.867925 0.000000
4.811321 8.867925 0.000000
5.000000 8.867925 0.000000
5.188679 8.867925 0.000000
5.377358 8.867925 0.000000
5.566038 8.867925 0.000000
5.754717 8.867925 0.000000
5.943396 8.867925 0.000000
6.132075 8.867925 0.000000
6.320755 8.867925 0.000000
6.509434 8.867925 0.000000
6.698113 8.867925 0.000000
6.886792 8.867925 0.000000
7.075472 8.867925 0.000000
7.264151 8.867925 0.000000
7.452830 8.867925 0.000000
7.641509 8.867925 0.000000
7.830189 8.867925 0.000000
8.018868 8.867925 0.000000
8.207547 8.867925 0.000000
8.396226 8.867925 0.000000
8.584906 8.867925 0.000000
8.773585 8.867925 0.000000
8.962264 8.867925 0.000000
9.150943 8.867925 0.000000
9.339623 8.867925 0.000000
9.528302 8.867925 0.000000
9.716981 8.867925 0.000000
0.000000 9.056604 0.000000
0.188679 9.056604 0.000000
0.377358 9.056604 0.000000
0.566038 9.056604 0.000000
0.754717 9.056604 0.000000
0.943396 9.056604 0.000000
1.132075 9.056604 0.000000
1.320755 9.056604 0.000000
1.509434 9.056604 0.000000
1.698113 9.056604 0.000000
1.886792 9.056604 0.000000
2.075472 9.056604 0.000000
2.264151 9.056604 0.000000
2.452830 9.056604 0.000000
2.641509 9.056604 0.000000
2.830189 9.056604 0.000000
3.018868 9.056604 0.000000
3.207547 9.056604 0.000000
3.396226 9.056604 0.000000
3.584906 9.056604 0.000000
3.773585 9.056604 0.000000
3.962264 9.056604 0.000000
4.150943 9.056604 0.000000
4.339623 9.056604 0.000000
4.528302 9.056604 0.000000
4.716981 9.056604 0.000000
4.905660 9.056604 0.000000
5.094340 9.056604 0.000000
5.283019 9.056604 0.000000
5.471698 9.056604 0.000000
5.660377 9.056604 0.000000
5.849057 9.056604 0.000000
6.037736 9.056604 0.000000
6.226415 9.056604 0.000000
6.415094 9.056604 0.000000
6.603774 9.056604 0.000000
6.792453 9.056604 0.000000
6.981132 9.056604 0.000000
7.169811 9.056604 0.000000
7.358491 9.056604 0.000000
7.547170 9.056604 0.000000
7.735849 9.056604 0.000000
7.924528 9.056604 0.000000
8.113208 9.056604 0.000000
8.301887 9.056604 0.000000
8.490566 9.056604 0.000000
8.679245 9.056604 0.000000
8.867925 9.056604 0.000000
9.056604 9.056604 0.000000
9.245283 9.056604 0.000000
9.433962 9.056604 0.000000
9.622642 9.056604 0.000000
9.811321 9.056604 0.000000
0.000000 9.245283 0.000000
0.094340 9.245283 0.000000
0.283019 9.245283 0.000000
0.471698 9.245283 0.000000
0.660377 9.245283 0.000000
0.849057 9.245283 0.000000
1.037736 9.245283 0.000000
1.226415 9.245283 0.000000
1.415094 9.245283 0.000000
1.603774 9.245283 0.000000
1.792453 9.245283 0.000000
1.981132 9.245283 0.000000
2.169811 9.245283 0.000000
2.358491 9.245283 0.000000
2.547170 9.245283 0.000000
2.735849 9.245283 0.000000
2.924528 9.245283 0.000000
3.113208 9.245283 0.000000
3.301887 9.245283 0.000000
3.490566 9.245283 0.000000
3.679245 9.245283 0.000000
3.867925 9.245283 0.000000
4.056604 9.245283 0.000000
4.245283 9.245283 0.000000
4.433962 9.245283 0.000000
4.622642 9.245283 0.000000
4.811321 9.245283 0.000000
5.000000 9.245283 0.000000
5.188679 9.245283 0.000000
5.377358 9.245283 0.000000
5.566038 9.245283 0.000000
5.754717 9.245283 0.000000
5.943396 9.245283 0.000000
6.132075 9.245283 0.000000
6.320755 9.245283 0.000000
6.509434 9.245283 0.000000
6.698113 9.245283 0.000000
6.886792 9.245283 0.000000
7.075472 9.245283 0.000000
7.264151 9.245283 0.000000
7.452830 9.245283 0.000000
7.641509 9.245283 0.000000
7.830189 9.245283 0.000000
8.018868 9.245283 0.000000
8.207547 9.245283 0.000000
8.396226 9.245283 0.000000
8.584906 9.245283 0.000000
8.773585 9.245283 0.000000
8.962264 9.245283 0.000000
9.150943 9.245283 0.000000
9.339623 9.245283 0.000000
9.528302 9.245283 0.000000
9.716981 9.245283 0.000000
0.000000 9.433962 0.000000
0.188679 9.433962 0.000000
0.377358 9.433962 0.000000
0.566038 9.433962 0.000000
0.754717 9.433962 0.000000
0.943396 9.433962 0.000000
1.132075 9.433962 0.000000
1.320755 9.433962 0.000000
1.509434 9.433962 0.000000
1.698113 9.433962 0.000000
1.886792 9.433962 0.000000
2.075472 9.433962 0.000000
2.264151 9.433962 0.000000
2.452830 9.433962 0.000000
2.641509 9.433962 0.000000
2.830189 9.433962 0.000000
3.018868 9.433962 0.000000
3.207547 9.433962 0.000000
3.396226 9.433962 0.000000
3.584906 9.433962 0.000000
3.773585 9.433962 0.000000
3.962264 9.433962 0.000000
4.150943 9.433962 0.000000
4.339623 9.433962 0.000000
4.528302 9.433962 0.000000
4.716981 9.433962 0.000000
4.905660 9.433962 0.000000
5.094340 9.433962 0.000000
5.283019 9.433962 0.000000
5.471698 9.433962 0.000000
5.660377 9.433962 0.000000
5.849057 9.433962 0.000000
6.037736 9.433962 0.000000
6.226415 9.433962 0.000000
6.415094 9.433962 0.000000
6.603774 9.433962 0.000000
6.792453 9.433962 0.000000
6.981132 9.433962 0.000000
7.169811 9.433962 0.000000
7.358491 9.433962 0.000000
7.547170 9.433962 0.000000
7.735849 9.433962 0.000000
7.924528 9.433962 0.000000
8.113208 9.433962 0.000000
8.301887 9.433962 0.000000
8.490566 9.433962 0.000000
8.679245 9.433962 0.000000
8.867925 9.433962 0.000000
9.056604 9.433962 0.000000
9.245283 9.433962 0.000000
9.433962 9.433962 0.000000
9.622642 9.433962 0.000000
9.811321 9.433962 0.000000
0.000000 9.622642 0.000000
0.094340 9.622642 0.000000
0.283019 9.622642 0.000000
0.471698 9.622642 0.000000
0.660377 9.622642 0.000000
0.849057 9.622642 0.000000
1.037736 9.622642 0.000000
1.226415 9.622642 0.000000
1.415094 9.622642 0.000000
1.603774 9.622642 0.000000
1.792453 9.622642 0.000000
1.981132 9.622642 0.000000
2.169811 9.622642 0.000000
2.358491 9.622642 0.000000
2.547170 9.622642 0.000000
2.735849 9.622642 0.000000
2.924528 9.622642 0.000000
3.113208 9.622642 0.000000
3.301887 9.622642 0.000000
3.490566 9.622642 0.000000
3.679245 9.622642 0.000000
3.867925 9.622642 0.000000
4.056604 9.622642 0.000000
4.245283 9.622642 0.000000
4.433962 9.622642 0.000000
4.622642 9.622642 0.000000
4.811321 9.622642 0.000000
5.000000 9.622642 0.000000
5.188679 9.622642 0.000000
5.377358 9.622642 0.000000
5.566038 9.622642 0.000000
5.754717 9.622642 0.000000
5.943396 9.622642 0.000000
6.132075 9.622642 0.000000
6.320755 9.622642 0.000000
6.509434 9.622642 0.000000
6.698113 9.622642 0.000000
6.886792 9.622642 0.000000
7.075472 9.622642 0.000000
7.264151 9.622642 0.000000
7.452830 9.622642 0.000000
7.641509 9.622642 0.000000
7.830189 9.622642 0.000000
8.018868 9.622642 0.000000
8.207547 9.622642 0.000000
8.396226 9.622642 0.000000
8.584906 9.622642 0.000000
8.773585 9.622642 0.000000
8.962264 9.622642 0.000000
9.150943 9.622642 0.000000
9.339623 9.622642 0.000000
9.528302 9.622642 0.000000
9.716981 9.622642 0.000000
0.000000 9.811321 0.000000
0.188679 9.811321 0.000000
0.377358 9.811321 0.000000
0.566038 9.811321 0.000000
0.754717 9.811321 0.000000
0.943396 9.811321 0.000000
1.132075 9.811321 0.000000
1.320755 9.811321 0.000000
1.509434 9.811321 0.000000
1.698113 9.811321 0.000000
1.886792 9.811321 0.000000
2.075472 9.811321 0.000000
2.264151 9.811321 0.000000
2.452830 9.811321 0.000000
2.641509 9.811321 0.000000
2.830189 9.811321 0.000000
3.018868 9.811321 0.000000
3.207547 9.811321 0.000000
3.396226 9.811321 0.000000
3.584906 9.811321 0.000000
3.773585 9.811321 0.000000
3.962264 9.811321 0.000000
4.150943 9.811321 0.000000
4.339623 9.811321 0.000000
4.528302 9.811321 0.000000
4.716981 9.811321 0.000000
4.905660 9.811321 0.000000
5.094340 9.811321 0.000000
5.283019 9.811321 0.000000
5.471698 9.811321 0.000000
5.660377 9.811321 0.000000
5.849057 9.811321 0.000000
6.037736 9.811321 0.000000
6.226415 9.811321 0.000000
6.415094 9.811321 0.000000
6.603774 9.811321 0.000000
6.792453 9.811321 0.000000
6.981132 9.811321 0.000000
7.169811 9.811321 0.000000
7.358491 9.811321 0.000000
7.547170 9.811321 0.000000
7.735849 9.811321 0.000000
7.924528 9.811321 0.000000
8.113208 9.811321 0.000000
8.301887 9.811321 0.000000
8.490566 9.811321 0.000000
8.679245 9.811321 0.000000
8.867925 9.811321 0.000000
9.056604 9.811321 0.000000
9.245283 9.811321 0.000000
9.433962 9.811321 0.000000
9.622642 9.811321 0.000000
9.811321 9.811321 0.000000
9.811321 0.188679 0.000000
9.811321 0.566038 0.000000
9.811321 0.943396 0.000000
9.811321 1.320755 0.000000
9.811321 1.698113 0.000000
9.811321 2.075472 0.000000
9.811321 2.452830 0.000000
9.811321 2.830189 0.000000
9.811321 3.207547 0.000000
9.811321 3.584906 0.000000
9.811321 3.962264 0.000000
9.811321 4.339623 0.000000
9.811321 4.716981 0.000000
9.811321 5.094340 0.000000
9.811321 5.471698 0.000000
9.811321 5.849057 0.000000
9.811321 6.226415 0.000000
9.811321 6.603774 0.000000
9.811321 6.981132 0.000000
9.811321 7.358491 0.000000
9.811321 7.735849 0.000000
9.811321 8.113208 0.000000
9.811321 8.490566 0.000000
9.811321 8.867925 0.000000
9.811321 9.245283 0.000000
9.811321 9.622642 0.000000
