2757
0.787214 -0.013890 0.191250 
0.835254 0.017720 0.191249 
0.786380 0.031017 0.191240 
0.831579 -0.031999 0.191239 
0.739036 0.019641 0.191249 
0.743747 -0.029004 0.191242 
0.802735 -0.056900 0.191053 
0.775619 -0.074339 0.190496 
0.797567 -0.084060 0.189859 
0.822690 -0.084974 0.189779 
0.832619 -0.061254 0.190955 
0.749071 -0.162817 0.093594 
0.738018 -0.160995 0.115397 
0.721595 -0.162899 0.091660 
0.763097 -0.161221 0.113649 
0.773601 -0.162989 0.089529 
0.748823 -0.163666 0.057455 
0.789098 -0.163567 0.067526 
0.802829 -0.162912 0.091354 
0.813145 -0.161047 0.115000 
0.788305 -0.161273 0.113248 
0.826139 -0.162635 0.096649 
0.836988 -0.160844 0.116570 
0.851019 -0.162791 0.094142 
0.826238 -0.163586 0.065839 
0.876936 -0.163609 0.063819 
0.690249 -0.162341 0.101367 
0.712353 -0.160411 0.119933 
0.690794 -0.163632 0.061808 
0.665305 -0.163030 0.088570 
0.637555 -0.163594 0.065183 
0.658151 -0.163750 0.015997 
0.642738 -0.162391 0.100565 
0.615942 -0.162663 0.096186 
0.626743 -0.160619 0.118320 
0.645882 -0.160229 0.121347 
0.664947 -0.161236 0.113532 
0.653836 -0.005744 0.191250 
0.654220 0.035805 0.191228 
0.617462 0.025811 0.191246 
0.602639 -0.018155 0.191249 
0.689056 0.022900 0.191248 
0.636926 -0.041046 0.191211 
0.610859 -0.057853 0.191038 
0.643156 -0.073887 0.190515 
0.702464 -0.015784 0.191250 
0.714834 -0.052910 0.191106 
0.747281 -0.063449 0.190901 
0.696263 -0.077444 0.190312 
0.724930 -0.082152 0.189990 
1.027729 -0.017694 0.191246 
1.010425 0.030205 0.191221 
0.970408 -0.010232 0.191250 
1.076582 -0.017794 0.191238 
1.057573 0.021419 0.191230 
0.998913 -0.045871 0.191110 
1.100121 -0.144632 0.106812 
1.091347 -0.140143 0.133361 
1.075363 -0.149146 0.116227 
1.128142 -0.136270 0.102797 
1.114801 -0.134852 0.128374 
1.077937 -0.152657 0.088574 
1.125306 -0.123631 0.146276 
1.115307 -0.114748 0.162927 
1.104337 -0.128450 0.149810 
1.144986 -0.117054 0.145493 
1.133235 -0.112020 0.159150 
1.137202 -0.127429 0.127136 
1.105875 -0.100997 0.176174 
1.126859 -0.100224 0.172262 
1.096759 -0.081899 0.185125 
1.084010 -0.101339 0.179419 
1.094544 -0.117069 0.167052 
1.116689 -0.086530 0.181536 
0.968897 -0.054005 0.191070 
0.988695 -0.069798 0.190450 
1.026015 -0.051871 0.190877 
1.011479 -0.071491 0.190057 
1.037713 -0.074644 0.189264 
1.014900 -0.161489 0.087367 
1.019056 -0.158378 0.113860 
0.998811 -0.160056 0.112412 
1.038043 -0.157425 0.106723 
0.985910 -0.162451 0.091684 
0.973984 -0.160902 0.113138 
0.959221 -0.163013 0.088634 
0.930185 -0.163644 0.060676 
0.907193 -0.162841 0.093035 
0.982355 -0.163544 0.056314 
1.030596 -0.161506 0.047833 
0.879210 -0.162272 0.102466 
0.899043 -0.160469 0.119485 
0.879721 -0.159672 0.124473 
0.860414 -0.160500 0.119242 
0.933813 -0.162752 0.094771 
0.923475 -0.160849 0.116531 
0.948679 -0.161101 0.114581 
1.175626 -0.118345 0.023150 
1.187704 -0.108578 0.006357 
1.196253 -0.107443 0.027119 
1.167777 -0.120305 0.001175 
1.198077 -0.094824 -0.007042 
1.212559 -0.084945 0.001623 
1.202795 -0.098467 0.009913 
1.206156 -0.077149 -0.016570 
1.182248 -0.105954 -0.014637 
1.192313 -0.088440 -0.025857 
1.209580 -0.103994 0.082826 
1.210527 -0.102293 0.047710 
1.230056 -0.094006 0.059877 
1.241542 -0.091334 0.082122 
1.230024 -0.095360 0.104089 
1.212726 -0.101345 0.110784 
1.193856 -0.108669 0.111930 
1.110859 -0.144966 0.068883 
1.071941 -0.155574 0.052760 
1.100667 -0.148685 0.026810 
1.176720 -0.117961 0.092170 
1.171782 -0.116046 0.120030 
1.153329 -0.125792 0.108036 
1.180531 -0.117001 0.053754 
1.143851 -0.133197 0.027575 
1.150494 -0.000226 0.191269 
1.178462 0.017387 0.191074 
1.152713 0.031898 0.190580 
1.181823 -0.011628 0.191209 
1.158944 -0.032324 0.190480 
1.120891 -0.029302 0.190994 
1.088843 -0.054234 0.190029 
1.117262 -0.065496 0.187559 
1.143891 -0.057463 0.187648 
1.152395 -0.100101 0.164816 
1.177207 -0.099247 0.155105 
1.171965 -0.088263 0.169450 
1.136292 -0.081973 0.180807 
1.159448 -0.077260 0.179494 
1.164817 -0.111192 0.142272 
1.267931 -0.074613 0.151331 
1.257872 -0.065144 0.168043 
1.247096 -0.077518 0.154384 
1.280259 -0.063225 0.165851 
1.255746 -0.082975 0.136345 
1.274004 -0.079561 0.134401 
1.291606 -0.073229 0.146051 
1.312703 -0.069177 0.150639 
1.313881 -0.075453 0.129638 
1.331744 -0.069798 0.146569 
1.323741 -0.060447 0.163643 
1.302440 -0.061526 0.164536 
1.327491 -0.075488 0.108512 
1.340588 -0.071839 0.091652 
1.347325 -0.074885 0.109098 
1.318472 -0.072760 0.088845 
1.339672 -0.074710 0.126727 
1.304889 -0.077197 0.105596 
0.525512 -0.049560 -0.191151 
0.513440 -0.081671 -0.190023 
0.486779 -0.064063 -0.190886 
0.558229 -0.067289 -0.190792 
0.536245 -0.078095 -0.190267 
0.501039 0.026549 -0.191245 
0.510217 0.062776 -0.190917 
0.543042 0.041633 -0.191207 
0.464103 0.019435 -0.191249 
0.484749 -0.018635 -0.191249 
0.470642 0.057657 -0.191042 
0.617624 0.051776 -0.191121 
0.588594 0.076325 -0.190388 
0.611680 0.086586 -0.189606 
0.631998 0.081467 -0.190037 
0.653630 0.069887 -0.190683 
0.535702 0.072034 -0.190593 
0.560216 0.071713 -0.190606 
0.436860 -0.007027 -0.191250 
0.427650 0.038402 -0.191221 
0.438035 0.076242 -0.190394 
0.406392 0.072227 -0.190568 
0.344216 0.060681 -0.188963 
0.353023 0.089769 -0.187209 
0.375282 0.078198 -0.189621 
0.315092 0.074055 -0.185885 
0.334198 0.085242 -0.186372 
0.465510 -0.163741 -0.036817 
0.494300 -0.163750 -0.003637 
0.454047 -0.163750 0.009367 
0.515992 -0.163722 -0.046350 
0.476554 -0.163406 -0.076816 
0.432925 -0.163436 -0.075155 
0.455549 -0.162464 -0.099385 
0.479601 -0.161665 -0.109350 
0.313950 -0.027422 -0.187274 
0.320925 -0.068386 -0.186834 
0.297769 -0.062695 -0.184966 
0.273284 -0.049878 -0.182741 
0.278964 -0.080602 -0.180806 
0.252557 -0.075295 -0.177623 
0.238919 -0.046635 -0.178083 
0.170525 -0.025891 -0.166004 
0.190603 -0.050663 -0.168937 
0.166685 -0.056035 -0.162585 
0.213587 -0.053203 -0.173335 
0.226232 -0.074001 -0.173034 
0.202694 -0.073722 -0.167998 
0.460377 -0.121994 -0.181453 
0.451666 -0.137766 -0.171268 
0.439791 -0.122871 -0.181006 
0.448985 -0.105198 -0.186792 
0.472701 -0.136472 -0.172533 
0.468385 -0.106015 -0.186594 
0.481190 -0.119684 -0.182436 
1.300827 0.000596 0.033654 
1.294291 -0.025676 0.034585 
1.278119 -0.011018 0.024518 
0.443226 -0.149461 -0.156231 
0.455447 -0.155269 -0.142682 
0.436976 -0.156947 -0.137005 
1.278739 0.013636 0.025074 
1.296131 0.027488 0.035732 
0.430522 -0.138620 -0.170399 
1.316420 -0.019966 0.039603 
0.464176 -0.148885 -0.157380 
1.326019 0.000339 0.039165 
0.421722 -0.150709 -0.153744 
1.316646 0.019340 0.039490 
0.360398 -0.162928 0.022547 
0.331733 -0.161335 -0.027491 
0.379344 -0.163527 -0.016652 
0.132384 -0.002431 -0.156928 
0.104835 -0.028800 -0.147801 
0.091464 -0.001639 -0.144328 
0.407428 -0.163747 0.018021 
0.125297 0.034118 -0.153828 
0.148586 0.037726 -0.160063 
0.440227 -0.163663 0.057954 
0.391135 -0.163537 0.063172 
0.179270 0.016364 -0.168051 
0.145239 -0.041716 -0.158810 
0.104882 0.025517 -0.148114 
0.419508 -0.163747 -0.028220 
0.124349 -0.037457 -0.153189 
0.377797 -0.163257 -0.068084 
1.102662 0.002413 -0.150346 
1.128369 0.022768 -0.127186 
1.129061 -0.018247 -0.126538 
1.069064 -0.018671 -0.171841 
1.075892 0.026552 -0.168104 
0.405340 -0.034787 -0.191223 
0.410303 -0.069195 -0.190708 
0.379878 -0.059257 -0.190660 
1.103245 -0.043435 -0.149217 
0.445625 -0.052158 -0.191116 
0.434009 -0.086425 -0.189623 
1.103236 0.045533 -0.149086 
0.095124 -0.026835 0.078965 
0.116934 -0.022176 0.096481 
0.095981 -0.001618 0.080682 
0.462145 -0.085223 -0.189752 
0.083058 -0.041337 0.065327 
0.103624 -0.052728 0.081068 
0.394577 0.005183 -0.191216 
0.365025 -0.026365 -0.190454 
0.350012 0.015629 -0.189759 
0.771153 0.049991 -0.191145 
0.791663 0.068359 -0.190747 
0.814518 0.038199 -0.191221 
0.770597 0.009866 -0.191250 
0.739210 0.036306 -0.191227 
0.347105 -0.057800 -0.189256 
0.682941 -0.052808 -0.191107 
0.681756 -0.008948 -0.191250 
0.720043 -0.038800 -0.191219 
1.034825 0.124720 -0.166270 
1.025330 0.141508 -0.153076 
1.046803 0.135895 -0.149896 
1.055877 0.117758 -0.160960 
1.042846 0.103661 -0.174178 
1.027243 0.087767 -0.182873 
1.010813 0.074764 -0.187590 
1.006475 0.094716 -0.185521 
1.049337 0.080019 -0.177196 
1.012695 0.129821 -0.169524 
0.999622 0.114582 -0.180953 
0.990040 0.132802 -0.171763 
0.988329 0.099508 -0.186499 
1.069433 0.121545 0.169116 
1.048321 0.122616 0.172306 
1.059470 0.107855 0.179357 
1.078721 0.103576 0.178981 
1.090912 0.118783 0.166530 
1.079827 0.133564 0.152737 
1.101964 0.129652 0.149030 
1.089690 0.141377 0.131336 
1.066493 0.145235 0.136181 
1.057747 0.155628 0.098624 
1.037443 0.158358 0.100179 
1.051728 0.153181 0.119024 
1.043941 0.147667 0.140909 
1.021162 0.149311 0.144945 
1.035272 0.137587 0.160573 
1.073994 0.150197 0.112732 
1.077168 0.153196 0.084525 
1.029321 0.155462 0.122959 
1.006187 0.156870 0.126693 
1.014198 0.160217 0.103123 
1.135941 0.127819 0.127530 
1.142837 0.117339 0.146409 
1.153287 0.120519 0.130028 
1.127755 0.136425 0.102774 
1.113471 0.135556 0.127573 
1.152693 0.125909 0.109214 
1.343966 0.047758 0.056633 
1.356892 0.061566 0.072302 
1.368926 0.046736 0.057223 
1.330340 0.033173 0.046430 
1.311290 0.037004 0.044529 
1.335223 0.016494 0.041584 
1.332216 0.062352 0.070824 
1.320118 0.050344 0.055069 
0.363602 -0.084508 -0.188571 
0.340217 -0.081047 -0.187370 
0.221862 0.022333 -0.175923 
0.228634 0.055625 -0.175857 
0.254963 0.039472 -0.180662 
0.200139 0.049889 -0.170974 
0.258891 -0.006611 -0.181416 
0.210366 -0.020623 -0.173983 
0.149330 -0.067445 -0.154828 
0.130178 -0.059878 -0.150600 
0.192336 -0.093352 -0.158253 
0.181325 -0.073833 -0.162556 
0.172851 -0.091362 -0.152649 
0.214047 -0.095497 -0.163634 
0.203205 -0.112403 -0.148930 
0.182871 -0.108634 -0.143811 
0.115699 -0.112797 -0.073849 
0.095832 -0.104492 -0.069087 
0.106055 -0.104362 -0.091786 
0.125898 -0.112926 -0.093322 
0.137104 -0.121744 -0.069986 
0.100499 -0.094500 -0.107749 
0.107526 -0.087037 -0.123633 
0.116298 -0.101416 -0.110638 
0.084963 -0.092631 -0.093430 
0.089875 -0.081904 -0.116322 
0.197741 -0.140942 -0.052334 
0.165632 -0.130775 -0.075152 
0.189741 -0.135620 -0.091017 
0.241520 -0.147313 -0.094746 
0.227475 -0.140141 -0.114596 
0.251655 -0.144703 -0.117989 
0.267109 -0.152094 -0.093027 
0.217401 -0.143125 -0.087575 
0.174731 -0.119110 -0.125764 
0.163627 -0.104735 -0.138389 
0.186144 -0.128952 -0.113107 
0.169452 -0.126383 -0.103979 
0.155313 -0.114674 -0.119609 
0.193887 -0.123454 -0.130516 
0.081889 -0.027913 -0.139379 
0.068394 -0.012142 -0.135292 
0.068356 0.009370 -0.135378 
0.081670 0.024968 -0.139655 
0.198804 0.141251 -0.050379 
0.245155 0.150427 -0.064288 
0.212389 0.142080 -0.086616 
0.233112 0.148793 -0.007230 
0.188747 0.136595 -0.082532 
0.167211 0.131733 -0.070526 
0.198187 0.140782 0.032229 
0.164875 0.129347 0.046205 
0.185250 0.132285 0.069303 
0.163071 0.131627 0.011590 
0.239542 0.149480 0.044070 
0.214815 0.141651 0.070189 
0.157485 0.130187 -0.032013 
0.129131 0.120116 0.000343 
0.138883 0.122802 -0.065782 
0.117780 0.115959 -0.039982 
0.100563 0.108202 -0.011095 
0.117341 0.114119 -0.069234 
0.126813 0.114382 -0.089406 
0.106557 0.106151 -0.086523 
0.098389 0.106342 -0.063757 
0.260776 0.026729 0.167804 
0.268249 0.061913 0.169002 
0.237916 0.054468 0.159121 
0.221185 0.018899 0.153708 
0.189203 0.036484 0.139202 
0.183498 -0.002683 0.136874 
0.209830 0.055531 0.147505 
0.096322 0.094575 -0.103347 
0.087954 0.097632 -0.083380 
0.078914 0.086729 -0.098483 
0.087137 0.079572 -0.116843 
0.115561 0.102523 -0.107863 
0.105841 0.086739 -0.122835 
0.660153 -0.069290 -0.190708 
0.645243 -0.041406 -0.191209 
0.001727 -0.000614 -0.061967 
0.008373 -0.000404 -0.036409 
0.005192 0.018753 -0.053409 
0.374028 -0.060885 0.189718 
0.401957 -0.030295 0.191211 
0.362359 -0.027962 0.189087 
0.394448 -0.087626 0.189339 
0.404228 -0.063394 0.190871 
0.336650 -0.049482 0.185477 
0.348538 -0.079964 0.185817 
1.309072 0.064503 0.068166 
0.005537 -0.019956 -0.052897 
0.253110 -0.013353 0.165386 
0.212678 -0.059606 0.148308 
0.227371 -0.081770 0.150893 
0.245176 -0.055512 0.161724 
0.208478 -0.081085 0.142189 
0.217023 -0.025750 0.151993 
0.189289 -0.042172 0.138933 
0.370725 -0.087519 0.187679 
0.307983 -0.159303 0.029693 
0.277705 -0.155877 -0.017142 
1.319603 0.072114 0.087257 
0.290516 -0.045078 0.175999 
0.327150 -0.005767 0.184104 
1.297913 0.074547 0.083757 
0.286107 0.000154 0.175152 
1.355089 0.026293 0.045472 
0.269480 -0.074532 0.168103 
0.291652 -0.084925 0.173109 
0.291141 -0.157201 -0.062895 
0.328475 -0.160343 -0.079736 
0.318510 -0.077410 0.180695 
1.901491 -0.046261 0.175254 
1.908643 -0.028778 0.185160 
1.886820 -0.033088 0.183600 
1.383874 0.029501 0.047280 
1.895622 -0.058079 0.163740 
1.912978 -0.057713 0.163153 
1.375333 0.003198 0.041345 
1.406995 0.013445 0.042529 
1.399058 -0.013944 0.042620 
1.881989 -0.050308 0.171903 
1.922412 -0.043030 0.175360 
1.348207 0.002594 0.040964 
1.811947 -0.048809 0.173238 
1.824048 -0.034000 0.183137 
1.800974 -0.033839 0.183221 
1.833462 -0.051062 0.171224 
1.791067 -0.049606 0.172535 
1.802762 -0.058633 0.163042 
1.819110 -0.060820 0.160158 
1.364875 -0.051509 0.061148 
1.376671 -0.063418 0.075904 
1.353530 -0.063859 0.075552 
1.151638 -0.036939 -0.101521 
1.151684 0.003047 -0.102504 
1.386448 -0.051135 0.061340 
0.297682 -0.155648 -0.100203 
1.173150 -0.018723 -0.077369 
1.169076 -0.055410 -0.077661 
1.376140 -0.022680 0.044713 
1.130532 -0.057007 -0.122185 
1.393690 -0.035276 0.050095 
0.155012 -0.129398 -0.035660 
1.358732 -0.013797 0.042301 
1.149163 -0.074606 -0.096280 
0.159159 -0.130505 0.007493 
0.126439 -0.119216 -0.003744 
1.375165 -0.039461 0.052284 
0.115468 -0.114953 -0.044153 
1.147899 -0.129818 -0.010195 
1.114154 -0.143850 -0.019000 
1.145386 -0.127045 -0.036089 
1.164672 -0.116891 -0.023952 
0.098028 -0.107138 -0.015072 
1.342479 -0.051532 0.059689 
1.330205 -0.036472 0.047989 
1.308042 -0.040336 0.045420 
0.372726 0.006338 0.189977 
0.343279 0.037336 0.186646 
1.355174 -0.033903 0.048657 
1.783672 0.069388 0.144737 
1.785956 0.074901 0.119850 
1.761321 0.073412 0.131573 
1.433055 -0.054274 0.168041 
1.447796 -0.035304 0.182456 
1.421342 -0.034357 0.182951 
1.780716 0.058157 0.163642 
1.805742 0.061697 0.158937 
1.460220 -0.051813 0.170511 
1.760087 0.064009 0.155357 
1.406552 -0.050135 0.172059 
1.413164 -0.062405 0.157871 
1.339097 -0.017093 0.042009 
1.239653 0.069160 0.019301 
1.226518 0.077408 0.012357 
1.233267 0.082497 0.029364 
1.290986 0.069268 0.067001 
1.278525 0.078025 0.078152 
1.260080 0.082656 0.070416 
1.262679 0.084815 0.091537 
1.256558 0.077547 0.051221 
1.240220 0.085271 0.046244 
1.245485 0.087016 0.062117 
1.278352 -0.078553 0.079885 
1.283097 -0.080322 0.099960 
1.263084 -0.084728 0.091960 
1.261232 -0.082508 0.071656 
1.247490 -0.085929 0.061831 
1.261075 -0.074904 0.051253 
1.807910 0.072681 0.134742 
1.330762 -0.064218 0.073462 
1.429342 -0.068833 0.146053 
1.320147 -0.053526 0.057880 
1.299372 -0.057568 0.055034 
1.813262 0.074596 0.108546 
1.786782 0.071197 0.092743 
1.762464 0.074332 0.106423 
1.453138 -0.065267 0.153227 
1.527808 -0.045818 0.175660 
1.536608 -0.028530 0.185646 
1.513488 -0.030275 0.184913 
1.736144 0.056986 0.165037 
1.737157 0.070127 0.142870 
1.518378 -0.061925 0.158594 
1.543856 -0.057441 0.164510 
1.290003 -0.069851 0.067594 
1.280395 -0.064206 0.051976 
1.504349 -0.047591 0.174246 
1.297397 -0.075070 0.085145 
1.550319 -0.042784 0.177880 
1.712696 0.065121 0.153492 
1.761145 0.043701 0.177242 
1.781718 0.024478 0.187189 
1.792652 0.044716 0.176497 
1.617659 -0.044118 0.176951 
1.629270 -0.027730 0.185983 
1.608262 -0.029171 0.185377 
1.595036 -0.042385 0.178157 
1.604648 -0.057171 0.164822 
1.734456 0.041464 0.178795 
1.309360 -0.066148 0.070885 
1.640667 -0.044638 0.176556 
1.628016 -0.058095 0.163720 
1.742449 0.026571 0.186419 
1.760664 0.021214 0.188228 
1.714528 -0.042131 0.178333 
1.734113 -0.028094 0.185829 
1.715516 -0.022935 0.187690 
1.697406 -0.027491 0.186077 
1.688334 -0.044905 0.176353 
1.365972 -0.072578 0.096786 
1.724293 -0.056758 0.165300 
1.739691 -0.046967 0.174761 
1.389644 -0.070629 0.091028 
1.391229 -0.074984 0.115473 
1.687825 0.058941 0.162652 
1.689622 0.071044 0.140295 
1.664278 0.066756 0.150461 
1.702019 -0.060124 0.161116 
1.615235 0.051908 0.170418 
1.594312 0.061231 0.159593 
1.593180 0.048881 0.173178 
1.362963 -0.074813 0.122213 
1.354677 -0.070259 0.143616 
1.550503 0.074984 0.117353 
1.553279 0.071262 0.139668 
1.573622 0.073998 0.128425 
1.601944 0.036362 0.181890 
1.623948 0.033553 0.183371 
1.639144 0.060803 0.160182 
1.616072 0.066977 0.150015 
1.548931 0.070768 0.091512 
1.523178 0.074440 0.107283 
1.637778 0.046265 0.175321 
1.379111 -0.070967 0.140771 
1.573325 0.074140 0.105013 
1.530603 0.073259 0.132293 
1.529889 0.045463 0.175930 
1.509298 0.043531 0.177360 
1.522603 0.028481 0.185667 
1.639038 0.072696 0.134681 
1.248690 0.071975 0.033609 
1.545595 0.033003 0.183641 
1.549929 0.049637 0.172507 
1.534135 0.058604 0.163077 
1.517764 0.054974 0.167296 
1.252440 0.052020 0.019059 
1.711053 0.047578 0.174257 
1.698101 0.028446 0.185681 
1.721210 0.028680 0.185583 
0.336244 0.153125 0.131482 
0.348112 0.146327 0.151531 
0.359620 0.155554 0.132622 
0.325290 0.143092 0.149427 
1.662465 0.049634 0.172509 
1.648023 0.031133 0.184520 
1.673134 0.029090 0.185411 
1.267265 0.061523 0.039498 
1.274887 0.039070 0.029417 
1.686571 0.043615 0.177302 
0.347760 0.158913 0.111322 
0.371473 0.160411 0.112162 
0.324531 0.156508 0.110809 
1.274861 0.071437 0.058576 
0.313691 0.149890 0.130457 
0.303874 0.138599 0.147549 
1.818645 0.045726 0.175730 
1.832385 0.028833 0.185519 
1.841654 0.045805 0.175670 
0.302155 0.153372 0.110781 
1.807664 0.026721 0.186364 
1.572828 0.053524 0.168835 
1.573730 0.067097 0.149774 
1.252664 -0.048723 0.017368 
1.234670 -0.056415 0.003675 
1.239099 -0.032342 -0.001415 
1.250298 -0.069333 0.031901 
1.240409 -0.066608 0.017660 
0.387026 0.095748 0.187894 
0.373881 0.116048 0.181614 
0.363128 0.094373 0.185998 
0.398972 0.116724 0.183329 
1.581421 0.037924 0.180988 
1.831475 0.059311 0.162186 
0.386243 0.136383 0.171252 
1.268010 -0.057094 0.036145 
0.410555 0.095708 0.188506 
0.419571 0.113927 0.184472 
1.273438 -0.035288 0.027065 
1.553585 0.062362 0.157935 
0.186063 -0.138330 -0.011480 
0.227536 -0.147732 -0.005913 
1.563471 0.039727 0.179897 
0.191665 -0.139244 0.029105 
0.399453 0.073877 0.190460 
0.425642 0.074952 0.190470 
1.198509 -0.069678 -0.033142 
1.186073 -0.078522 -0.044328 
0.413974 0.052630 0.191110 
0.377207 0.076317 0.189328 
1.210933 -0.055171 -0.024644 
0.300177 0.037902 0.178524 
0.323736 0.068176 0.182500 
1.594653 0.071227 0.139771 
0.354502 0.069493 0.187359 
1.220170 -0.066475 -0.006792 
1.227109 -0.075228 0.010614 
1.225144 -0.046715 -0.011322 
0.519499 0.139125 0.169885 
0.509209 0.120584 0.182117 
0.533888 0.122351 0.181271 
0.472173 0.099988 0.187818 
0.484731 0.076405 0.190383 
0.498127 0.099062 0.187970 
1.664261 -0.045096 0.176208 
1.653265 -0.028284 0.185750 
0.294613 0.076379 0.175160 
0.454234 0.079672 0.190159 
1.676044 -0.028988 0.185454 
0.470584 0.054763 0.191081 
0.707777 -0.137390 0.171651 
0.731369 -0.137434 0.171605 
0.719378 -0.120262 0.182231 
0.719348 -0.149496 0.156161 
0.451503 0.103609 0.187178 
0.460563 0.120256 0.182233 
0.176507 0.117878 0.094770 
0.200829 0.129722 0.095632 
1.675534 -0.059147 0.162392 
0.742917 -0.119364 0.182549 
0.755973 -0.137646 0.171390 
0.767880 -0.118620 0.182812 
0.437979 0.119052 0.182659 
0.446746 0.137558 0.171479 
1.651530 -0.058655 0.163014 
1.793028 -0.074984 0.116234 
1.788720 -0.071557 0.093877 
1.811881 -0.074229 0.105609 
1.787675 -0.072290 0.136262 
1.764033 -0.074984 0.116391 
0.729728 -0.103619 0.187175 
0.189930 0.139339 -0.009176 
0.433067 0.097971 0.188148 
1.812648 -0.073880 0.129121 
1.935817 -0.068321 0.101191 
1.951544 -0.064137 0.120058 
1.928535 -0.071302 0.125005 
0.752881 -0.094611 0.188696 
0.781468 -0.099221 0.187944 
1.905272 -0.074210 0.106401 
1.920661 -0.066188 0.084710 
0.204506 -0.134762 -0.112272 
0.476174 0.160756 0.117259 
0.491183 0.157433 0.135112 
0.500155 0.161288 0.113130 
1.553751 -0.074600 0.108590 
1.531464 -0.074463 0.107465 
1.553711 -0.070428 0.090536 
0.468843 0.156828 0.137472 
1.577447 -0.074625 0.108891 
1.552456 -0.074084 0.127918 
0.482384 0.162900 0.091628 
0.382938 0.045093 -0.190930 
0.752700 -0.157390 0.135281 
0.776524 -0.157704 0.134056 
0.766667 -0.150619 0.153923 
0.447890 0.156798 0.137590 
0.458577 0.149868 0.155420 
1.421866 -0.074766 0.122031 
1.414820 -0.071795 0.094667 
1.441041 -0.074104 0.104802 
1.404502 -0.070879 0.140778 
0.435575 0.150266 0.154627 
0.728995 -0.156837 0.137434 
0.578317 0.050574 -0.191137 
0.582279 0.011428 -0.191250 
0.427253 0.157403 0.135229 
0.417768 0.161037 0.115075 
0.406053 0.157691 0.133883 
1.572337 -0.041061 0.179050 
1.581518 -0.055763 0.166453 
0.742560 -0.149976 0.155204 
1.585796 -0.021251 0.188218 
1.559018 -0.025525 0.186808 
1.149363 -0.130476 0.075660 
1.562392 -0.053474 0.168884 
0.416541 0.152268 0.150634 
1.048892 -0.158460 0.081283 
1.058885 -0.154773 0.103475 
1.054071 -0.049557 0.190766 
1.067509 -0.080994 0.187201 
0.674131 -0.049545 0.191151 
0.671342 -0.079824 0.190149 
0.771386 -0.047541 0.191168 
1.042003 0.055957 0.190609 
1.029894 0.081948 0.188551 
1.015772 0.062236 0.190536 
1.078294 0.055261 0.190135 
1.059844 0.084854 0.186774 
0.760908 0.052652 0.191110 
0.785276 0.057687 0.191042 
0.708727 -0.155998 0.140650 
0.696439 -0.149851 0.155454 
0.684050 -0.137348 0.171693 
0.672268 -0.150119 0.154919 
0.457852 0.159985 0.122755 
0.686304 -0.158192 0.132153 
0.658922 -0.157137 0.136266 
1.502064 -0.074984 0.116861 
1.505552 -0.070420 0.090512 
1.481423 -0.073622 0.102014 
0.771922 0.076132 0.190402 
0.747278 0.075764 0.190427 
1.461935 -0.074691 0.109679 
1.476689 -0.074607 0.123925 
1.460202 -0.069869 0.089079 
0.214070 0.097816 0.138730 
0.221294 0.115628 0.130784 
0.195418 0.107972 0.121079 
1.450532 -0.073873 0.129164 
0.683843 -0.099355 0.187922 
0.659248 -0.098588 0.188047 
0.223256 0.079412 0.149661 
0.201151 0.081099 0.138513 
0.735392 0.055615 0.191070 
0.671840 -0.119045 0.182662 
0.708368 -0.100579 0.187722 
0.939305 -0.043570 0.191194 
0.918430 -0.013566 0.191250 
1.482312 -0.049395 0.172725 
1.469379 -0.037337 0.181327 
0.214356 0.126070 0.114009 
1.475825 -0.062268 0.158077 
1.495027 -0.059318 0.162177 
0.923853 -0.068822 0.190728 
0.947826 -0.068538 0.190740 
1.489261 -0.032489 0.183883 
0.233149 0.131393 0.119432 
0.252935 0.135915 0.125179 
0.246953 0.142460 0.105331 
0.695899 -0.119628 0.182456 
0.262887 0.126946 0.142728 
0.272167 0.140521 0.128580 
0.905940 -0.045948 0.191178 
0.283284 0.133113 0.145610 
0.225090 0.138080 0.097881 
0.591333 0.157688 0.134117 
0.614730 0.157288 0.135678 
0.603754 0.161069 0.114828 
0.543649 0.140008 0.168985 
0.556872 0.124170 0.180346 
0.612925 0.138096 0.170932 
0.636479 0.136193 0.172735 
0.625603 0.149787 0.155581 
0.602215 0.150618 0.153924 
0.587404 0.105730 0.186663 
0.568781 0.109253 0.185808 
0.571762 0.086857 0.189577 
0.596091 0.087408 0.189518 
0.609437 0.102650 0.187384 
0.600185 0.122493 0.181199 
0.617079 0.080966 0.190071 
0.623221 0.119742 0.182415 
0.647590 0.116692 0.183494 
0.237647 -0.133172 -0.137913 
0.214744 -0.128509 -0.134002 
0.225309 -0.116285 -0.153757 
0.261693 -0.137120 -0.142161 
0.632758 0.098570 0.188050 
0.639384 0.078700 0.190226 
0.515107 0.158084 0.132573 
0.505388 0.150881 0.153401 
0.541666 0.159078 0.127730 
0.554819 0.151931 0.151306 
0.567871 0.158144 0.132340 
0.529989 0.151760 0.151648 
0.659865 0.091751 0.189052 
0.657187 0.064366 0.190878 
0.681870 0.072344 0.190580 
0.593492 0.100886 -0.187672 
0.570367 0.096175 -0.188441 
0.579045 0.118090 -0.183000 
0.665851 0.115998 -0.183740 
0.655886 0.136281 -0.172671 
0.680939 0.135175 -0.173470 
0.649318 0.096786 -0.188341 
0.675123 0.091296 -0.189101 
0.632703 0.137508 -0.171531 
0.645020 0.149960 -0.155236 
0.620721 0.121343 -0.181783 
0.610641 0.137702 -0.171333 
0.610810 0.106506 -0.186475 
0.627740 0.102097 -0.187474 
1.060785 -0.157929 0.003066 
0.277124 -0.148459 -0.121927 
1.027020 -0.161774 -0.047755 
1.059205 -0.156200 -0.076368 
1.074920 -0.154587 -0.045121 
1.030011 -0.158880 -0.097050 
0.856968 -0.053988 0.191092 
0.874239 -0.023461 0.191248 
0.987619 -0.162656 -0.086875 
0.685938 0.062858 -0.190915 
0.971335 -0.163711 -0.038022 
0.881656 -0.054096 0.191090 
0.285725 -0.140226 -0.146246 
0.301449 -0.150657 -0.128526 
0.322666 -0.156599 -0.113752 
0.662225 0.034972 -0.191231 
0.872948 -0.074907 0.190472 
1.005006 -0.158670 -0.116923 
0.848765 -0.078196 0.190260 
0.982348 -0.159991 -0.117454 
0.511144 0.159834 -0.123581 
0.515746 0.154573 -0.144621 
0.496076 0.155421 -0.142258 
0.537487 0.157481 -0.134927 
0.488629 0.160138 -0.121918 
0.584718 0.160522 -0.119068 
0.557625 0.161440 -0.111850 
0.578403 0.162792 -0.094114 
0.530605 0.161835 -0.107465 
0.565730 0.135170 -0.173473 
0.588647 0.136833 -0.172217 
0.552710 0.148946 -0.157259 
0.541804 0.133800 -0.174463 
0.566107 0.156901 -0.137188 
0.599302 0.149787 -0.155581 
0.587444 0.156025 -0.140574 
0.610457 0.158316 -0.131670 
0.473868 -0.151073 0.153017 
0.454379 -0.153163 0.148546 
0.466131 -0.158141 0.132350 
0.479857 -0.161304 0.113007 
0.455905 -0.161509 0.111081 
0.469428 -0.163132 0.086142 
0.488066 -0.157513 0.134800 
0.497928 -0.150291 0.154577 
0.867060 0.054022 0.191091 
0.888732 0.018296 0.191249 
0.272962 -0.123624 -0.162258 
0.296373 -0.127168 -0.165053 
0.889379 0.076906 0.190349 
0.867544 0.080966 0.190071 
0.499652 -0.160612 0.118373 
0.510457 -0.157335 0.135495 
0.905211 0.051613 0.191123 
0.959289 -0.161507 -0.110877 
0.309765 -0.110872 -0.177177 
0.318672 -0.130974 -0.166521 
0.456225 -0.159904 -0.123199 
0.846883 0.077189 0.190329 
0.836294 0.055478 0.191072 
0.934509 -0.161367 -0.112515 
0.944718 -0.157956 -0.133073 
0.432906 -0.161426 -0.112000 
0.522243 -0.150065 0.155027 
0.534328 -0.157568 0.134585 
0.920812 -0.158333 -0.131601 
0.413522 -0.158277 -0.131823 
0.534122 -0.136418 0.172572 
0.509056 -0.137099 0.171947 
0.937810 0.058437 0.191024 
0.931473 0.023868 0.191247 
0.967760 0.039072 0.191211 
0.286750 -0.105931 -0.175455 
0.964678 0.071338 0.190558 
0.941010 0.086636 0.189601 
0.547159 -0.150083 0.154991 
1.102732 -0.144999 -0.059108 
1.129214 -0.131528 -0.058605 
0.302888 -0.087245 -0.182865 
0.324896 -0.094139 -0.184039 
0.856205 -0.050785 -0.191135 
0.858490 -0.005480 -0.191250 
0.892839 -0.050896 -0.191133 
0.339131 -0.154439 -0.131532 
0.351067 -0.160153 -0.105289 
0.559510 -0.157716 0.134010 
0.546140 -0.161403 0.112236 
0.820481 -0.044258 -0.191190 
0.951338 -0.163750 0.011630 
0.899931 -0.163750 0.015987 
0.363086 -0.157036 -0.129687 
0.839900 -0.075289 -0.190456 
0.869322 -0.078054 -0.190270 
0.374244 -0.150504 -0.150869 
0.387997 -0.158310 -0.129704 
0.572934 -0.150254 0.154650 
0.362199 -0.137426 -0.167721 
0.384891 -0.138945 -0.168781 
0.569111 -0.161127 0.114377 
1.003960 -0.163204 0.005596 
0.478804 -0.053308 0.191101 
0.451108 -0.026754 0.191245 
0.454769 -0.058426 0.191024 
0.340333 -0.134533 -0.167157 
0.352294 -0.120192 -0.178611 
0.563459 -0.162954 0.090363 
0.589178 -0.162183 0.103611 
0.500890 -0.025079 0.191246 
0.329052 -0.145189 -0.151180 
0.587084 -0.158448 0.131153 
0.598871 -0.149994 0.155169 
0.493189 -0.076186 0.190398 
0.503834 -0.056313 0.191060 
0.613194 -0.157139 0.136259 
0.319741 -0.150938 -0.135401 
0.606470 -0.160761 0.117216 
0.468961 -0.077047 0.190339 
1.031211 -0.061866 -0.184614 
1.024346 -0.029556 -0.187022 
1.053302 -0.053575 -0.178111 
0.579429 -0.050115 0.191144 
0.550787 -0.022710 0.191248 
0.381823 -0.103126 -0.186620 
0.363025 -0.106265 -0.184665 
0.590656 -0.073359 0.190537 
0.388662 -0.083089 -0.189686 
1.023582 -0.083910 -0.184446 
1.007223 -0.062171 -0.188804 
0.553844 -0.054585 0.191084 
0.408312 -0.099284 -0.187913 
1.045959 -0.079638 -0.178608 
0.567799 -0.073848 0.190517 
1.245311 -0.051488 0.180625 
1.254758 -0.028209 0.188714 
1.228637 -0.036659 0.187675 
1.236724 -0.068231 0.169721 
1.224172 -0.056564 0.180430 
1.268693 -0.048712 0.179757 
1.335625 -0.047011 0.176237 
1.346697 -0.026832 0.186804 
1.324615 -0.033414 0.184673 
0.408099 -0.139166 -0.169764 
0.580631 0.161223 0.113630 
1.313891 -0.047774 0.176793 
0.395615 -0.121943 -0.181276 
1.035980 0.021375 -0.184384 
1.345642 -0.060651 0.161888 
0.560018 0.161313 0.112934 
0.568452 0.162913 0.091317 
1.077517 -0.054461 -0.166261 
1.358840 -0.046920 0.175484 
0.541550 0.162480 0.099123 
0.969678 -0.116193 -0.182978 
0.976466 -0.092657 -0.188452 
0.992929 -0.111783 -0.182764 
1.436380 0.042709 0.177932 
1.427499 0.060620 0.160434 
1.409398 0.049241 0.172864 
0.429945 -0.107467 -0.186242 
0.612318 -0.090369 0.189200 
0.582854 -0.094419 0.188728 
0.597733 -0.115628 0.183871 
0.985406 -0.132737 -0.172450 
1.434424 0.022804 0.187733 
1.453775 0.026296 0.186522 
0.637266 -0.099775 0.187853 
0.962606 -0.136829 -0.171752 
0.947477 -0.120529 -0.182137 
0.776095 0.111750 -0.185203 
0.761997 0.132892 -0.175118 
0.787395 0.133037 -0.175014 
0.793262 0.092610 -0.188960 
0.765624 0.083445 -0.189901 
0.623639 -0.116671 0.183502 
0.610838 -0.135659 0.173120 
0.635660 -0.136087 0.172811 
0.647960 -0.118482 0.182861 
0.531913 -0.096485 0.188390 
0.545820 -0.117154 0.183331 
0.557126 -0.095692 0.188520 
0.520636 -0.117759 0.183117 
0.506992 -0.097139 0.188283 
0.495605 -0.118284 0.182931 
0.659954 -0.137016 0.172032 
0.647814 -0.149610 0.155934 
0.636061 -0.156778 0.137666 
0.623756 -0.149501 0.156152 
0.877035 -0.115511 0.183912 
0.890195 -0.133789 0.174471 
0.901777 -0.114428 0.184295 
0.846754 -0.156863 0.137336 
0.868792 -0.156205 0.139901 
0.823913 -0.157119 0.136336 
0.834824 -0.150963 0.153238 
0.811021 -0.148113 0.158698 
0.784090 -0.138282 0.170742 
0.787761 -0.151941 0.151286 
0.800193 -0.157432 0.135115 
1.414142 0.028901 0.185490 
0.039501 0.060197 -0.006932 
0.033414 0.041421 0.001143 
0.046032 0.053513 0.013245 
0.887811 -0.094418 0.188728 
0.912953 -0.092336 0.188989 
0.863708 -0.096200 0.188437 
0.809166 -0.127345 0.178732 
0.789558 -0.118149 0.182979 
0.027144 0.047506 -0.017553 
0.022589 0.050752 -0.036942 
0.017253 0.034235 -0.027730 
0.804872 -0.104515 0.186958 
0.828274 -0.111492 0.185265 
0.812288 0.099251 -0.187939 
0.814194 0.077223 -0.190327 
1.463594 0.043750 0.177209 
0.023277 0.029558 -0.010596 
1.451970 0.058713 0.162941 
0.843285 -0.097497 0.188225 
1.333279 0.047893 0.175661 
1.322297 0.032337 0.185202 
1.345560 0.032289 0.184630 
0.810936 0.133305 -0.174820 
0.799972 0.147595 -0.159437 
0.952055 -0.097818 -0.188173 
0.034981 0.063955 -0.027997 
1.340866 0.059213 0.164041 
1.322928 0.060271 0.163966 
0.857090 0.093270 -0.188889 
0.873978 0.069487 -0.190700 
0.841804 0.069307 -0.190707 
0.954031 -0.150546 -0.154068 
0.968217 -0.157031 -0.135044 
1.312766 0.048332 0.176443 
0.832004 0.095120 -0.188613 
0.977072 -0.148371 -0.155633 
1.355023 0.049679 0.173321 
0.031611 0.063617 -0.046914 
0.049566 0.076153 -0.018184 
0.931035 -0.151333 -0.152498 
0.078557 0.096316 -0.010813 
0.089046 0.100019 0.006796 
0.940061 -0.138883 -0.170131 
1.150009 0.045078 -0.102561 
0.822232 0.115641 -0.183866 
1.127147 0.058694 -0.125605 
0.833597 0.133242 -0.174866 
1.177410 -0.071276 -0.060850 
1.163633 -0.082355 -0.073433 
1.173991 0.024422 -0.076124 
0.845047 0.147035 -0.160235 
0.856298 0.133303 -0.174822 
1.139545 0.072431 -0.108541 
0.856085 0.155469 -0.142125 
0.865983 0.159688 -0.124382 
0.878089 0.156132 -0.140185 
1.192479 -0.046729 -0.050498 
1.167515 0.057561 -0.079084 
0.072263 0.086224 0.012478 
0.834649 0.155314 -0.142557 
1.153084 0.075468 -0.090941 
0.054002 0.072381 0.003656 
0.881754 0.095059 -0.188623 
0.061041 0.065734 0.025321 
1.195259 -0.000416 -0.051359 
1.216897 0.025892 -0.025573 
1.218150 -0.022059 -0.024604 
0.912121 0.117698 -0.183138 
0.901294 0.134468 -0.173980 
0.923065 0.134549 -0.173922 
1.193981 0.034798 -0.051019 
0.868158 0.115084 -0.184063 
0.843734 -0.163750 0.014009 
0.878901 0.133850 -0.174426 
0.890063 0.148005 -0.158851 
0.063094 0.085128 -0.007879 
0.064624 0.088916 -0.027886 
1.177483 -0.099638 -0.035577 
0.897103 0.076670 -0.190365 
1.244862 0.048204 0.182375 
1.228097 0.030006 0.189163 
1.256522 0.024567 0.189392 
1.161761 -0.110400 -0.045857 
1.171567 -0.091507 -0.054839 
0.903661 0.098228 -0.188106 
1.235296 0.066123 0.171977 
1.221320 0.052123 0.182913 
0.876895 -0.163749 -0.023350 
0.918882 0.080378 -0.190111 
0.937875 -0.163319 -0.079945 
1.269375 0.047221 0.180571 
1.026110 0.121949 0.175754 
0.939758 0.096200 -0.188437 
0.944130 0.068739 -0.190731 
1.257527 0.063754 0.169599 
1.040119 0.104003 0.182824 
0.921385 0.102131 -0.187468 
0.909481 -0.161908 -0.106662 
1.016143 0.102550 0.184937 
1.047610 0.158975 0.075509 
1.070648 0.155919 0.047114 
1.018295 0.162521 0.041224 
0.161281 0.120582 0.073158 
0.920039 -0.163746 -0.031177 
0.148759 0.087873 0.101896 
0.138595 0.096888 0.085789 
0.132227 0.078339 0.094344 
1.004954 0.082140 0.189182 
0.168136 0.097108 0.110326 
0.155590 0.106421 0.091268 
1.023189 0.161351 0.080163 
0.757874 0.160773 0.117126 
0.773341 0.157370 0.135359 
0.778576 0.160963 0.115647 
1.765679 -0.052806 0.169538 
1.786229 -0.062897 0.157131 
0.122350 0.088222 0.078375 
0.767067 0.162745 0.094873 
1.778561 -0.035044 0.182592 
1.756346 -0.033419 0.183441 
0.117454 0.070193 0.086067 
0.827572 0.157586 0.134514 
0.840428 0.150150 0.154858 
0.850774 0.157139 0.136257 
1.742953 -0.062222 0.158146 
1.089884 0.082955 0.185356 
1.137582 0.135009 -0.004690 
1.106193 0.146449 -0.027052 
1.106196 0.147062 0.018974 
0.105653 0.077368 0.070478 
0.799802 0.158725 0.129661 
0.794748 0.162375 0.100811 
1.764655 -0.068520 0.146755 
1.165077 0.122285 0.004957 
1.159640 0.120595 -0.023207 
1.137179 0.131609 -0.037109 
0.960062 0.157644 0.133986 
0.974693 0.150579 0.151796 
0.982902 0.157537 0.130509 
0.944444 0.160875 0.116335 
0.938915 0.157010 0.136761 
0.114055 0.096612 0.059686 
0.951540 0.150597 0.153967 
0.839422 0.160508 0.119183 
1.147089 0.131888 0.035584 
0.965300 0.138607 0.169685 
1.149848 0.130198 0.077795 
1.176291 0.118022 0.094009 
1.180601 0.116976 0.056960 
0.858957 0.160912 0.116045 
1.830815 -0.074984 0.115008 
1.834043 -0.071399 0.093356 
0.131152 0.104636 0.068093 
1.111785 0.144718 0.067601 
0.855969 0.098538 0.188055 
0.878430 0.098013 0.188141 
1.858075 -0.074920 0.113202 
1.837091 -0.072896 0.133903 
0.832331 0.097898 0.188160 
0.843074 0.118503 0.182853 
0.145689 0.110231 0.075699 
0.926852 0.160035 0.122480 
0.796661 0.076232 0.190395 
0.807639 0.097553 0.188216 
0.782896 0.097287 0.188259 
0.144389 0.117726 0.057526 
0.966986 0.161273 0.111546 
0.990491 0.161051 0.107127 
1.881887 -0.074743 0.110294 
1.878902 -0.070797 0.091597 
1.885021 -0.073641 0.130496 
0.821728 0.076148 0.190401 
0.959938 0.038250 -0.191211 
0.972033 0.065663 -0.190699 
0.998712 0.049736 -0.190141 
0.078245 0.077154 0.037954 
0.949215 0.162949 0.090471 
0.722765 0.076287 0.190391 
0.946615 -0.001310 -0.191250 
0.907385 0.039727 -0.191217 
0.105967 0.108269 0.014953 
0.108391 0.103412 0.038235 
0.121656 0.114214 0.026782 
0.873412 0.157206 0.135997 
0.990709 0.006691 -0.190664 
1.858731 -0.055268 0.166983 
1.868494 -0.039327 0.180151 
1.848187 -0.036271 0.181943 
0.864686 0.150015 0.155127 
0.096307 0.087209 0.049936 
0.854725 0.137008 0.172039 
0.087732 0.065430 0.059760 
1.838469 -0.064574 0.154423 
0.883479 0.160958 0.115691 
0.382855 0.047590 0.190564 
1.880402 -0.064055 0.155280 
0.638196 0.156834 0.137448 
0.916178 0.078565 0.190235 
0.901124 0.098452 0.188069 
0.419624 0.016917 0.191249 
0.143164 0.069634 0.106709 
1.859673 -0.069949 0.143320 
0.661446 0.156301 0.139526 
0.651015 0.160613 0.118362 
0.921996 0.099585 0.187884 
0.159466 0.074377 0.116240 
0.649086 0.148910 0.157331 
0.911793 0.122091 0.181403 
0.171278 0.055953 0.127980 
0.179903 0.080499 0.126873 
1.952816 0.003290 0.179841 
1.950042 -0.017295 0.178840 
1.967747 -0.008069 0.170826 
0.885523 0.150996 0.153171 
1.935980 -0.004137 0.186103 
0.888469 0.114954 0.184109 
1.950049 0.022440 0.177181 
1.939437 0.012021 0.184103 
0.674420 0.160217 0.121434 
0.931453 0.151033 0.153096 
0.150192 0.052274 0.115910 
1.967490 0.014092 0.169769 
0.664773 0.162642 0.096538 
0.939467 0.111755 0.185201 
0.499569 0.048856 0.191159 
0.472179 0.019194 0.191249 
0.521226 0.015965 0.191250 
0.090311 0.046050 -0.139047 
0.110642 0.051257 -0.145873 
0.918577 0.156567 0.138487 
0.162793 0.028503 0.125657 
0.127996 0.053346 0.100470 
0.159529 -0.128272 0.040205 
0.896451 0.156840 0.137425 
0.534909 0.050962 0.191132 
0.177144 -0.131094 0.061409 
0.131559 0.057894 -0.151635 
0.137942 0.081322 -0.144532 
0.152582 0.066120 -0.156276 
0.514090 0.075956 0.190414 
0.203122 -0.139157 0.064684 
0.907841 0.160610 0.118386 
0.897095 0.162814 0.093652 
0.028188 -0.047897 -0.015578 
0.036464 -0.064718 -0.024819 
0.040636 -0.060075 -0.004199 
0.263252 -0.153818 0.023175 
0.044904 0.049662 -0.110499 
0.028237 0.041628 -0.100999 
0.037925 0.059366 -0.092279 
0.023889 -0.052093 -0.035388 
0.055207 0.037969 -0.124066 
0.038974 0.030457 -0.116587 
0.594877 0.060571 0.190971 
0.569210 0.024700 0.191247 
0.017991 -0.035004 -0.026494 
0.630030 0.057708 0.191041 
0.083659 -0.097289 0.003491 
0.078740 -0.096972 -0.016840 
0.231977 -0.147885 0.046916 
0.072809 0.089498 -0.081790 
0.909426 0.147017 0.160260 
0.562694 0.060571 0.190971 
0.131926 -0.108110 0.062936 
0.140578 -0.101391 0.082802 
0.122864 -0.091338 0.075940 
0.223485 -0.143106 0.075523 
0.063099 0.079620 -0.091784 
0.153374 -0.118791 0.067442 
0.053593 0.066093 -0.102314 
0.141034 -0.118836 0.048186 
0.049212 0.072340 -0.085364 
0.244801 -0.147788 0.079063 
0.113704 -0.098267 0.056668 
0.897624 -0.071827 0.190602 
0.229551 -0.140116 0.096442 
0.105834 -0.079249 0.069243 
0.097622 0.067551 -0.133321 
0.249779 -0.144089 0.102784 
0.677842 0.049824 0.191147 
0.095808 -0.087510 0.048906 
0.078937 0.061696 -0.126304 
0.263802 -0.150287 0.089328 
0.706860 0.053660 0.191096 
0.103198 -0.107298 0.011845 
0.967832 -0.085755 0.189545 
0.271648 -0.154240 0.062449 
0.069753 0.072791 -0.110040 
0.938933 -0.090309 0.189207 
0.106862 -0.103515 0.035387 
0.119427 -0.113825 0.022681 
0.859235 0.042249 -0.191203 
0.150192 -0.056199 0.115157 
0.128243 -0.056605 0.099839 
0.143419 -0.073129 0.105519 
0.284088 -0.153541 0.092743 
0.061546 0.056070 -0.118693 
0.171240 -0.061051 0.127040 
0.162743 -0.033055 0.125411 
0.306866 -0.158201 0.075819 
0.070004 0.054570 0.045999 
0.327923 -0.158799 0.097277 
0.305173 -0.155153 0.103817 
0.918100 -0.139967 -0.169028 
0.896185 -0.140137 -0.168854 
0.906174 -0.124451 -0.180203 
1.901369 0.042714 0.177862 
1.891264 0.026896 0.186298 
1.912344 0.027183 0.185543 
0.914112 -0.105425 -0.186737 
0.895935 -0.109292 -0.185799 
0.895996 -0.087996 -0.189455 
1.921628 0.042810 0.175691 
1.908962 0.056466 0.165067 
0.071677 0.042748 -0.131332 
0.064903 0.031010 0.049032 
0.081578 0.040001 0.064248 
0.041417 0.032723 0.018810 
0.034277 -0.041017 0.002977 
1.881816 0.043015 0.177719 
0.345010 -0.161802 0.068507 
0.371458 -0.162183 0.092328 
0.877350 -0.103706 -0.187154 
0.022545 -0.013609 -0.006168 
0.017792 -0.000057 -0.013966 
0.015810 -0.017034 -0.020853 
1.891614 0.053963 0.168373 
0.065586 0.026975 -0.132426 
0.028105 0.000336 0.004558 
0.094026 0.024127 0.078271 
0.116746 0.019051 0.096481 
0.926123 -0.080108 -0.190130 
0.023907 -0.029616 -0.009372 
0.933345 -0.105701 -0.186670 
0.103008 0.050552 0.081207 
0.349613 -0.160550 0.098270 
0.125784 0.094120 -0.128036 
0.117482 0.074058 -0.139484 
0.958797 -0.070328 -0.190655 
0.066692 -0.030353 0.051104 
0.071069 -0.054116 0.047504 
0.394958 -0.162737 0.094143 
0.145584 -0.001967 0.115974 
0.140143 -0.034041 0.111691 
0.984309 -0.070448 -0.190107 
0.418348 -0.163037 0.088395 
0.047011 -0.052613 0.015618 
0.408413 -0.161356 0.112464 
0.385244 -0.160793 0.113889 
0.140118 0.030372 0.111925 
0.055025 -0.071761 0.006951 
0.061729 -0.064307 0.027824 
1.831656 0.046924 0.057803 
1.844538 0.027398 0.046488 
1.817564 0.030550 0.047805 
0.542833 -0.074634 0.190484 
1.916003 0.067222 0.147157 
1.938989 0.064340 0.141245 
1.922090 0.072574 0.125252 
0.042211 -0.031574 0.020429 
1.573132 0.068493 0.085784 
1.560739 0.060366 0.071817 
1.901557 0.073214 0.132237 
1.613906 0.073660 0.130408 
0.050796 0.001508 0.035972 
0.039784 -0.009971 0.021537 
0.052343 -0.020093 0.036542 
0.063971 -0.006820 0.050747 
0.061050 0.012036 0.047388 
1.961082 0.056112 0.097081 
1.946495 0.066333 0.116090 
1.967434 0.055325 0.116871 
0.517874 -0.075426 0.190450 
0.051247 0.022269 0.034853 
0.039447 0.011519 0.020944 
1.939471 0.064089 0.091161 
1.907633 0.059557 0.071183 
1.897292 0.047414 0.058228 
1.887085 0.060286 0.071707 
1.623471 0.074615 0.108763 
1.897846 0.068135 0.085030 
1.596110 0.074984 0.117302 
1.207926 -0.046163 0.186246 
1.597535 0.070806 0.091623 
1.916941 0.068034 0.087579 
1.231857 -0.012349 0.191053 
1.254933 -0.002080 0.191283 
0.794475 -0.116487 -0.183567 
0.807954 -0.101540 -0.187565 
0.817211 -0.118943 -0.182698 
1.585051 0.060323 0.071758 
1.916418 0.047422 0.059615 
1.909988 0.031039 0.048527 
0.429691 -0.056536 0.191057 
0.779906 -0.133890 -0.174397 
0.769589 -0.112443 -0.184997 
1.281123 -0.030434 0.187258 
0.804249 -0.135882 -0.172959 
1.669359 0.067805 0.084253 
1.681053 0.059439 0.070576 
1.657364 0.059635 0.070823 
1.928769 0.056370 0.071854 
0.420936 -0.081740 0.190018 
0.445151 -0.078586 0.190234 
0.787845 -0.092997 -0.188918 
1.304629 -0.030946 0.186287 
1.646395 0.070323 0.090233 
0.742871 -0.110941 -0.185399 
0.730010 -0.131560 -0.176081 
0.717573 -0.112362 -0.185026 
1.655420 0.032440 0.048695 
1.633771 0.030440 0.047757 
1.645025 0.046819 0.057716 
0.757497 -0.084064 -0.189859 
1.876196 0.047836 0.058557 
1.208073 -0.084276 0.160921 
1.199478 -0.073566 0.174016 
1.189325 -0.086789 0.165194 
1.668579 0.045826 0.056946 
0.727688 -0.090268 -0.189211 
1.868347 0.015810 0.042990 
1.866012 0.034549 0.049749 
1.197240 -0.095825 0.148896 
0.793627 -0.163744 0.033233 
1.885657 0.031280 0.048149 
1.217487 -0.071647 0.171268 
0.754920 -0.132121 -0.175676 
1.227179 -0.080983 0.157377 
1.762874 0.068926 0.086757 
1.774408 0.061247 0.073030 
1.751271 0.061071 0.072787 
0.758698 -0.163750 0.009808 
0.704233 -0.163201 -0.084137 
0.703906 -0.159992 -0.122717 
0.727824 -0.161494 -0.111255 
1.235866 -0.087128 0.139972 
0.837666 -0.163732 -0.042095 
0.682546 -0.163744 -0.034036 
0.742407 -0.163739 -0.038461 
1.865783 0.060499 0.072000 
1.714121 0.073836 0.129383 
0.794842 -0.163750 -0.015372 
1.843715 0.060507 0.072011 
1.820901 0.060698 0.072273 
1.216523 -0.091567 0.144050 
1.224110 -0.094921 0.125026 
1.739259 0.070782 0.091553 
0.830318 -0.160768 -0.117159 
0.848180 -0.157551 -0.134651 
0.858783 -0.161692 -0.109056 
1.855271 0.068750 0.086361 
1.205182 -0.100586 0.129580 
1.738313 0.074984 0.117692 
0.792717 -0.163553 -0.068762 
1.854740 0.047357 0.058161 
0.827300 -0.156414 -0.139083 
0.835118 -0.163158 -0.085542 
0.815409 -0.149848 -0.155460 
0.803812 -0.158395 -0.131361 
1.679049 0.024786 0.045517 
0.827803 -0.137310 -0.171732 
1.392486 -0.062050 0.158478 
1.693473 0.045556 0.056741 
0.838564 -0.150057 -0.155043 
1.322004 -0.011656 0.190627 
0.790543 -0.149396 -0.156361 
0.780254 -0.161743 -0.108485 
0.808472 -0.162280 -0.102342 
1.877154 0.070510 0.090771 
1.373151 -0.030548 0.184978 
1.709381 0.029042 0.047169 
0.882576 -0.163465 -0.073597 
0.749964 -0.163018 -0.088838 
0.765598 -0.147602 -0.159426 
0.774167 -0.156877 -0.137282 
0.752461 -0.154825 -0.143916 
0.741547 -0.146838 -0.160517 
0.334554 -0.101124 0.180036 
0.326485 -0.120675 0.170678 
0.346761 -0.119996 0.175726 
0.357702 -0.103038 0.183487 
0.311085 -0.103267 0.174034 
0.320304 -0.154280 0.119193 
0.303927 -0.150918 0.121853 
0.362727 -0.159446 0.115463 
0.341001 -0.157288 0.117291 
0.293997 -0.144354 0.133217 
0.275832 -0.141690 0.128398 
0.288568 -0.149802 0.115106 
0.301480 -0.136508 0.149325 
0.283569 -0.133745 0.144967 
0.312226 -0.147095 0.136492 
0.276123 -0.118875 0.155420 
0.256714 -0.111513 0.151956 
0.265048 -0.129358 0.141226 
0.272060 -0.098383 0.163762 
0.291483 -0.125079 0.156810 
0.291085 -0.109515 0.165902 
1.345503 -0.004423 0.191184 
1.333234 0.012845 0.190411 
1.692516 0.070164 0.089823 
1.669363 0.073757 0.102754 
1.899775 0.074411 0.107362 
0.306930 -0.123298 0.163508 
1.368926 -0.061276 0.160030 
1.715314 0.074057 0.104524 
1.691388 0.074984 0.115471 
1.207617 -0.023116 0.190508 
1.891128 0.066150 0.151620 
1.672162 -0.073702 0.130175 
1.684927 -0.069248 0.145089 
1.661989 -0.068753 0.146232 
1.878376 0.074177 0.127365 
1.186476 -0.038310 0.189138 
0.884060 -0.161547 -0.110661 
0.872446 -0.158172 -0.132231 
1.649114 -0.074374 0.125842 
1.866321 0.067703 0.148555 
1.209183 0.006754 0.191245 
0.896682 -0.158441 -0.131181 
1.693595 -0.074530 0.124606 
1.128629 -0.088725 -0.114663 
1.111952 -0.078367 -0.135969 
1.658039 0.010384 0.190563 
1.632334 0.013168 0.190124 
1.855770 0.073310 0.132052 
1.642260 -0.008647 0.190788 
1.089812 -0.078726 -0.154659 
1.236108 0.009416 0.191146 
1.844317 0.068324 0.147195 
0.885600 -0.123895 -0.180486 
1.685325 0.006617 0.191001 
1.824711 0.068613 0.146547 
1.067436 -0.076672 -0.169440 
0.873882 -0.139419 -0.169585 
0.863520 -0.121797 -0.181553 
1.703833 -0.008996 0.190751 
1.711027 0.010671 0.190521 
1.833443 0.070706 0.091333 
1.666849 -0.010736 0.190511 
1.127145 -0.122322 -0.084794 
1.137980 -0.102118 -0.093813 
1.142959 -0.113165 -0.074021 
1.396585 -0.032762 0.183779 
1.408673 -0.013570 0.190047 
1.421525 0.007075 0.190953 
1.358660 0.012972 0.190263 
1.390084 0.010527 0.190549 
1.366866 -0.009123 0.190777 
1.387072 -0.015399 0.189715 
1.501555 0.048762 0.059323 
1.509777 0.032173 0.048569 
1.490378 0.036819 0.050974 
1.436472 0.013593 0.042557 
1.452015 -0.005614 0.041521 
1.425663 -0.008791 0.041827 
1.424559 0.032513 0.048729 
1.448281 0.032635 0.048786 
1.436774 0.048057 0.058740 
1.459088 0.048404 0.059027 
1.448073 0.060494 0.071993 
1.471414 0.033923 0.049423 
1.461738 0.015363 0.042895 
1.473846 -0.001188 0.041325 
1.426249 0.060455 0.071940 
1.414771 0.048242 0.058893 
1.404161 0.060527 0.072026 
1.416349 0.070248 0.090035 
1.393879 0.068576 0.085908 
1.469733 0.060756 0.072354 
1.491300 0.060906 0.072561 
1.513434 0.060727 0.072314 
1.480479 0.068622 0.086075 
1.480542 0.049120 0.059627 
1.437761 0.068200 0.085127 
1.439315 0.074025 0.104334 
1.459139 0.070202 0.089920 
1.442171 0.069457 0.144561 
1.421375 0.069873 0.143513 
1.429957 0.074318 0.126288 
1.456440 0.074609 0.123905 
1.465974 0.068666 0.146428 
1.489974 0.067922 0.148099 
1.479079 0.073563 0.130863 
1.516065 0.066393 0.151178 
1.537541 0.067333 0.149300 
1.502205 0.070534 0.090840 
1.524884 0.068683 0.086212 
1.480125 0.074476 0.107563 
1.503014 0.074262 0.126725 
1.381309 0.060811 0.072191 
1.371536 0.071522 0.093283 
1.810489 0.068996 0.086914 
1.110364 -0.130330 -0.095489 
1.121132 -0.112817 -0.105941 
0.840213 -0.119892 -0.182362 
0.828392 -0.099296 -0.187931 
0.850944 -0.138326 -0.170697 
0.853133 -0.099855 -0.187840 
0.861481 -0.150947 -0.153269 
0.884869 -0.151540 -0.152087 
0.538459 -0.163750 0.006629 
0.553250 -0.163689 0.054133 
0.497446 -0.163712 0.048870 
0.597116 -0.163749 0.021230 
0.627005 -0.163746 -0.030639 
0.713605 -0.163750 0.012116 
0.601966 -0.163472 -0.073194 
0.589209 -0.161762 -0.108280 
0.618733 -0.162372 -0.100863 
0.649721 -0.163340 -0.079199 
0.673174 -0.161141 -0.114268 
0.640296 -0.160743 -0.117358 
0.595364 -0.110506 -0.185504 
0.610265 -0.085611 -0.189711 
0.620644 -0.111476 -0.185269 
0.608310 -0.130869 -0.176579 
0.584000 -0.131186 -0.176351 
0.569674 -0.112436 -0.185000 
0.579355 -0.088459 -0.189405 
0.573505 -0.146177 -0.161460 
0.586478 -0.156263 -0.139675 
0.562728 -0.153998 -0.146222 
0.597012 -0.145927 -0.161816 
0.550665 -0.146258 -0.161344 
0.560175 -0.132105 -0.175687 
0.644312 -0.112616 -0.184936 
0.654125 -0.091652 -0.189062 
0.668641 -0.111422 -0.185282 
0.633199 -0.095164 -0.188606 
0.632482 -0.131244 -0.176309 
0.656782 -0.131556 -0.176083 
0.669553 -0.146675 -0.160749 
0.683855 -0.155748 -0.141347 
0.657005 -0.156178 -0.140006 
0.644481 -0.146440 -0.161085 
0.681321 -0.131389 -0.176204 
0.693912 -0.146195 -0.161434 
0.565709 -0.033285 -0.191236 
0.589358 -0.060533 -0.190972 
0.636715 -0.073601 -0.190527 
0.617368 -0.058264 -0.191028 
0.809195 -0.006165 -0.191250 
0.708679 -0.071736 -0.190605 
0.733764 -0.067146 -0.190798 
0.754990 -0.050727 -0.191135 
0.781990 -0.029356 -0.191242 
0.811739 -0.079482 -0.190172 
0.785760 -0.063467 -0.190900 
0.693478 -0.111750 -0.185203 
0.705848 -0.094682 -0.188685 
0.705631 -0.131438 -0.176168 
0.681953 -0.086370 -0.189629 
0.692221 0.113454 -0.184640 
0.707583 0.134178 -0.174190 
0.720124 0.111560 -0.185249 
0.704172 0.088000 -0.189454 
0.722458 0.149790 -0.155576 
0.738128 0.158139 -0.132359 
0.749740 0.149277 -0.156599 
0.734990 0.133352 -0.174786 
0.695296 0.150003 -0.155150 
0.709587 0.158129 -0.132400 
0.748651 0.110483 -0.185510 
0.733672 0.086558 -0.189609 
0.718425 0.061480 -0.190949 
0.702443 0.031356 -0.191240 
1.855794 0.074618 0.108806 
1.114002 -0.135488 -0.076542 
1.404506 0.034922 0.049939 
0.745555 0.063591 -0.190897 
1.685925 -0.014133 0.189940 
1.015855 -0.107003 -0.180712 
1.000369 -0.088268 -0.187494 
1.392841 0.047743 0.058425 
1.037870 -0.102310 -0.176276 
0.605364 -0.029892 -0.191241 
1.833770 0.074245 0.126866 
1.029823 -0.123094 -0.169178 
1.008067 -0.128322 -0.171748 
1.667185 0.074326 0.126224 
1.082882 -0.150633 -0.071120 
1.097438 -0.142547 -0.083161 
0.999644 -0.144870 -0.156810 
0.991032 -0.154971 -0.137170 
1.021387 -0.140408 -0.156407 
1.012776 -0.151753 -0.138872 
1.044309 -0.151103 -0.122379 
1.059672 -0.151714 -0.104657 
1.025219 -0.154848 -0.123161 
1.078645 -0.148446 -0.091697 
1.692476 -0.074502 0.107774 
1.692947 -0.070839 0.091716 
1.712193 -0.074457 0.107413 
1.671142 -0.074532 0.108010 
1.734766 -0.074984 0.117010 
1.738318 -0.071768 0.094577 
1.741125 -0.072119 0.136862 
1.718018 -0.073745 0.129921 
1.601558 -0.074605 0.108652 
1.601650 -0.070488 0.090709 
1.625395 -0.074580 0.108392 
1.601895 -0.074208 0.127157 
1.648582 -0.074549 0.108143 
1.648784 -0.070622 0.091094 
1.649141 0.074886 0.112413 
0.055690 -0.042637 0.034269 
0.079599 -0.015886 0.065933 
0.030798 -0.021119 0.006358 
0.054589 0.043819 0.032224 
0.030320 0.021765 0.005364 
0.022244 0.013762 -0.006741 
0.088812 -0.093971 0.026692 
0.078200 -0.076034 0.039155 
0.071175 -0.083129 0.017283 
0.137973 -0.121641 0.026375 
0.632405 0.002972 -0.191250 
1.370670 0.033730 0.183515 
1.936550 0.035892 0.056456 
1.393146 0.036359 0.181930 
1.403875 0.064664 0.154290 
1.981123 0.041352 0.130687 
1.960600 0.056272 0.135891 
0.090729 0.095145 0.027363 
1.979355 0.044028 0.104552 
1.614972 -0.067980 0.147969 
1.638602 -0.068382 0.147065 
1.985559 0.030300 0.092097 
1.971830 0.040705 0.083769 
1.358148 0.064016 0.156318 
1.625994 -0.073408 0.131595 
1.446420 0.006779 0.190984 
1.590712 -0.067257 0.149452 
0.554574 -0.163156 -0.085581 
1.435510 -0.014212 0.189925 
1.993511 0.025806 0.110468 
1.992605 0.011761 0.090639 
0.561036 -0.159796 -0.123794 
0.572530 -0.163743 -0.034630 
1.467425 -0.013626 0.190036 
1.589797 -0.059595 0.070772 
1.577533 -0.068437 0.085658 
1.565193 -0.059605 0.070786 
0.620391 -0.145712 -0.162123 
0.609404 -0.153750 -0.146912 
0.630674 -0.155228 -0.142795 
0.612467 -0.159368 -0.126138 
0.485298 -0.148013 -0.158840 
0.493892 -0.135148 -0.173489 
0.506399 -0.147119 -0.160116 
0.497766 -0.154375 -0.145170 
0.477181 -0.156763 -0.137724 
0.510024 -0.162813 -0.093677 
0.531291 -0.160533 -0.118989 
0.502267 -0.159618 -0.124769 
0.545879 -0.115035 -0.184080 
0.553344 -0.093405 -0.188874 
0.523996 -0.117432 -0.183232 
0.530798 -0.098219 -0.188107 
0.537383 -0.133257 -0.174855 
0.502629 -0.118221 -0.182953 
0.512028 -0.102673 -0.187380 
0.489477 -0.096992 -0.188307 
0.515402 -0.134222 -0.174158 
0.196819 -0.092913 0.131497 
0.205094 -0.112460 0.123519 
0.215652 -0.099254 0.138905 
0.185824 -0.105648 0.116416 
0.192120 -0.070575 0.136573 
0.177891 -0.084967 0.123902 
0.541981 -0.155255 -0.142719 
0.528280 -0.146900 -0.160428 
0.517970 -0.155328 -0.142516 
0.750979 -0.021519 -0.191248 
0.727457 0.001388 -0.191250 
1.080211 0.055140 -0.164721 
1.057787 0.053391 -0.176416 
0.172703 0.053544 -0.164441 
0.083329 -0.099985 -0.041407 
0.073264 -0.092644 -0.068480 
0.064238 -0.088611 -0.026984 
0.061307 -0.087015 -0.049210 
0.245466 -0.150637 -0.059205 
0.085809 0.101327 -0.038117 
0.141014 0.122134 0.031857 
1.465987 0.011222 0.190440 
1.952304 0.012110 0.053589 
1.926563 0.009972 0.044762 
1.671476 -0.068971 0.086857 
1.661226 -0.061042 0.072747 
1.962009 0.030216 0.065865 
0.077777 0.095785 -0.064379 
1.683310 -0.061674 0.073628 
1.979526 0.022020 0.076597 
1.665925 -0.033281 0.049090 
1.651532 -0.047911 0.058619 
1.642166 -0.030815 0.047930 
1.499440 0.056873 0.165167 
0.076589 0.011898 0.063280 
1.674161 -0.049457 0.059931 
0.066445 0.090252 -0.048791 
1.951512 0.050979 0.155422 
1.476348 0.057941 0.163914 
1.930625 0.055698 0.160903 
0.189763 0.062143 0.137003 
1.923596 0.010622 0.188343 
1.916155 -0.008529 0.189751 
1.475974 0.027252 0.186166 
1.893417 -0.012131 0.190305 
1.722125 -0.067169 0.149629 
0.418631 -0.122432 -0.181230 
1.879237 0.007802 0.190877 
1.866520 -0.017246 0.189273 
1.704155 -0.070246 0.142569 
1.498891 0.027171 0.186196 
1.511842 0.008514 0.190802 
1.942012 0.040181 0.171158 
1.486464 0.008264 0.190828 
0.350980 -0.148300 -0.150750 
1.932094 0.026609 0.182093 
0.300071 0.036399 -0.185973 
0.272022 0.064134 -0.181775 
0.292971 0.071114 -0.183796 
0.533690 -0.003654 -0.191250 
1.110386 0.022611 0.191161 
1.109615 0.064182 0.188173 
1.136991 0.055623 0.188296 
0.528347 -0.051487 0.191125 
0.372992 -0.122114 -0.179635 
1.869630 0.028259 0.185760 
1.902760 0.008872 0.190696 
1.687851 -0.036500 0.050790 
1.284144 0.029808 0.187328 
1.303372 0.035001 0.184709 
1.302271 0.061459 0.164660 
1.334797 0.069432 0.147233 
1.356555 0.072914 0.134866 
1.337377 0.074785 0.126601 
1.212516 0.057534 -0.021658 
1.220175 0.068750 -0.004999 
1.225156 0.049627 -0.010164 
1.206052 0.078988 -0.015017 
1.198686 0.069973 -0.032701 
1.203020 0.049684 -0.036533 
1.695181 -0.050828 0.061166 
1.136821 0.124286 -0.063447 
1.156345 0.113497 -0.049881 
1.151534 0.100710 -0.075928 
1.120533 0.110453 -0.109049 
1.102485 0.124084 -0.116097 
1.111416 0.129138 -0.096041 
1.107736 0.103821 -0.128929 
1.093176 0.138144 -0.102813 
1.098054 0.142288 -0.082819 
1.079349 0.148374 -0.090928 
1.117173 0.134317 -0.074029 
1.083391 0.150415 -0.071733 
1.120284 0.137948 -0.052528 
1.124956 0.086958 -0.119756 
1.137984 0.094585 -0.099614 
1.164477 0.079593 -0.073904 
1.108957 0.078023 -0.139004 
1.092627 0.096828 -0.146581 
1.176272 0.039882 0.189252 
1.200458 0.037449 0.188736 
1.705273 -0.039966 0.052855 
1.417098 0.074787 0.110816 
1.195527 0.071623 0.176179 
1.205672 0.083259 0.163124 
1.186104 0.085854 0.167206 
1.751108 -0.061841 0.073879 
1.776033 -0.061480 0.073350 
1.763681 -0.070104 0.089672 
1.280313 0.062703 0.166465 
1.399885 -0.062614 0.075008 
1.408787 -0.049141 0.059646 
1.423343 -0.061228 0.073003 
1.396471 0.074075 0.104601 
1.403599 0.073818 0.129500 
1.291710 0.073065 0.146460 
1.255313 0.082819 0.137370 
1.242785 0.089560 0.121708 
1.234942 0.086862 0.141580 
1.874476 0.056784 0.165271 
1.750487 0.033689 0.049300 
1.730371 0.035257 0.050120 
1.740135 0.048694 0.059267 
1.246325 0.076725 0.156125 
1.376716 0.074911 0.119926 
1.352383 0.075012 0.112155 
1.773056 0.034155 0.049544 
1.785094 0.048698 0.059270 
1.794655 0.033226 0.049064 
1.437208 -0.068589 0.086000 
1.853457 0.058321 0.163436 
1.762451 0.048856 0.059401 
1.225623 0.079999 0.159550 
0.403561 -0.162101 -0.104184 
1.215042 0.091221 0.145983 
0.398244 -0.151441 -0.151928 
1.214728 0.069342 0.173787 
1.380048 0.069515 0.144687 
1.482427 -0.067686 0.084011 
1.851501 0.032310 0.183967 
1.851477 0.010787 0.190504 
1.801262 0.014191 0.042671 
1.999804 -0.000947 0.111972 
1.824839 0.008992 0.041848 
1.494353 -0.059672 0.070869 
1.517619 -0.060170 0.071547 
1.197037 0.096693 -0.005289 
1.186396 0.110102 0.009066 
1.201843 0.099979 0.012201 
1.994643 0.014408 0.135724 
1.203702 0.057792 0.182370 
1.179994 0.108402 -0.013161 
1.704586 -0.024004 0.045257 
1.470840 -0.059246 0.070332 
1.447006 -0.059850 0.071107 
1.211969 0.086814 0.003508 
1.723128 -0.035317 0.050151 
1.458059 -0.045091 0.056388 
1.963597 -0.029134 0.166276 
1.727678 -0.013731 0.042584 
1.185990 0.056246 0.184823 
1.191129 0.090416 -0.025242 
1.961089 0.034293 0.164690 
1.701564 0.002085 0.041344 
1.483364 -0.045474 0.056679 
1.190324 0.059434 -0.049103 
0.308040 -0.142447 -0.149828 
1.163745 0.055777 0.186755 
1.471915 -0.024149 0.045304 
1.181116 0.049389 -0.064022 
1.733941 0.014223 0.042677 
1.983629 0.001899 0.157300 
1.968198 0.043709 0.149410 
1.175808 0.072837 0.179101 
1.498717 -0.030568 0.047814 
1.170669 0.116194 0.121538 
1.192906 0.108844 0.113576 
1.506655 -0.047367 0.058169 
1.208856 0.104285 0.084415 
1.229265 0.095561 0.105137 
1.240562 0.091708 0.082524 
1.265108 0.084113 0.115756 
1.248052 0.089225 0.103325 
1.209670 0.102940 0.049804 
1.992003 -0.012420 0.089691 
1.982104 0.000837 0.073516 
1.806453 -0.011209 0.042158 
1.495036 -0.008415 0.041788 
0.331560 -0.115837 -0.178208 
0.345665 -0.100491 -0.184766 
1.273900 0.079473 0.134973 
1.830847 -0.010467 0.042049 
1.289060 0.078939 0.121914 
1.969891 0.012080 0.064101 
1.826294 -0.030911 0.047975 
1.518000 -0.018317 0.043578 
1.228719 0.094752 0.061064 
1.283272 0.080226 0.099296 
1.802541 -0.033510 0.049206 
1.528545 -0.047515 0.058292 
1.211833 0.101527 0.112278 
1.747554 -0.030423 0.047749 
1.517650 -0.035458 0.050225 
1.737997 -0.049073 0.059585 
1.777902 -0.025899 0.045931 
1.060503 0.157967 -0.005586 
1.075594 0.154257 -0.048873 
1.943754 -0.062447 0.141681 
1.934153 -0.054624 0.160742 
1.922040 -0.066683 0.146335 
1.788866 -0.047526 0.058301 
1.536624 -0.031005 0.048019 
1.038696 0.160603 -0.052418 
1.005697 0.163125 -0.018482 
0.946286 0.159931 -0.123051 
0.918278 0.161210 -0.113734 
0.946948 0.163025 -0.088675 
0.926700 0.156185 -0.139976 
0.945822 0.154629 -0.144465 
0.887719 0.160967 -0.115615 
0.902249 0.156636 -0.138222 
0.912988 0.148109 -0.158703 
0.934863 0.147536 -0.159520 
0.528470 0.147664 -0.159338 
0.517519 0.132548 -0.175367 
0.505566 0.146665 -0.160764 
1.925525 0.071566 0.105077 
0.696014 0.161484 -0.111356 
0.723656 0.162093 -0.104603 
0.682456 0.158038 -0.132753 
0.758169 0.161903 -0.106718 
0.765744 0.157349 -0.135439 
0.346441 0.146487 -0.153179 
0.356235 0.135867 -0.168401 
0.336214 0.133820 -0.167146 
0.356746 0.155917 -0.132062 
0.368045 0.148356 -0.154012 
0.326634 0.143894 -0.152843 
0.336440 0.151677 -0.139406 
1.293515 0.053451 0.048679 
1.314392 0.075422 0.129729 
1.763277 -0.047349 0.058154 
1.541091 -0.059996 0.071307 
1.305551 0.077067 0.104958 
1.529829 -0.068441 0.085666 
1.955601 -0.048032 0.155956 
1.975430 -0.037157 0.148490 
1.551916 -0.045783 0.056913 
1.964545 -0.053847 0.135677 
0.376506 -0.161229 -0.107578 
1.287539 -0.047034 0.041179 
1.328828 0.075385 0.108406 
1.584262 0.030399 0.047739 
1.596907 0.046896 0.057779 
1.608890 0.030209 0.047660 
1.523143 -0.072813 0.134227 
1.981759 -0.042066 0.125888 
1.992727 -0.027112 0.109356 
1.992833 -0.017715 0.137699 
1.572491 0.046963 0.057835 
1.943621 -0.037578 0.172324 
1.559873 0.030391 0.047736 
1.564058 -0.065842 0.152181 
1.540337 -0.067913 0.148119 
1.258686 0.024028 0.013666 
1.241936 0.001684 -0.001757 
1.238920 0.035609 -0.000771 
1.154325 0.076344 0.180688 
1.548105 0.047076 0.057928 
1.168186 0.087596 0.171056 
1.930202 -0.024101 0.183588 
1.262973 0.001505 0.014989 
1.534817 0.030180 0.047647 
1.174558 0.098957 0.156898 
1.519290 0.007982 0.041742 
1.547911 0.011447 0.042194 
1.942942 -0.012275 0.049744 
1.258334 -0.020781 0.012887 
1.906618 -0.038801 0.052366 
1.895195 -0.053060 0.063310 
1.887515 -0.040554 0.053228 
1.110931 0.086537 0.182248 
1.274317 -0.074538 0.064194 
1.632660 -0.010193 0.042008 
1.617243 -0.028879 0.047101 
1.916695 -0.054645 0.066584 
1.900125 -0.065468 0.079826 
1.130796 0.081235 0.181883 
1.606651 -0.008594 0.041807 
1.122621 0.100526 0.173000 
1.621385 0.011068 0.042138 
1.931563 -0.036634 0.055346 
1.965625 -0.007006 0.060210 
1.595731 0.011683 0.042229 
1.977509 -0.021854 0.074303 
1.984239 -0.031232 0.090787 
0.752243 -0.160202 -0.121555 
1.112035 0.115702 0.163070 
1.130250 0.112527 0.159874 
1.498771 -0.012073 0.190314 
1.524266 -0.011135 0.190452 
1.883423 -0.061462 0.073325 
1.876270 -0.051066 0.061380 
1.868167 -0.033943 0.049433 
1.908563 -0.072966 0.132006 
1.856632 -0.069712 0.088681 
1.845429 -0.062039 0.074177 
1.823342 -0.061645 0.073584 
1.866277 -0.062038 0.074176 
1.856503 -0.050280 0.060672 
1.800307 -0.061358 0.073183 
1.812841 -0.048427 0.059046 
0.728735 -0.156559 -0.138520 
1.847041 -0.037550 0.051396 
1.540926 -0.010020 0.041983 
1.835318 -0.049485 0.059956 
1.021255 0.110202 -0.178637 
0.965534 0.100003 0.187582 
0.992169 0.101925 0.186323 
0.978946 0.121452 0.180434 
0.983854 0.083248 0.189514 
1.591421 -0.027293 0.046449 
1.895451 0.005872 0.041538 
1.602946 -0.045634 0.056800 
1.869910 -0.009118 0.041862 
0.705591 -0.154270 -0.145464 
1.848422 -0.020387 0.044141 
1.562939 -0.024957 0.045580 
0.377299 -0.138242 0.168231 
0.367453 -0.121929 0.178222 
0.356628 -0.135651 0.167003 
0.365779 -0.148223 0.152777 
0.938210 0.137247 0.171796 
1.577337 -0.044985 0.056308 
0.387741 -0.150419 0.152746 
0.398225 -0.157728 0.133518 
0.410728 -0.151299 0.152528 
0.717566 -0.146452 -0.161067 
0.375508 -0.156402 0.134389 
1.089996 0.073928 -0.155601 
1.890759 -0.022882 0.044892 
1.070585 0.075227 -0.167880 
0.388169 -0.123945 0.179555 
0.409017 -0.123760 0.180506 
0.397209 -0.109318 0.185643 
0.883257 0.136204 0.172727 
0.379234 -0.105854 0.185369 
1.041138 -0.135176 -0.154213 
1.032712 -0.147318 -0.139541 
1.002470 0.145565 -0.155030 
0.990501 0.155548 -0.135105 
1.014982 0.152863 -0.135011 
0.383112 0.156242 -0.137084 
1.916293 -0.016670 0.044282 
1.805205 -0.067401 0.149162 
0.399347 -0.139665 0.169067 
0.422960 -0.139479 0.169524 
0.333904 0.156500 -0.120934 
0.352172 0.160153 -0.106102 
0.978747 0.147682 -0.156717 
0.319347 0.150737 -0.135966 
1.837578 -0.014451 0.189879 
1.033828 0.158819 -0.092710 
1.060601 0.152304 -0.100901 
1.046674 0.152160 -0.116344 
1.085460 -0.104223 -0.149145 
1.095079 -0.114790 -0.133326 
1.077900 -0.123965 -0.140818 
1.027779 0.155544 -0.118200 
1.006016 0.159496 -0.111129 
1.968685 -0.054492 0.116870 
0.966810 0.091762 -0.188843 
1.068571 -0.112287 -0.156692 
1.074565 -0.094258 -0.160912 
0.990573 0.079510 -0.189170 
1.062176 0.155622 -0.076385 
1.978371 -0.044764 0.103477 
0.954820 0.115584 -0.183886 
0.944750 0.134210 -0.174166 
0.967226 0.133936 -0.173585 
0.491266 0.088118 -0.189442 
0.519774 0.090496 -0.189186 
0.545397 0.093396 -0.188875 
0.530877 0.113657 -0.184568 
0.493148 0.132266 -0.175570 
0.472942 0.156274 -0.139631 
0.462538 0.091796 -0.189047 
0.479285 0.112835 -0.184859 
0.468826 0.133105 -0.174964 
0.441434 0.099662 -0.187872 
0.444943 0.134174 -0.174193 
0.458451 0.147932 -0.158956 
0.169567 0.075495 -0.158603 
0.235173 0.080650 -0.173451 
0.257185 0.084531 -0.176715 
0.249394 0.064910 -0.178401 
0.188182 0.074535 -0.164204 
0.211900 0.076313 -0.169505 
0.221936 0.099085 -0.164097 
0.178019 0.093211 -0.153465 
0.158085 0.088340 -0.148748 
0.194475 0.133856 -0.105443 
0.213877 0.137500 -0.111703 
0.172475 0.128823 -0.098840 
0.201961 0.127632 -0.128172 
0.226862 0.133104 -0.132354 
0.211374 0.116114 -0.148694 
1.093048 -0.137994 -0.103579 
0.862343 0.162409 -0.100271 
0.188953 0.112123 -0.143100 
1.099652 -0.096375 -0.140811 
1.613485 -0.007467 0.190912 
0.167515 0.107283 -0.137702 
1.540126 0.009334 0.190716 
1.544846 -0.012187 0.190297 
0.434246 0.148221 -0.158543 
0.146489 0.101215 -0.132794 
0.157988 0.117149 -0.117044 
0.447401 0.156691 -0.138004 
1.049193 -0.142160 -0.139041 
1.059619 -0.130249 -0.148398 
0.411452 0.148057 -0.158761 
0.421951 0.156245 -0.139743 
0.149390 0.122389 -0.092701 
1.162830 0.111289 0.143719 
1.183743 0.106349 0.136763 
0.421736 0.134827 -0.173721 
1.956897 -0.031110 0.063077 
1.157396 -0.102596 -0.064873 
1.567508 0.021241 0.188221 
1.077261 -0.143440 -0.110530 
1.086516 -0.132263 -0.122650 
1.151168 -0.095601 -0.081180 
0.136291 0.110259 -0.112134 
0.464705 0.161153 -0.114178 
1.968959 -0.042605 0.082660 
1.589470 0.024053 0.187327 
1.608246 0.017862 0.189129 
0.432412 0.161106 -0.114544 
1.065905 -0.141210 -0.127856 
1.959510 -0.057732 0.099231 
1.223183 0.094982 0.126492 
1.564244 -0.004007 0.191180 
1.148231 -0.118002 -0.056384 
0.408815 0.117617 -0.183130 
0.394516 0.098097 -0.187994 
0.385815 0.119285 -0.181859 
1.195187 0.095478 0.150883 
0.399067 0.135628 -0.172927 
0.431982 0.116978 -0.183393 
0.420181 0.096989 -0.188308 
0.327301 0.117404 -0.176875 
0.346217 0.120565 -0.177725 
0.339140 0.103348 -0.183332 
0.320302 0.097849 -0.182755 
0.316330 0.131024 -0.165998 
0.307394 0.113275 -0.175811 
0.299945 0.092505 -0.181444 
0.365060 0.121175 -0.179425 
0.371280 0.102708 -0.186124 
0.354817 0.107732 -0.183575 
0.377111 0.136441 -0.170563 
0.389969 0.148451 -0.157091 
0.402071 0.154875 -0.143505 
0.404197 0.159917 -0.122874 
0.407546 0.162939 -0.090498 
0.367135 0.162792 -0.073680 
0.378377 0.161024 -0.110529 
0.325417 0.159344 -0.092600 
0.314347 0.154950 -0.117954 
0.294858 0.154287 -0.107518 
0.235391 0.144478 -0.104126 
0.251816 0.142014 -0.126482 
0.265234 0.150799 -0.100790 
0.306842 0.141777 -0.150672 
0.295834 0.127930 -0.164247 
0.299303 0.149240 -0.131701 
0.285815 0.139227 -0.147923 
0.276254 0.115152 0.157796 
0.292942 0.102747 0.169138 
0.296182 0.122800 0.160213 
0.254765 0.107689 0.153269 
0.271746 0.091656 0.165636 
0.313687 0.094587 0.176986 
0.308610 0.112724 0.169869 
0.845678 0.159928 -0.123067 
0.825732 0.159435 -0.125768 
0.829791 0.162280 -0.102338 
0.744744 0.163609 -0.063815 
0.805972 0.160563 -0.118751 
0.790465 0.156480 -0.138827 
0.782844 0.160750 -0.117299 
0.813154 0.155730 -0.141396 
0.775771 0.148368 -0.158334 
0.669218 0.150078 -0.155002 
0.656115 0.157778 -0.133766 
0.637332 0.161373 -0.112472 
0.668895 0.161941 -0.106297 
0.634171 0.156705 -0.137949 
0.695758 0.163312 -0.080171 
1.942999 -0.054619 0.076369 
1.979036 0.026615 0.153686 
1.978951 -0.019012 0.158163 
1.862146 0.044908 0.176351 
1.834099 0.074617 0.108787 
0.683566 0.155628 0.141681 
1.877851 0.074584 0.108417 
1.951598 0.049761 0.075706 
0.839980 0.162606 0.097110 
0.819634 0.161479 0.111413 
0.816129 0.163109 0.086681 
0.866608 0.162910 0.091398 
0.890932 0.116320 -0.183626 
0.867414 0.147416 -0.159691 
0.844845 0.114867 -0.184140 
0.822788 0.147120 -0.160114 
0.800266 0.114830 -0.184153 
0.908127 -0.011995 -0.191250 
0.646088 0.163583 -0.066110 
0.608310 0.162552 -0.097972 
0.838989 0.163666 0.057562 
0.743768 0.162451 0.099603 
0.734769 0.160532 0.118990 
0.718901 0.162592 0.097326 
0.740203 0.163538 0.069572 
0.787194 0.163581 0.066272 
0.690559 0.163556 0.068463 
0.692306 0.162022 0.105391 
0.693360 0.159300 0.126511 
0.711775 0.160165 0.121770 
0.640389 0.163571 0.067140 
0.639922 0.162532 0.098295 
0.616144 0.162843 0.092972 
0.627294 0.160872 0.116353 
0.757896 0.163743 0.034720 
0.795298 0.163750 0.019562 
0.750781 0.163750 -0.007539 
0.841657 0.163750 -0.000677 
0.716038 0.163748 0.025738 
0.695561 0.163747 -0.028306 
0.661315 0.163750 0.017629 
0.654540 0.163749 -0.023415 
0.795295 0.163744 -0.033048 
0.794463 0.163137 -0.086023 
0.845011 0.163650 -0.059799 
0.592410 0.162696 0.095669 
0.593102 0.163591 0.065432 
0.543050 0.163642 0.060918 
0.513808 0.163013 0.088963 
0.615346 0.163750 -0.016491 
0.574391 0.163750 0.019419 
0.616907 0.163746 0.030622 
0.561282 0.163747 -0.029722 
0.498347 0.163018 -0.088835 
0.516718 0.163750 0.005884 
0.519900 0.163724 -0.045767 
0.474747 0.163739 -0.038532 
0.493386 0.163675 0.056243 
0.522440 0.161380 0.112414 
0.450366 0.163750 0.018786 
0.454099 0.163509 0.071166 
0.592779 -0.163497 0.071825 
0.530026 -0.163153 0.085658 
0.443282 -0.162922 0.091104 
0.431916 -0.161492 0.111269 
0.499485 -0.162777 0.094367 
0.520079 -0.161228 0.113595 
0.576655 0.149042 -0.157067 
0.548439 0.163389 -0.077432 
0.592963 0.163611 -0.063701 
0.642036 0.118961 -0.182691 
1.581550 -0.006904 0.041629 
1.560975 -0.003683 0.041400 
1.571703 0.012439 0.042340 
1.755187 -0.006552 0.041592 
1.781079 0.001277 0.041327 
1.782605 0.020192 0.044086 
1.762765 0.016551 0.043164 
1.727188 -0.062110 0.074286 
1.715616 -0.050710 0.061059 
1.704896 -0.062043 0.074184 
1.715116 -0.069419 0.087942 
1.614306 -0.059966 0.071267 
1.627720 -0.046690 0.057609 
1.638204 -0.060456 0.071941 
1.625659 -0.068611 0.086048 
1.704885 0.059892 0.071164 
1.716073 0.068276 0.085297 
1.728265 0.060598 0.072136 
1.717776 0.047469 0.058253 
1.609428 0.060295 0.071719 
1.633599 0.060081 0.071425 
1.621277 0.046836 0.057730 
1.622103 0.068634 0.086101 
0.124611 -0.111924 0.042442 
0.695083 0.147561 0.159484 
0.704688 0.155596 0.141771 
1.203925 0.100589 0.131272 
0.600546 0.120769 -0.182052 
0.622027 0.150154 -0.154851 
0.701966 0.078928 0.190210 
0.456838 0.162262 0.102625 
0.431154 0.162787 0.094203 
0.439690 0.160647 0.118100 
0.542925 0.079843 0.190148 
0.442567 0.049714 0.191149 
0.338173 0.092620 0.182482 
0.326652 0.112901 0.174466 
0.349492 0.114282 0.178675 
0.359711 0.161666 0.091994 
0.384046 0.162730 0.089192 
0.359974 0.162753 0.059190 
0.410832 0.163617 0.063029 
0.407697 0.162721 0.095042 
0.394979 0.161170 0.113307 
0.388579 0.163649 0.013489 
1.588142 0.005183 0.191106 
1.747050 0.007441 0.190915 
1.729889 0.013725 0.190018 
1.727517 -0.005995 0.191055 
1.770684 0.001287 0.191273 
1.788089 -0.016544 0.189438 
1.797229 0.004903 0.191123 
1.768953 -0.019712 0.188648 
1.750822 -0.013327 0.190093 
1.823080 0.007255 0.190934 
1.811876 -0.014767 0.189819 
0.010866 -0.022342 -0.035896 
0.034832 -0.066640 -0.045849 
0.020873 0.052145 -0.057575 
0.036879 0.067373 -0.068309 
0.015467 0.016623 -0.021487 
0.012513 0.036396 -0.046131 
0.010437 0.021436 -0.036614 
0.009759 0.035842 -0.067038 
0.022305 0.049910 -0.080111 
0.012449 0.031103 -0.089350 
0.002181 0.016937 -0.074882 
0.000105 -0.000789 -0.081043 
0.244056 0.102241 -0.168244 
0.126146 0.111094 0.047499 
1.234394 0.059178 0.005125 
1.343581 0.071205 0.090218 
1.057574 0.136188 0.156566 
1.063195 0.146835 -0.117653 
1.073728 0.137356 -0.127022 
1.056161 0.143092 -0.132272 
1.076688 0.143809 -0.110060 
0.276475 0.146821 -0.127297 
0.417284 0.137342 0.171699 
0.396833 0.150589 0.153557 
0.726578 0.156231 0.139799 
0.754977 0.135637 0.173136 
0.731204 0.134750 0.173777 
0.744817 0.116954 0.183401 
0.740802 0.148792 0.157566 
0.769020 0.117624 0.183164 
0.779337 0.136875 0.172175 
0.764608 0.149581 0.155992 
0.789438 0.150508 0.154144 
0.749672 0.156749 0.137780 
0.672856 0.115380 0.183958 
0.687469 0.095351 0.188575 
0.697398 0.115936 0.183762 
0.660449 0.134670 0.173834 
0.684331 0.134021 0.174303 
0.707806 0.134154 0.174207 
0.672336 0.147951 0.158929 
0.578336 0.124307 0.180277 
0.567044 0.140173 0.168818 
0.589907 0.139448 0.169556 
0.578848 0.151317 0.152530 
0.484321 0.119972 0.182334 
0.471104 0.137752 0.171282 
0.495142 0.138222 0.170804 
0.481656 0.150174 0.154811 
0.265785 0.149824 0.094200 
0.263426 0.144498 0.113252 
0.280748 0.149175 0.111255 
0.290391 0.154922 0.089194 
0.867321 0.117830 0.183092 
0.957629 0.122735 0.181076 
1.195484 0.108288 0.029913 
1.215753 0.094144 0.025146 
1.225882 0.092615 0.042082 
0.855201 -0.149078 0.156995 
0.878912 -0.148073 0.158755 
0.865067 -0.134559 0.173914 
0.852405 -0.115819 0.183803 
0.836652 -0.135953 0.172908 
0.571404 -0.116479 0.183570 
0.559488 -0.136123 0.172785 
0.585241 -0.135816 0.173007 
0.951998 -0.148838 0.157474 
0.963083 -0.156986 0.135916 
0.977177 -0.148357 0.155718 
0.926979 -0.148200 0.158574 
0.938047 -0.156840 0.137424 
0.940179 -0.133285 0.174834 
0.927134 -0.113337 0.184681 
0.914915 -0.133368 0.174775 
0.966040 -0.133383 0.174141 
0.991411 -0.133387 0.171726 
0.980311 -0.112650 0.183872 
0.953483 -0.112286 0.185053 
0.913548 -0.156439 0.138990 
0.890543 -0.156026 0.140572 
1.216698 -0.092732 0.023066 
1.234482 -0.080574 0.027669 
1.227130 -0.091354 0.040469 
1.242237 -0.083603 0.045120 
1.170303 -0.056742 0.186049 
1.180605 -0.074213 0.177430 
1.192245 -0.058869 0.183249 
1.265335 -0.084061 0.115478 
1.288909 -0.078965 0.121904 
0.237663 -0.098015 -0.168599 
0.248879 -0.120141 -0.158246 
0.262421 -0.101470 -0.172645 
0.164753 -0.075557 -0.157124 
0.136498 -0.081371 -0.143869 
0.117601 -0.075047 -0.138939 
0.125703 -0.093402 -0.128714 
0.144597 -0.099634 -0.133409 
0.135329 -0.108597 -0.114583 
0.154822 -0.087452 -0.147980 
0.065878 -0.029651 -0.132049 
0.052504 -0.021484 -0.126925 
0.052159 -0.001212 -0.128223 
0.036513 -0.011752 -0.119386 
0.036470 0.009604 -0.119556 
0.052338 0.019043 -0.127195 
0.013019 -0.032504 -0.088814 
0.002576 -0.018302 -0.074650 
0.007712 -0.011715 -0.095226 
0.010434 -0.037105 -0.066455 
0.022699 -0.022924 -0.106960 
0.023094 -0.050992 -0.079541 
0.028779 -0.043244 -0.100157 
0.038533 -0.060511 -0.091248 
0.045528 -0.051609 -0.109463 
0.039306 -0.032523 -0.116020 
1.797673 0.061110 0.072840 
1.807992 0.047898 0.058608 
1.536688 0.060530 0.072043 
1.524049 0.047606 0.058367 
1.811723 -0.069203 0.087396 
1.822543 -0.068942 0.145807 
1.900856 -0.067253 0.149349 
0.208958 -0.135189 0.089862 
0.216142 -0.128638 0.111287 
0.196137 -0.122629 0.104805 
0.170423 -0.121950 0.080930 
0.188218 -0.129062 0.083922 
0.177019 -0.115719 0.098523 
0.483400 -0.137656 0.171379 
0.470690 -0.118335 0.182913 
0.452786 -0.138538 0.170482 
0.450291 -0.115678 0.183853 
0.431188 -0.121256 0.181828 
0.434562 -0.151604 0.151959 
0.159207 -0.077948 0.114631 
0.167202 -0.098372 0.108713 
0.149563 -0.091110 0.100311 
0.158859 -0.109160 0.090786 
0.132852 -0.081823 0.092772 
0.066431 -0.086966 -0.004762 
0.235927 -0.104786 0.146191 
0.245166 -0.124035 0.136545 
0.250463 -0.088134 0.158763 
1.577280 -0.072988 0.133546 
1.488734 0.017106 0.043294 
1.847906 0.002108 0.041344 
0.054656 -0.080870 -0.068818 
0.049112 -0.072877 -0.083824 
0.063924 -0.081885 -0.087695 
0.037292 -0.067617 -0.068847 
0.046847 -0.076747 -0.053722 
0.048363 -0.077731 -0.035772 
0.047916 0.077665 -0.043927 
0.414644 0.163736 -0.039943 
0.365459 0.163114 -0.028023 
0.721051 0.116458 0.183577 
0.233307 0.118568 -0.154487 
0.245573 0.131289 -0.144513 
1.293914 -0.010999 0.190839 
1.272520 -0.012997 0.190779 
1.277887 0.007085 0.191160 
1.305283 0.013765 0.190458 
1.002723 0.121566 0.178401 
0.991319 0.061286 0.190770 
0.988976 0.138325 0.167347 
1.012363 0.138035 0.164369 
0.997830 0.162730 0.079886 
0.997965 0.150186 0.148714 
1.038694 -0.133843 0.164096 
1.015687 -0.133808 0.168252 
1.024574 -0.146422 0.149684 
1.030190 -0.116540 0.178485 
1.185329 -0.106315 0.135085 
0.050795 -0.076313 -0.014539 
0.088284 -0.066044 0.059959 
0.117855 -0.072947 0.084954 
0.224941 -0.118442 0.130370 
0.482484 -0.097653 0.188200 
0.459162 -0.097990 0.188145 
0.437063 -0.099935 0.187827 
0.415010 -0.104180 0.187039 
0.444186 -0.158313 0.131683 
0.421364 -0.158090 0.132552 
0.269499 -0.147341 0.108921 
0.256467 -0.138130 0.123286 
0.236431 -0.133742 0.117574 
1.494408 -0.070058 0.143044 
1.470068 -0.070474 0.141932 
0.007555 0.010038 -0.095528 
0.717705 0.147917 0.158977 
0.058335 0.083239 -0.069467 
0.549763 0.104101 0.187058 
0.524614 0.100489 0.187737 
0.013241 -0.037591 -0.045240 
0.022087 -0.053638 -0.056879 
0.383380 0.157100 0.133522 
0.710818 0.096768 0.188344 
0.734197 0.096696 0.188356 
0.758372 0.096917 0.188320 
0.815175 0.150684 0.153792 
0.829382 0.137381 0.171660 
0.818416 0.118509 0.182851 
0.793617 0.118220 0.182953 
0.804254 0.137417 0.171623 
0.264255 0.135625 -0.145581 
0.254023 0.120928 -0.159171 
0.278775 0.088090 -0.179396 
0.286673 0.109285 -0.174020 
0.274821 0.124519 -0.161965 
0.265497 0.105554 -0.171495 
1.067063 0.128874 -0.144470 
1.087487 0.133963 -0.118709 
1.036613 0.148418 -0.134744 
0.974786 0.161073 -0.111640 
0.965418 0.156141 -0.138734 
0.283738 0.156660 -0.026824 
0.330411 0.161249 0.007842 
0.326900 0.160897 -0.047794 
0.289982 0.156719 -0.073389 
0.243567 0.147412 0.079713 
0.311030 0.159232 0.060803 
0.312643 0.157632 0.091957 
0.292247 0.145494 0.129679 
0.335822 0.160279 0.087756 
0.271174 0.154021 0.065393 
0.277996 0.155891 0.024008 
0.179931 0.122770 -0.122582 
0.448674 0.163285 -0.081140 
0.199444 0.096112 -0.159105 
0.454786 0.115354 -0.183967 
0.482486 0.147177 -0.160033 
0.555531 0.115647 -0.183864 
0.505295 0.112323 -0.185040 
0.932621 0.117284 -0.183285 
0.993555 0.163025 -0.072790 
0.956101 0.147735 -0.159237 
0.900049 0.163418 -0.076126 
0.977894 0.115499 -0.182833 
1.030397 0.061312 -0.184882 
1.248623 -0.089030 0.102874 
1.175290 0.118761 0.027251 
1.099446 0.145190 0.104919 
1.123153 0.124288 0.146379 
1.101081 0.102031 0.176383 
1.148932 0.100047 0.166117 
1.267708 0.074145 0.152401 
1.100577 0.145705 -0.059620 
1.130728 0.117060 -0.087313 
1.313239 0.069006 0.150931 
1.292130 0.048276 0.177991 
1.487243 0.043644 0.177282 
1.381486 0.054201 0.168328 
1.502108 0.074523 0.107940 
1.458716 0.074315 0.106289 
1.382768 -0.048349 0.173779 
1.291936 -0.048038 0.178163 
0.935166 -0.042180 -0.191204 
0.978221 -0.038485 -0.191106 
0.926628 -0.123314 -0.180782 
0.908023 -0.151698 -0.151771 
0.891629 0.163749 -0.020074 
0.883830 0.163746 0.031745 
0.881148 0.163559 0.068203 
0.810310 0.052372 0.191113 
0.966192 0.163645 0.057132 
0.974205 0.162829 0.089388 
0.918940 0.163584 0.066057 
1.050055 -0.117869 -0.163860 
0.055702 -0.040415 -0.123408 
0.022436 0.021080 -0.107421 
0.020799 -0.000942 -0.109450 
0.090862 -0.048755 -0.138447 
0.054353 -0.068112 -0.100454 
0.071749 -0.075956 -0.107964 
0.062481 -0.058574 -0.117553 
0.080251 -0.064269 -0.125444 
0.072294 -0.045399 -0.130715 
0.098779 -0.069377 -0.132793 
0.110604 -0.053690 -0.145151 
0.147624 -0.120717 -0.096528 
1.243389 -0.089498 0.120733 
1.208310 -0.061726 0.179840 
0.902619 -0.147881 0.159028 
0.987711 -0.156129 0.134277 
1.001510 -0.147428 0.153158 
1.010804 -0.154856 0.132549 
1.032297 -0.153541 0.128993 
1.053524 -0.151685 0.123746 
1.046739 -0.145279 0.145014 
0.996007 -0.091669 0.188154 
1.005984 -0.114565 0.181460 
1.021271 -0.094853 0.186583 
1.068722 -0.143378 0.139480 
1.060762 -0.133454 0.159279 
1.082531 -0.131645 0.154599 
1.073473 -0.118778 0.170528 
0.924141 0.162339 0.101388 
0.242212 0.121194 0.137655 
0.233069 0.101638 0.146426 
0.247475 0.083266 0.158864 
1.058177 -0.097856 -0.169214 
1.169201 0.092002 -0.057965 
0.372137 0.148756 0.153101 
1.154690 -0.120328 0.128906 
0.360592 0.133918 0.169465 
1.088021 0.120785 -0.134988 
0.973942 0.163720 0.012882 
1.650629 0.011247 0.042164 
1.174701 0.102164 -0.036473 
0.337083 0.131205 0.166346 
1.432777 -0.046851 0.057742 
0.315751 0.128047 0.162856 
1.417056 -0.031091 0.048060 
1.674236 0.001438 0.041330 
0.930585 0.163750 0.018914 
1.184398 0.081235 -0.044637 
1.442844 -0.027723 0.046615 
1.064810 -0.104252 0.180491 
1.657920 -0.013516 0.042543 
1.075314 0.109447 -0.153728 
1.104024 -0.123305 -0.115416 
1.052501 -0.118485 0.174436 
0.948907 0.163743 -0.034832 
1.176908 0.070165 -0.062090 
1.682011 -0.017656 0.043423 
1.063217 0.096880 -0.167197 
1.111260 -0.103218 -0.125413 
1.045774 -0.098719 0.184221 
1.078950 0.090948 -0.159190 
0.322890 -0.138318 0.155059 
0.339240 -0.132941 0.165511 
0.344776 -0.144796 0.153250 
0.332259 -0.150753 0.136783 
0.353575 -0.154120 0.135446 
