2762
0.000000 0.000000 -0.080000 
0.028571 0.000000 0.005393 
0.028571 0.009466 0.004948 
0.028571 0.018884 0.003305 
0.028571 0.028042 0.000220 
0.028571 0.036615 -0.004419 
0.028571 0.044232 -0.010583 
0.028571 0.050557 -0.018083 
0.028571 0.055364 -0.026606 
0.028571 0.058585 -0.035780 
0.028571 0.060309 -0.045263 
0.028571 0.060776 -0.054815 
0.028571 0.060309 -0.064367 
0.028571 0.058585 -0.073850 
0.028571 0.055364 -0.083024 
0.028571 0.050557 -0.091547 
0.028571 0.044232 -0.099047 
0.028571 0.036615 -0.105211 
0.028571 0.028042 -0.109850 
0.028571 0.018884 -0.112936 
0.028571 0.009466 -0.114578 
0.028571 0.000000 -0.115023 
0.028571 -0.009466 -0.114578 
0.028571 -0.018884 -0.112936 
0.028571 -0.028042 -0.109850 
0.028571 -0.036615 -0.105211 
0.028571 -0.044232 -0.099047 
0.028571 -0.050557 -0.091547 
0.028571 -0.055364 -0.083024 
0.028571 -0.058585 -0.073850 
0.028571 -0.060309 -0.064367 
0.028571 -0.060776 -0.054815 
0.028571 -0.060309 -0.045263 
0.028571 -0.058585 -0.035780 
0.028571 -0.055364 -0.026606 
0.028571 -0.050557 -0.018083 
0.028571 -0.044232 -0.010583 
0.028571 -0.036615 -0.004419 
0.028571 -0.028042 0.000220 
0.028571 -0.018884 0.003305 
0.028571 -0.009466 0.004948 
0.057143 0.000000 0.043409 
0.057143 0.013712 0.042973 
0.057143 0.027492 0.041007 
0.057143 0.040992 0.036848 
0.057143 0.053549 0.030101 
0.057143 0.064378 0.020775 
0.057143 0.072861 0.009334 
0.057143 0.078779 -0.003463 
0.057143 0.082330 -0.016852 
0.057143 0.083980 -0.030302 
0.057143 0.084344 -0.043603 
0.057143 0.083980 -0.056904 
0.057143 0.082330 -0.070353 
0.057143 0.078779 -0.083743 
0.057143 0.072861 -0.096539 
0.057143 0.064378 -0.107981 
0.057143 0.053549 -0.117307 
0.057143 0.040992 -0.124053 
0.057143 0.027492 -0.128213 
0.057143 0.013712 -0.130178 
0.057143 0.000000 -0.130615 
0.057143 -0.013712 -0.130178 
0.057143 -0.027492 -0.128213 
0.057143 -0.040992 -0.124053 
0.057143 -0.053549 -0.117307 
0.057143 -0.064378 -0.107981 
0.057143 -0.072861 -0.096539 
0.057143 -0.078779 -0.083743 
0.057143 -0.082330 -0.070353 
0.057143 -0.083980 -0.056904 
0.057143 -0.084344 -0.043603 
0.057143 -0.083980 -0.030302 
0.057143 -0.082330 -0.016852 
0.057143 -0.078779 -0.003463 
0.057143 -0.072861 0.009334 
0.057143 -0.064378 0.020775 
0.057143 -0.053549 0.030101 
0.057143 -0.040992 0.036848 
0.057143 -0.027492 0.041007 
0.057143 -0.013712 0.042973 
0.085714 0.000000 0.071897 
0.085714 0.016906 0.071539 
0.085714 0.034047 0.069585 
0.085714 0.051012 0.064916 
0.085714 0.066777 0.056710 
0.085714 0.080045 0.044844 
0.085714 0.089894 0.030111 
0.085714 0.096227 0.013829 
0.085714 0.099649 -0.002823 
0.085714 0.101041 -0.019197 
0.085714 0.101294 -0.035201 
0.085714 0.101041 -0.051204 
0.085714 0.099649 -0.067579 
0.085714 0.096227 -0.084231 
0.085714 0.089894 -0.100513 
0.085714 0.080045 -0.115246 
0.085714 0.066777 -0.127111 
0.085714 0.051012 -0.135318 
0.085714 0.034047 -0.139987 
0.085714 0.016906 -0.141941 
0.085714 0.000000 -0.142299 
0.085714 -0.016906 -0.141941 
0.085714 -0.034047 -0.139987 
0.085714 -0.051012 -0.135318 
0.085714 -0.066777 -0.127111 
0.085714 -0.080045 -0.115246 
0.085714 -0.089894 -0.100513 
0.085714 -0.096227 -0.084231 
0.085714 -0.099649 -0.067579 
0.085714 -0.101041 -0.051204 
0.085714 -0.101294 -0.035201 
0.085714 -0.101041 -0.019197 
0.085714 -0.099649 -0.002823 
0.085714 -0.096227 0.013829 
0.085714 -0.089894 0.030111 
0.085714 -0.080045 0.044844 
0.085714 -0.066777 0.056710 
0.085714 -0.051012 0.064916 
0.085714 -0.034047 0.069585 
0.085714 -0.016906 0.071539 
0.114286 0.000000 0.094982 
0.114286 0.019497 0.094708 
0.114286 0.039412 0.092904 
0.114286 0.059327 0.088044 
0.114286 0.077858 0.078769 
0.114286 0.093112 0.064719 
0.114286 0.103848 0.047058 
0.114286 0.110214 0.027765 
0.114286 0.113321 0.008428 
0.114286 0.114434 -0.010268 
0.114286 0.114601 -0.028392 
0.114286 0.114434 -0.046517 
0.114286 0.113321 -0.065212 
0.114286 0.110214 -0.084549 
0.114286 0.103848 -0.103842 
0.114286 0.093112 -0.121504 
0.114286 0.077858 -0.135554 
0.114286 0.059327 -0.144829 
0.114286 0.039412 -0.149689 
0.114286 0.019497 -0.151493 
0.114286 0.000000 -0.151767 
0.114286 -0.019497 -0.151493 
0.114286 -0.039412 -0.149689 
0.114286 -0.059327 -0.144829 
0.114286 -0.077858 -0.135554 
0.114286 -0.093112 -0.121504 
0.114286 -0.103848 -0.103842 
0.114286 -0.110214 -0.084549 
0.114286 -0.113321 -0.065212 
0.114286 -0.114434 -0.046517 
0.114286 -0.114601 -0.028392 
0.114286 -0.114434 -0.010268 
0.114286 -0.113321 0.008428 
0.114286 -0.110214 0.027765 
0.114286 -0.103848 0.047058 
0.114286 -0.093112 0.064719 
0.114286 -0.077858 0.078769 
0.114286 -0.059327 0.088044 
0.114286 -0.039412 0.092904 
0.114286 -0.019497 0.094708 
0.142857 0.000000 0.114308 
0.142857 0.021667 0.114105 
0.142857 0.043929 0.112506 
0.142857 0.066414 0.107652 
0.142857 0.087388 0.097586 
0.142857 0.104294 0.081601 
0.142857 0.115571 0.061275 
0.142857 0.121737 0.039336 
0.142857 0.124460 0.017747 
0.142857 0.125322 -0.002843 
0.142857 0.125430 -0.022692 
0.142857 0.125322 -0.042542 
0.142857 0.124460 -0.063132 
0.142857 0.121737 -0.084721 
0.142857 0.115571 -0.106660 
0.142857 0.104294 -0.126986 
0.142857 0.087388 -0.142971 
0.142857 0.066414 -0.153037 
0.142857 0.043929 -0.157891 
0.142857 0.021667 -0.159490 
0.142857 0.000000 -0.159693 
0.142857 -0.021667 -0.159490 
0.142857 -0.043929 -0.157891 
0.142857 -0.066414 -0.153037 
0.142857 -0.087388 -0.142971 
0.142857 -0.104294 -0.126986 
0.142857 -0.115571 -0.106660 
0.142857 -0.121737 -0.084721 
0.142857 -0.124460 -0.063132 
0.142857 -0.125322 -0.042542 
0.142857 -0.125430 -0.022692 
0.142857 -0.125322 -0.002843 
0.142857 -0.124460 0.017747 
0.142857 -0.121737 0.039336 
0.142857 -0.115571 0.061275 
0.142857 -0.104294 0.081601 
0.142857 -0.087388 0.097586 
0.142857 -0.066414 0.107652 
0.142857 -0.043929 0.112506 
0.142857 -0.021667 0.114105 
0.171429 0.000000 0.130729 
0.171429 0.023509 0.130581 
0.171429 0.047779 0.129198 
0.171429 0.072518 0.124475 
0.171429 0.095671 0.113831 
0.171429 0.113956 0.096107 
0.171429 0.125507 0.073337 
0.171429 0.131329 0.049066 
0.171429 0.133659 0.025579 
0.171429 0.134313 0.003423 
0.171429 0.134382 -0.017850 
0.171429 0.134313 -0.039123 
0.171429 0.133659 -0.061278 
0.171429 0.131329 -0.084765 
0.171429 0.125507 -0.109036 
0.171429 0.113956 -0.131806 
0.171429 0.095671 -0.149530 
0.171429 0.072518 -0.160174 
0.171429 0.047779 -0.164897 
0.171429 0.023509 -0.166281 
0.171429 0.000000 -0.166428 
0.171429 -0.023509 -0.166281 
0.171429 -0.047779 -0.164897 
0.171429 -0.072518 -0.160174 
0.171429 -0.095671 -0.149530 
0.171429 -0.113956 -0.131806 
0.171429 -0.125507 -0.109036 
0.171429 -0.131329 -0.084765 
0.171429 -0.133659 -0.061278 
0.171429 -0.134313 -0.039123 
0.171429 -0.134382 -0.017850 
0.171429 -0.134313 0.003423 
0.171429 -0.133659 0.025579 
0.171429 -0.131329 0.049066 
0.171429 -0.125507 0.073337 
0.171429 -0.113956 0.096107 
0.171429 -0.095671 0.113831 
0.171429 -0.072518 0.124475 
0.171429 -0.047779 0.129198 
0.171429 -0.023509 0.130581 
0.200000 0.000000 0.144747 
0.200000 0.025081 0.144641 
0.200000 0.051071 0.143465 
0.200000 0.077788 0.138953 
0.200000 0.102887 0.127897 
0.200000 0.122316 0.108601 
0.200000 0.133928 0.083589 
0.200000 0.139319 0.057272 
0.200000 0.141279 0.032189 
0.200000 0.141768 0.008739 
0.200000 0.141812 -0.013715 
0.200000 0.141768 -0.036169 
0.200000 0.141279 -0.059620 
0.200000 0.139319 -0.084702 
0.200000 0.133928 -0.111019 
0.200000 0.122316 -0.136031 
0.200000 0.102887 -0.155328 
0.200000 0.077788 -0.166383 
0.200000 0.051071 -0.170895 
0.200000 0.025081 -0.172072 
0.200000 0.000000 -0.172177 
0.200000 -0.025081 -0.172072 
0.200000 -0.051071 -0.170895 
0.200000 -0.077788 -0.166383 
0.200000 -0.102887 -0.155328 
0.200000 -0.122316 -0.136031 
0.200000 -0.133928 -0.111019 
0.200000 -0.139319 -0.084702 
0.200000 -0.141279 -0.059620 
0.200000 -0.141768 -0.036169 
0.200000 -0.141812 -0.013715 
0.200000 -0.141768 0.008739 
0.200000 -0.141279 0.032189 
0.200000 -0.139319 0.057272 
0.200000 -0.133928 0.083589 
0.200000 -0.122316 0.108601 
0.200000 -0.102887 0.127897 
0.200000 -0.077788 0.138953 
0.200000 -0.051071 0.143465 
0.200000 -0.025081 0.144641 
0.228571 0.000000 0.156683 
0.228571 0.026419 0.156608 
0.228571 0.053876 0.155619 
0.228571 0.082319 0.151366 
0.228571 0.109150 0.140037 
0.228571 0.129512 0.119317 
0.228571 0.141014 0.092258 
0.228571 0.145934 0.064162 
0.228571 0.147560 0.037750 
0.228571 0.147922 0.013234 
0.228571 0.147949 -0.010195 
0.228571 0.147922 -0.033624 
0.228571 0.147560 -0.058140 
0.228571 0.145934 -0.084552 
0.228571 0.141014 -0.112648 
0.228571 0.129512 -0.139707 
0.228571 0.109150 -0.160427 
0.228571 0.082319 -0.171756 
0.228571 0.053876 -0.176009 
0.228571 0.026419 -0.176998 
0.228571 0.000000 -0.177073 
0.228571 -0.026419 -0.176998 
0.228571 -0.053876 -0.176009 
0.228571 -0.082319 -0.171756 
0.228571 -0.109150 -0.160427 
0.228571 -0.129512 -0.139707 
0.228571 -0.141014 -0.112648 
0.228571 -0.145934 -0.084552 
0.228571 -0.147560 -0.058140 
0.228571 -0.147922 -0.033624 
0.228571 -0.147949 -0.010195 
0.228571 -0.147922 0.013234 
0.228571 -0.147560 0.037750 
0.228571 -0.145934 0.064162 
0.228571 -0.141014 0.092258 
0.228571 -0.129512 0.119317 
0.228571 -0.109150 0.140037 
0.228571 -0.082319 0.151366 
0.228571 -0.053876 0.155619 
0.228571 -0.026419 0.156608 
0.257143 0.000000 0.166742 
0.257143 0.027546 0.166690 
0.257143 0.056242 0.165866 
0.257143 0.086175 0.161900 
0.257143 0.114535 0.150416 
0.257143 0.135640 0.128412 
0.257143 0.146898 0.099500 
0.257143 0.151333 0.069880 
0.257143 0.152668 0.042377 
0.257143 0.152934 0.016994 
0.257143 0.152951 -0.007228 
0.257143 0.152934 -0.031450 
0.257143 0.152668 -0.056833 
0.257143 0.151333 -0.084336 
0.257143 0.146898 -0.113956 
0.257143 0.135640 -0.142868 
0.257143 0.114535 -0.164872 
0.257143 0.086175 -0.176356 
0.257143 0.056242 -0.180323 
0.257143 0.027546 -0.181146 
0.257143 0.000000 -0.181199 
0.257143 -0.027546 -0.181146 
0.257143 -0.056242 -0.180323 
0.257143 -0.086175 -0.176356 
0.257143 -0.114535 -0.164872 
0.257143 -0.135640 -0.142868 
0.257143 -0.146898 -0.113956 
0.257143 -0.151333 -0.084336 
0.257143 -0.152668 -0.056833 
0.257143 -0.152934 -0.031450 
0.257143 -0.152951 -0.007228 
0.257143 -0.152934 0.016994 
0.257143 -0.152668 0.042377 
0.257143 -0.151333 0.069880 
0.257143 -0.146898 0.099500 
0.257143 -0.135640 0.128412 
0.257143 -0.114535 0.150416 
0.257143 -0.086175 0.161900 
0.257143 -0.056242 0.165866 
0.257143 -0.027546 0.166690 
0.285714 0.000000 0.175058 
0.285714 0.028477 0.175021 
0.285714 0.058198 0.174340 
0.285714 0.089396 0.170674 
0.285714 0.119090 0.159137 
0.285714 0.140765 0.135990 
0.285714 0.151675 0.105422 
0.285714 0.155633 0.074524 
0.285714 0.156720 0.046146 
0.285714 0.156914 0.020077 
0.285714 0.156924 -0.004776 
0.285714 0.156914 -0.029628 
0.285714 0.156720 -0.055697 
0.285714 0.155633 -0.084075 
0.285714 0.151675 -0.114974 
0.285714 0.140765 -0.145541 
0.285714 0.119090 -0.168689 
0.285714 0.089396 -0.180225 
0.285714 0.058198 -0.183892 
0.285714 0.028477 -0.184572 
0.285714 0.000000 -0.184609 
0.285714 -0.028477 -0.184572 
0.285714 -0.058198 -0.183892 
0.285714 -0.089396 -0.180225 
0.285714 -0.119090 -0.168689 
0.285714 -0.140765 -0.145541 
0.285714 -0.151675 -0.114974 
0.285714 -0.155633 -0.084075 
0.285714 -0.156720 -0.055697 
0.285714 -0.156914 -0.029628 
0.285714 -0.156924 -0.004776 
0.285714 -0.156914 0.020077 
0.285714 -0.156720 0.046146 
0.285714 -0.155633 0.074524 
0.285714 -0.151675 0.105422 
0.285714 -0.140765 0.135990 
0.285714 -0.119090 0.159137 
0.285714 -0.089396 0.170674 
0.285714 -0.058198 0.174340 
0.285714 -0.028477 0.175021 
0.314286 0.000000 0.181699 
0.314286 0.029220 0.181673 
0.314286 0.059763 0.181115 
0.314286 0.092005 0.177754 
0.314286 0.122842 0.166260 
0.314286 0.144931 0.142114 
0.314286 0.155416 0.110099 
0.314286 0.158921 0.078157 
0.314286 0.159800 0.049105 
0.314286 0.159940 0.022515 
0.314286 0.159946 -0.002817 
0.314286 0.159940 -0.028149 
0.314286 0.159800 -0.054739 
0.314286 0.158921 -0.083791 
0.314286 0.155416 -0.115733 
0.314286 0.144931 -0.147748 
0.314286 0.122842 -0.171894 
0.314286 0.092005 -0.183388 
0.314286 0.059763 -0.186749 
0.314286 0.029220 -0.187307 
0.314286 0.000000 -0.187333 
0.314286 -0.029220 -0.187307 
0.314286 -0.059763 -0.186749 
0.314286 -0.092005 -0.183388 
0.314286 -0.122842 -0.171894 
0.314286 -0.144931 -0.147748 
0.314286 -0.155416 -0.115733 
0.314286 -0.158921 -0.083791 
0.314286 -0.159800 -0.054739 
0.314286 -0.159940 -0.028149 
0.314286 -0.159946 -0.002817 
0.314286 -0.159940 0.022515 
0.314286 -0.159800 0.049105 
0.314286 -0.158921 0.078157 
0.314286 -0.155416 0.110099 
0.314286 -0.144931 0.142114 
0.314286 -0.122842 0.166260 
0.314286 -0.092005 0.177754 
0.314286 -0.059763 0.181115 
0.314286 -0.029220 0.181673 
0.342857 0.000000 0.186681 
0.342857 0.029778 0.186663 
0.342857 0.060941 0.186208 
0.342857 0.094008 0.183154 
0.342857 0.125798 0.171798 
0.342857 0.148162 0.146815 
0.342857 0.158173 0.113572 
0.342857 0.161258 0.080817 
0.342857 0.161965 0.051278 
0.342857 0.162067 0.024321 
0.342857 0.162070 -0.001348 
0.342857 0.162067 -0.027016 
0.342857 0.161965 -0.053973 
0.342857 0.161258 -0.083513 
0.342857 0.158173 -0.116267 
0.342857 0.148162 -0.149510 
0.342857 0.125798 -0.174493 
0.342857 0.094008 -0.185849 
0.342857 0.060941 -0.188904 
0.342857 0.029778 -0.189358 
0.342857 0.000000 -0.189376 
0.342857 -0.029778 -0.189358 
0.342857 -0.060941 -0.188904 
0.342857 -0.094008 -0.185849 
0.342857 -0.125798 -0.174493 
0.342857 -0.148162 -0.149510 
0.342857 -0.158173 -0.116267 
0.342857 -0.161258 -0.083513 
0.342857 -0.161965 -0.053973 
0.342857 -0.162067 -0.027016 
0.342857 -0.162070 -0.001348 
0.342857 -0.162067 0.024321 
0.342857 -0.161965 0.051278 
0.342857 -0.161258 0.080817 
0.342857 -0.158173 0.113572 
0.342857 -0.148162 0.146815 
0.342857 -0.125798 0.171798 
0.342857 -0.094008 0.183154 
0.342857 -0.060941 0.186208 
0.342857 -0.029778 0.186663 
0.371429 0.000000 0.189944 
0.371429 0.030143 0.189932 
0.371429 0.061719 0.189565 
0.371429 0.095384 0.186817 
0.371429 0.127938 0.175706 
0.371429 0.150466 0.150081 
0.371429 0.159982 0.115849 
0.371429 0.162688 0.082508 
0.371429 0.163256 0.052660 
0.371429 0.163329 0.025484 
0.371429 0.163332 -0.000385 
0.371429 0.163329 -0.026254 
0.371429 0.163256 -0.053430 
0.371429 0.162688 -0.083279 
0.371429 0.159982 -0.116619 
0.371429 0.150466 -0.150851 
0.371429 0.127938 -0.176476 
0.371429 0.095384 -0.187587 
0.371429 0.061719 -0.190336 
0.371429 0.030143 -0.190702 
0.371429 0.000000 -0.190714 
0.371429 -0.030143 -0.190702 
0.371429 -0.061719 -0.190336 
0.371429 -0.095384 -0.187587 
0.371429 -0.127938 -0.176476 
0.371429 -0.150466 -0.150851 
0.371429 -0.159982 -0.116619 
0.371429 -0.162688 -0.083279 
0.371429 -0.163256 -0.053430 
0.371429 -0.163329 -0.026254 
0.371429 -0.163332 -0.000385 
0.371429 -0.163329 0.025484 
0.371429 -0.163256 0.052660 
0.371429 -0.162688 0.082508 
0.371429 -0.159982 0.115849 
0.371429 -0.150466 0.150081 
0.371429 -0.127938 0.175706 
0.371429 -0.095384 0.186817 
0.371429 -0.061719 0.189565 
0.371429 -0.030143 0.189932 
0.400000 0.000000 0.191250 
0.400000 0.030290 0.191242 
0.400000 0.062044 0.190950 
0.400000 0.096054 0.188517 
0.400000 0.129179 0.177800 
0.400000 0.151811 0.151811 
0.400000 0.160859 0.116871 
0.400000 0.163237 0.083174 
0.400000 0.163695 0.053188 
0.400000 0.163748 0.025935 
0.400000 0.163750 0.000000 
0.400000 0.163748 -0.025935 
0.400000 0.163695 -0.053188 
0.400000 0.163237 -0.083174 
0.400000 0.160859 -0.116871 
0.400000 0.151811 -0.151811 
0.400000 0.129179 -0.177800 
0.400000 0.096054 -0.188517 
0.400000 0.062044 -0.190950 
0.400000 0.030290 -0.191242 
0.400000 0.000000 -0.191250 
0.400000 -0.030290 -0.191242 
0.400000 -0.062044 -0.190950 
0.400000 -0.096054 -0.188517 
0.400000 -0.129179 -0.177800 
0.400000 -0.151811 -0.151811 
0.400000 -0.160859 -0.116871 
0.400000 -0.163237 -0.083174 
0.400000 -0.163695 -0.053188 
0.400000 -0.163748 -0.025935 
0.400000 -0.163750 -0.000000 
0.400000 -0.163748 0.025935 
0.400000 -0.163695 0.053188 
0.400000 -0.163237 0.083174 
0.400000 -0.160859 0.116871 
0.400000 -0.151811 0.151811 
0.400000 -0.129179 0.177800 
0.400000 -0.096054 0.188517 
0.400000 -0.062044 0.190950 
0.400000 -0.030290 0.191242 
0.428571 0.000000 0.191250 
0.428571 0.030290 0.191242 
0.428571 0.062044 0.190950 
0.428571 0.096054 0.188517 
0.428571 0.129179 0.177800 
0.428571 0.151811 0.151811 
0.428571 0.160859 0.116871 
0.428571 0.163237 0.083174 
0.428571 0.163695 0.053188 
0.428571 0.163748 0.025935 
0.428571 0.163750 0.000000 
0.428571 0.163748 -0.025935 
0.428571 0.163695 -0.053188 
0.428571 0.163237 -0.083174 
0.428571 0.160859 -0.116871 
0.428571 0.151811 -0.151811 
0.428571 0.129179 -0.177800 
0.428571 0.096054 -0.188517 
0.428571 0.062044 -0.190950 
0.428571 0.030290 -0.191242 
0.428571 0.000000 -0.191250 
0.428571 -0.030290 -0.191242 
0.428571 -0.062044 -0.190950 
0.428571 -0.096054 -0.188517 
0.428571 -0.129179 -0.177800 
0.428571 -0.151811 -0.151811 
0.428571 -0.160859 -0.116871 
0.428571 -0.163237 -0.083174 
0.428571 -0.163695 -0.053188 
0.428571 -0.163748 -0.025935 
0.428571 -0.163750 -0.000000 
0.428571 -0.163748 0.025935 
0.428571 -0.163695 0.053188 
0.428571 -0.163237 0.083174 
0.428571 -0.160859 0.116871 
0.428571 -0.151811 0.151811 
0.428571 -0.129179 0.177800 
0.428571 -0.096054 0.188517 
0.428571 -0.062044 0.190950 
0.428571 -0.030290 0.191242 
0.457143 0.000000 0.191250 
0.457143 0.030290 0.191242 
0.457143 0.062044 0.190950 
0.457143 0.096054 0.188517 
0.457143 0.129179 0.177800 
0.457143 0.151811 0.151811 
0.457143 0.160859 0.116871 
0.457143 0.163237 0.083174 
0.457143 0.163695 0.053188 
0.457143 0.163748 0.025935 
0.457143 0.163750 0.000000 
0.457143 0.163748 -0.025935 
0.457143 0.163695 -0.053188 
0.457143 0.163237 -0.083174 
0.457143 0.160859 -0.116871 
0.457143 0.151811 -0.151811 
0.457143 0.129179 -0.177800 
0.457143 0.096054 -0.188517 
0.457143 0.062044 -0.190950 
0.457143 0.030290 -0.191242 
0.457143 0.000000 -0.191250 
0.457143 -0.030290 -0.191242 
0.457143 -0.062044 -0.190950 
0.457143 -0.096054 -0.188517 
0.457143 -0.129179 -0.177800 
0.457143 -0.151811 -0.151811 
0.457143 -0.160859 -0.116871 
0.457143 -0.163237 -0.083174 
0.457143 -0.163695 -0.053188 
0.457143 -0.163748 -0.025935 
0.457143 -0.163750 -0.000000 
0.457143 -0.163748 0.025935 
0.457143 -0.163695 0.053188 
0.457143 -0.163237 0.083174 
0.457143 -0.160859 0.116871 
0.457143 -0.151811 0.151811 
0.457143 -0.129179 0.177800 
0.457143 -0.096054 0.188517 
0.457143 -0.062044 0.190950 
0.457143 -0.030290 0.191242 
0.485714 0.000000 0.191250 
0.485714 0.030290 0.191242 
0.485714 0.062044 0.190950 
0.485714 0.096054 0.188517 
0.485714 0.129179 0.177800 
0.485714 0.151811 0.151811 
0.485714 0.160859 0.116871 
0.485714 0.163237 0.083174 
0.485714 0.163695 0.053188 
0.485714 0.163748 0.025935 
0.485714 0.163750 0.000000 
0.485714 0.163748 -0.025935 
0.485714 0.163695 -0.053188 
0.485714 0.163237 -0.083174 
0.485714 0.160859 -0.116871 
0.485714 0.151811 -0.151811 
0.485714 0.129179 -0.177800 
0.485714 0.096054 -0.188517 
0.485714 0.062044 -0.190950 
0.485714 0.030290 -0.191242 
0.485714 0.000000 -0.191250 
0.485714 -0.030290 -0.191242 
0.485714 -0.062044 -0.190950 
0.485714 -0.096054 -0.188517 
0.485714 -0.129179 -0.177800 
0.485714 -0.151811 -0.151811 
0.485714 -0.160859 -0.116871 
0.485714 -0.163237 -0.083174 
0.485714 -0.163695 -0.053188 
0.485714 -0.163748 -0.025935 
0.485714 -0.163750 -0.000000 
0.485714 -0.163748 0.025935 
0.485714 -0.163695 0.053188 
0.485714 -0.163237 0.083174 
0.485714 -0.160859 0.116871 
0.485714 -0.151811 0.151811 
0.485714 -0.129179 0.177800 
0.485714 -0.096054 0.188517 
0.485714 -0.062044 0.190950 
0.485714 -0.030290 0.191242 
0.514286 0.000000 0.191250 
0.514286 0.030290 0.191242 
0.514286 0.062044 0.190950 
0.514286 0.096054 0.188517 
0.514286 0.129179 0.177800 
0.514286 0.151811 0.151811 
0.514286 0.160859 0.116871 
0.514286 0.163237 0.083174 
0.514286 0.163695 0.053188 
0.514286 0.163748 0.025935 
0.514286 0.163750 0.000000 
0.514286 0.163748 -0.025935 
0.514286 0.163695 -0.053188 
0.514286 0.163237 -0.083174 
0.514286 0.160859 -0.116871 
0.514286 0.151811 -0.151811 
0.514286 0.129179 -0.177800 
0.514286 0.096054 -0.188517 
0.514286 0.062044 -0.190950 
0.514286 0.030290 -0.191242 
0.514286 0.000000 -0.191250 
0.514286 -0.030290 -0.191242 
0.514286 -0.062044 -0.190950 
0.514286 -0.096054 -0.188517 
0.514286 -0.129179 -0.177800 
0.514286 -0.151811 -0.151811 
0.514286 -0.160859 -0.116871 
0.514286 -0.163237 -0.083174 
0.514286 -0.163695 -0.053188 
0.514286 -0.163748 -0.025935 
0.514286 -0.163750 -0.000000 
0.514286 -0.163748 0.025935 
0.514286 -0.163695 0.053188 
0.514286 -0.163237 0.083174 
0.514286 -0.160859 0.116871 
0.514286 -0.151811 0.151811 
0.514286 -0.129179 0.177800 
0.514286 -0.096054 0.188517 
0.514286 -0.062044 0.190950 
0.514286 -0.030290 0.191242 
0.542857 0.000000 0.191250 
0.542857 0.030290 0.191242 
0.542857 0.062044 0.190950 
0.542857 0.096054 0.188517 
0.542857 0.129179 0.177800 
0.542857 0.151811 0.151811 
0.542857 0.160859 0.116871 
0.542857 0.163237 0.083174 
0.542857 0.163695 0.053188 
0.542857 0.163748 0.025935 
0.542857 0.163750 0.000000 
0.542857 0.163748 -0.025935 
0.542857 0.163695 -0.053188 
0.542857 0.163237 -0.083174 
0.542857 0.160859 -0.116871 
0.542857 0.151811 -0.151811 
0.542857 0.129179 -0.177800 
0.542857 0.096054 -0.188517 
0.542857 0.062044 -0.190950 
0.542857 0.030290 -0.191242 
0.542857 0.000000 -0.191250 
0.542857 -0.030290 -0.191242 
0.542857 -0.062044 -0.190950 
0.542857 -0.096054 -0.188517 
0.542857 -0.129179 -0.177800 
0.542857 -0.151811 -0.151811 
0.542857 -0.160859 -0.116871 
0.542857 -0.163237 -0.083174 
0.542857 -0.163695 -0.053188 
0.542857 -0.163748 -0.025935 
0.542857 -0.163750 -0.000000 
0.542857 -0.163748 0.025935 
0.542857 -0.163695 0.053188 
0.542857 -0.163237 0.083174 
0.542857 -0.160859 0.116871 
0.542857 -0.151811 0.151811 
0.542857 -0.129179 0.177800 
0.542857 -0.096054 0.188517 
0.542857 -0.062044 0.190950 
0.542857 -0.030290 0.191242 
0.571429 0.000000 0.191250 
0.571429 0.030290 0.191242 
0.571429 0.062044 0.190950 
0.571429 0.096054 0.188517 
0.571429 0.129179 0.177800 
0.571429 0.151811 0.151811 
0.571429 0.160859 0.116871 
0.571429 0.163237 0.083174 
0.571429 0.163695 0.053188 
0.571429 0.163748 0.025935 
0.571429 0.163750 0.000000 
0.571429 0.163748 -0.025935 
0.571429 0.163695 -0.053188 
0.571429 0.163237 -0.083174 
0.571429 0.160859 -0.116871 
0.571429 0.151811 -0.151811 
0.571429 0.129179 -0.177800 
0.571429 0.096054 -0.188517 
0.571429 0.062044 -0.190950 
0.571429 0.030290 -0.191242 
0.571429 0.000000 -0.191250 
0.571429 -0.030290 -0.191242 
0.571429 -0.062044 -0.190950 
0.571429 -0.096054 -0.188517 
0.571429 -0.129179 -0.177800 
0.571429 -0.151811 -0.151811 
0.571429 -0.160859 -0.116871 
0.571429 -0.163237 -0.083174 
0.571429 -0.163695 -0.053188 
0.571429 -0.163748 -0.025935 
0.571429 -0.163750 -0.000000 
0.571429 -0.163748 0.025935 
0.571429 -0.163695 0.053188 
0.571429 -0.163237 0.083174 
0.571429 -0.160859 0.116871 
0.571429 -0.151811 0.151811 
0.571429 -0.129179 0.177800 
0.571429 -0.096054 0.188517 
0.571429 -0.062044 0.190950 
0.571429 -0.030290 0.191242 
0.600000 0.000000 0.191250 
0.600000 0.030290 0.191242 
0.600000 0.062044 0.190950 
0.600000 0.096054 0.188517 
0.600000 0.129179 0.177800 
0.600000 0.151811 0.151811 
0.600000 0.160859 0.116871 
0.600000 0.163237 0.083174 
0.600000 0.163695 0.053188 
0.600000 0.163748 0.025935 
0.600000 0.163750 0.000000 
0.600000 0.163748 -0.025935 
0.600000 0.163695 -0.053188 
0.600000 0.163237 -0.083174 
0.600000 0.160859 -0.116871 
0.600000 0.151811 -0.151811 
0.600000 0.129179 -0.177800 
0.600000 0.096054 -0.188517 
0.600000 0.062044 -0.190950 
0.600000 0.030290 -0.191242 
0.600000 0.000000 -0.191250 
0.600000 -0.030290 -0.191242 
0.600000 -0.062044 -0.190950 
0.600000 -0.096054 -0.188517 
0.600000 -0.129179 -0.177800 
0.600000 -0.151811 -0.151811 
0.600000 -0.160859 -0.116871 
0.600000 -0.163237 -0.083174 
0.600000 -0.163695 -0.053188 
0.600000 -0.163748 -0.025935 
0.600000 -0.163750 -0.000000 
0.600000 -0.163748 0.025935 
0.600000 -0.163695 0.053188 
0.600000 -0.163237 0.083174 
0.600000 -0.160859 0.116871 
0.600000 -0.151811 0.151811 
0.600000 -0.129179 0.177800 
0.600000 -0.096054 0.188517 
0.600000 -0.062044 0.190950 
0.600000 -0.030290 0.191242 
0.628571 0.000000 0.191250 
0.628571 0.030290 0.191242 
0.628571 0.062044 0.190950 
0.628571 0.096054 0.188517 
0.628571 0.129179 0.177800 
0.628571 0.151811 0.151811 
0.628571 0.160859 0.116871 
0.628571 0.163237 0.083174 
0.628571 0.163695 0.053188 
0.628571 0.163748 0.025935 
0.628571 0.163750 0.000000 
0.628571 0.163748 -0.025935 
0.628571 0.163695 -0.053188 
0.628571 0.163237 -0.083174 
0.628571 0.160859 -0.116871 
0.628571 0.151811 -0.151811 
0.628571 0.129179 -0.177800 
0.628571 0.096054 -0.188517 
0.628571 0.062044 -0.190950 
0.628571 0.030290 -0.191242 
0.628571 0.000000 -0.191250 
0.628571 -0.030290 -0.191242 
0.628571 -0.062044 -0.190950 
0.628571 -0.096054 -0.188517 
0.628571 -0.129179 -0.177800 
0.628571 -0.151811 -0.151811 
0.628571 -0.160859 -0.116871 
0.628571 -0.163237 -0.083174 
0.628571 -0.163695 -0.053188 
0.628571 -0.163748 -0.025935 
0.628571 -0.163750 -0.000000 
0.628571 -0.163748 0.025935 
0.628571 -0.163695 0.053188 
0.628571 -0.163237 0.083174 
0.628571 -0.160859 0.116871 
0.628571 -0.151811 0.151811 
0.628571 -0.129179 0.177800 
0.628571 -0.096054 0.188517 
0.628571 -0.062044 0.190950 
0.628571 -0.030290 0.191242 
0.657143 0.000000 0.191250 
0.657143 0.030290 0.191242 
0.657143 0.062044 0.190950 
0.657143 0.096054 0.188517 
0.657143 0.129179 0.177800 
0.657143 0.151811 0.151811 
0.657143 0.160859 0.116871 
0.657143 0.163237 0.083174 
0.657143 0.163695 0.053188 
0.657143 0.163748 0.025935 
0.657143 0.163750 0.000000 
0.657143 0.163748 -0.025935 
0.657143 0.163695 -0.053188 
0.657143 0.163237 -0.083174 
0.657143 0.160859 -0.116871 
0.657143 0.151811 -0.151811 
0.657143 0.129179 -0.177800 
0.657143 0.096054 -0.188517 
0.657143 0.062044 -0.190950 
0.657143 0.030290 -0.191242 
0.657143 0.000000 -0.191250 
0.657143 -0.030290 -0.191242 
0.657143 -0.062044 -0.190950 
0.657143 -0.096054 -0.188517 
0.657143 -0.129179 -0.177800 
0.657143 -0.151811 -0.151811 
0.657143 -0.160859 -0.116871 
0.657143 -0.163237 -0.083174 
0.657143 -0.163695 -0.053188 
0.657143 -0.163748 -0.025935 
0.657143 -0.163750 -0.000000 
0.657143 -0.163748 0.025935 
0.657143 -0.163695 0.053188 
0.657143 -0.163237 0.083174 
0.657143 -0.160859 0.116871 
0.657143 -0.151811 0.151811 
0.657143 -0.129179 0.177800 
0.657143 -0.096054 0.188517 
0.657143 -0.062044 0.190950 
0.657143 -0.030290 0.191242 
0.685714 0.000000 0.191250 
0.685714 0.030290 0.191242 
0.685714 0.062044 0.190950 
0.685714 0.096054 0.188517 
0.685714 0.129179 0.177800 
0.685714 0.151811 0.151811 
0.685714 0.160859 0.116871 
0.685714 0.163237 0.083174 
0.685714 0.163695 0.053188 
0.685714 0.163748 0.025935 
0.685714 0.163750 0.000000 
0.685714 0.163748 -0.025935 
0.685714 0.163695 -0.053188 
0.685714 0.163237 -0.083174 
0.685714 0.160859 -0.116871 
0.685714 0.151811 -0.151811 
0.685714 0.129179 -0.177800 
0.685714 0.096054 -0.188517 
0.685714 0.062044 -0.190950 
0.685714 0.030290 -0.191242 
0.685714 0.000000 -0.191250 
0.685714 -0.030290 -0.191242 
0.685714 -0.062044 -0.190950 
0.685714 -0.096054 -0.188517 
0.685714 -0.129179 -0.177800 
0.685714 -0.151811 -0.151811 
0.685714 -0.160859 -0.116871 
0.685714 -0.163237 -0.083174 
0.685714 -0.163695 -0.053188 
0.685714 -0.163748 -0.025935 
0.685714 -0.163750 -0.000000 
0.685714 -0.163748 0.025935 
0.685714 -0.163695 0.053188 
0.685714 -0.163237 0.083174 
0.685714 -0.160859 0.116871 
0.685714 -0.151811 0.151811 
0.685714 -0.129179 0.177800 
0.685714 -0.096054 0.188517 
0.685714 -0.062044 0.190950 
0.685714 -0.030290 0.191242 
0.714286 0.000000 0.191250 
0.714286 0.030290 0.191242 
0.714286 0.062044 0.190950 
0.714286 0.096054 0.188517 
0.714286 0.129179 0.177800 
0.714286 0.151811 0.151811 
0.714286 0.160859 0.116871 
0.714286 0.163237 0.083174 
0.714286 0.163695 0.053188 
0.714286 0.163748 0.025935 
0.714286 0.163750 0.000000 
0.714286 0.163748 -0.025935 
0.714286 0.163695 -0.053188 
0.714286 0.163237 -0.083174 
0.714286 0.160859 -0.116871 
0.714286 0.151811 -0.151811 
0.714286 0.129179 -0.177800 
0.714286 0.096054 -0.188517 
0.714286 0.062044 -0.190950 
0.714286 0.030290 -0.191242 
0.714286 0.000000 -0.191250 
0.714286 -0.030290 -0.191242 
0.714286 -0.062044 -0.190950 
0.714286 -0.096054 -0.188517 
0.714286 -0.129179 -0.177800 
0.714286 -0.151811 -0.151811 
0.714286 -0.160859 -0.116871 
0.714286 -0.163237 -0.083174 
0.714286 -0.163695 -0.053188 
0.714286 -0.163748 -0.025935 
0.714286 -0.163750 -0.000000 
0.714286 -0.163748 0.025935 
0.714286 -0.163695 0.053188 
0.714286 -0.163237 0.083174 
0.714286 -0.160859 0.116871 
0.714286 -0.151811 0.151811 
0.714286 -0.129179 0.177800 
0.714286 -0.096054 0.188517 
0.714286 -0.062044 0.190950 
0.714286 -0.030290 0.191242 
0.742857 0.000000 0.191250 
0.742857 0.030290 0.191242 
0.742857 0.062044 0.190950 
0.742857 0.096054 0.188517 
0.742857 0.129179 0.177800 
0.742857 0.151811 0.151811 
0.742857 0.160859 0.116871 
0.742857 0.163237 0.083174 
0.742857 0.163695 0.053188 
0.742857 0.163748 0.025935 
0.742857 0.163750 0.000000 
0.742857 0.163748 -0.025935 
0.742857 0.163695 -0.053188 
0.742857 0.163237 -0.083174 
0.742857 0.160859 -0.116871 
0.742857 0.151811 -0.151811 
0.742857 0.129179 -0.177800 
0.742857 0.096054 -0.188517 
0.742857 0.062044 -0.190950 
0.742857 0.030290 -0.191242 
0.742857 0.000000 -0.191250 
0.742857 -0.030290 -0.191242 
0.742857 -0.062044 -0.190950 
0.742857 -0.096054 -0.188517 
0.742857 -0.129179 -0.177800 
0.742857 -0.151811 -0.151811 
0.742857 -0.160859 -0.116871 
0.742857 -0.163237 -0.083174 
0.742857 -0.163695 -0.053188 
0.742857 -0.163748 -0.025935 
0.742857 -0.163750 -0.000000 
0.742857 -0.163748 0.025935 
0.742857 -0.163695 0.053188 
0.742857 -0.163237 0.083174 
0.742857 -0.160859 0.116871 
0.742857 -0.151811 0.151811 
0.742857 -0.129179 0.177800 
0.742857 -0.096054 0.188517 
0.742857 -0.062044 0.190950 
0.742857 -0.030290 0.191242 
0.771429 0.000000 0.191250 
0.771429 0.030290 0.191242 
0.771429 0.062044 0.190950 
0.771429 0.096054 0.188517 
0.771429 0.129179 0.177800 
0.771429 0.151811 0.151811 
0.771429 0.160859 0.116871 
0.771429 0.163237 0.083174 
0.771429 0.163695 0.053188 
0.771429 0.163748 0.025935 
0.771429 0.163750 0.000000 
0.771429 0.163748 -0.025935 
0.771429 0.163695 -0.053188 
0.771429 0.163237 -0.083174 
0.771429 0.160859 -0.116871 
0.771429 0.151811 -0.151811 
0.771429 0.129179 -0.177800 
0.771429 0.096054 -0.188517 
0.771429 0.062044 -0.190950 
0.771429 0.030290 -0.191242 
0.771429 0.000000 -0.191250 
0.771429 -0.030290 -0.191242 
0.771429 -0.062044 -0.190950 
0.771429 -0.096054 -0.188517 
0.771429 -0.129179 -0.177800 
0.771429 -0.151811 -0.151811 
0.771429 -0.160859 -0.116871 
0.771429 -0.163237 -0.083174 
0.771429 -0.163695 -0.053188 
0.771429 -0.163748 -0.025935 
0.771429 -0.163750 -0.000000 
0.771429 -0.163748 0.025935 
0.771429 -0.163695 0.053188 
0.771429 -0.163237 0.083174 
0.771429 -0.160859 0.116871 
0.771429 -0.151811 0.151811 
0.771429 -0.129179 0.177800 
0.771429 -0.096054 0.188517 
0.771429 -0.062044 0.190950 
0.771429 -0.030290 0.191242 
0.800000 0.000000 0.191250 
0.800000 0.030290 0.191242 
0.800000 0.062044 0.190950 
0.800000 0.096054 0.188517 
0.800000 0.129179 0.177800 
0.800000 0.151811 0.151811 
0.800000 0.160859 0.116871 
0.800000 0.163237 0.083174 
0.800000 0.163695 0.053188 
0.800000 0.163748 0.025935 
0.800000 0.163750 0.000000 
0.800000 0.163748 -0.025935 
0.800000 0.163695 -0.053188 
0.800000 0.163237 -0.083174 
0.800000 0.160859 -0.116871 
0.800000 0.151811 -0.151811 
0.800000 0.129179 -0.177800 
0.800000 0.096054 -0.188517 
0.800000 0.062044 -0.190950 
0.800000 0.030290 -0.191242 
0.800000 0.000000 -0.191250 
0.800000 -0.030290 -0.191242 
0.800000 -0.062044 -0.190950 
0.800000 -0.096054 -0.188517 
0.800000 -0.129179 -0.177800 
0.800000 -0.151811 -0.151811 
0.800000 -0.160859 -0.116871 
0.800000 -0.163237 -0.083174 
0.800000 -0.163695 -0.053188 
0.800000 -0.163748 -0.025935 
0.800000 -0.163750 -0.000000 
0.800000 -0.163748 0.025935 
0.800000 -0.163695 0.053188 
0.800000 -0.163237 0.083174 
0.800000 -0.160859 0.116871 
0.800000 -0.151811 0.151811 
0.800000 -0.129179 0.177800 
0.800000 -0.096054 0.188517 
0.800000 -0.062044 0.190950 
0.800000 -0.030290 0.191242 
0.828571 0.000000 0.191250 
0.828571 0.030290 0.191242 
0.828571 0.062044 0.190950 
0.828571 0.096054 0.188517 
0.828571 0.129179 0.177800 
0.828571 0.151811 0.151811 
0.828571 0.160859 0.116871 
0.828571 0.163237 0.083174 
0.828571 0.163695 0.053188 
0.828571 0.163748 0.025935 
0.828571 0.163750 0.000000 
0.828571 0.163748 -0.025935 
0.828571 0.163695 -0.053188 
0.828571 0.163237 -0.083174 
0.828571 0.160859 -0.116871 
0.828571 0.151811 -0.151811 
0.828571 0.129179 -0.177800 
0.828571 0.096054 -0.188517 
0.828571 0.062044 -0.190950 
0.828571 0.030290 -0.191242 
0.828571 0.000000 -0.191250 
0.828571 -0.030290 -0.191242 
0.828571 -0.062044 -0.190950 
0.828571 -0.096054 -0.188517 
0.828571 -0.129179 -0.177800 
0.828571 -0.151811 -0.151811 
0.828571 -0.160859 -0.116871 
0.828571 -0.163237 -0.083174 
0.828571 -0.163695 -0.053188 
0.828571 -0.163748 -0.025935 
0.828571 -0.163750 -0.000000 
0.828571 -0.163748 0.025935 
0.828571 -0.163695 0.053188 
0.828571 -0.163237 0.083174 
0.828571 -0.160859 0.116871 
0.828571 -0.151811 0.151811 
0.828571 -0.129179 0.177800 
0.828571 -0.096054 0.188517 
0.828571 -0.062044 0.190950 
0.828571 -0.030290 0.191242 
0.857143 0.000000 0.191250 
0.857143 0.030290 0.191242 
0.857143 0.062044 0.190950 
0.857143 0.096054 0.188517 
0.857143 0.129179 0.177800 
0.857143 0.151811 0.151811 
0.857143 0.160859 0.116871 
0.857143 0.163237 0.083174 
0.857143 0.163695 0.053188 
0.857143 0.163748 0.025935 
0.857143 0.163750 0.000000 
0.857143 0.163748 -0.025935 
0.857143 0.163695 -0.053188 
0.857143 0.163237 -0.083174 
0.857143 0.160859 -0.116871 
0.857143 0.151811 -0.151811 
0.857143 0.129179 -0.177800 
0.857143 0.096054 -0.188517 
0.857143 0.062044 -0.190950 
0.857143 0.030290 -0.191242 
0.857143 0.000000 -0.191250 
0.857143 -0.030290 -0.191242 
0.857143 -0.062044 -0.190950 
0.857143 -0.096054 -0.188517 
0.857143 -0.129179 -0.177800 
0.857143 -0.151811 -0.151811 
0.857143 -0.160859 -0.116871 
0.857143 -0.163237 -0.083174 
0.857143 -0.163695 -0.053188 
0.857143 -0.163748 -0.025935 
0.857143 -0.163750 -0.000000 
0.857143 -0.163748 0.025935 
0.857143 -0.163695 0.053188 
0.857143 -0.163237 0.083174 
0.857143 -0.160859 0.116871 
0.857143 -0.151811 0.151811 
0.857143 -0.129179 0.177800 
0.857143 -0.096054 0.188517 
0.857143 -0.062044 0.190950 
0.857143 -0.030290 0.191242 
0.885714 0.000000 0.191250 
0.885714 0.030290 0.191242 
0.885714 0.062044 0.190950 
0.885714 0.096054 0.188517 
0.885714 0.129179 0.177800 
0.885714 0.151811 0.151811 
0.885714 0.160859 0.116871 
0.885714 0.163237 0.083174 
0.885714 0.163695 0.053188 
0.885714 0.163748 0.025935 
0.885714 0.163750 0.000000 
0.885714 0.163748 -0.025935 
0.885714 0.163695 -0.053188 
0.885714 0.163237 -0.083174 
0.885714 0.160859 -0.116871 
0.885714 0.151811 -0.151811 
0.885714 0.129179 -0.177800 
0.885714 0.096054 -0.188517 
0.885714 0.062044 -0.190950 
0.885714 0.030290 -0.191242 
0.885714 0.000000 -0.191250 
0.885714 -0.030290 -0.191242 
0.885714 -0.062044 -0.190950 
0.885714 -0.096054 -0.188517 
0.885714 -0.129179 -0.177800 
0.885714 -0.151811 -0.151811 
0.885714 -0.160859 -0.116871 
0.885714 -0.163237 -0.083174 
0.885714 -0.163695 -0.053188 
0.885714 -0.163748 -0.025935 
0.885714 -0.163750 -0.000000 
0.885714 -0.163748 0.025935 
0.885714 -0.163695 0.053188 
0.885714 -0.163237 0.083174 
0.885714 -0.160859 0.116871 
0.885714 -0.151811 0.151811 
0.885714 -0.129179 0.177800 
0.885714 -0.096054 0.188517 
0.885714 -0.062044 0.190950 
0.885714 -0.030290 0.191242 
0.914286 0.000000 0.191250 
0.914286 0.030290 0.191242 
0.914286 0.062044 0.190950 
0.914286 0.096054 0.188517 
0.914286 0.129179 0.177800 
0.914286 0.151811 0.151811 
0.914286 0.160859 0.116871 
0.914286 0.163237 0.083174 
0.914286 0.163695 0.053188 
0.914286 0.163748 0.025935 
0.914286 0.163750 0.000000 
0.914286 0.163748 -0.025935 
0.914286 0.163695 -0.053188 
0.914286 0.163237 -0.083174 
0.914286 0.160859 -0.116871 
0.914286 0.151811 -0.151811 
0.914286 0.129179 -0.177800 
0.914286 0.096054 -0.188517 
0.914286 0.062044 -0.190950 
0.914286 0.030290 -0.191242 
0.914286 0.000000 -0.191250 
0.914286 -0.030290 -0.191242 
0.914286 -0.062044 -0.190950 
0.914286 -0.096054 -0.188517 
0.914286 -0.129179 -0.177800 
0.914286 -0.151811 -0.151811 
0.914286 -0.160859 -0.116871 
0.914286 -0.163237 -0.083174 
0.914286 -0.163695 -0.053188 
0.914286 -0.163748 -0.025935 
0.914286 -0.163750 -0.000000 
0.914286 -0.163748 0.025935 
0.914286 -0.163695 0.053188 
0.914286 -0.163237 0.083174 
0.914286 -0.160859 0.116871 
0.914286 -0.151811 0.151811 
0.914286 -0.129179 0.177800 
0.914286 -0.096054 0.188517 
0.914286 -0.062044 0.190950 
0.914286 -0.030290 0.191242 
0.942857 0.000000 0.191250 
0.942857 0.030290 0.191242 
0.942857 0.062044 0.190950 
0.942857 0.096054 0.188517 
0.942857 0.129179 0.177800 
0.942857 0.151811 0.151811 
0.942857 0.160859 0.116871 
0.942857 0.163237 0.083174 
0.942857 0.163695 0.053188 
0.942857 0.163748 0.025935 
0.942857 0.163750 0.000000 
0.942857 0.163748 -0.025935 
0.942857 0.163695 -0.053188 
0.942857 0.163237 -0.083174 
0.942857 0.160859 -0.116871 
0.942857 0.151811 -0.151811 
0.942857 0.129179 -0.177800 
0.942857 0.096054 -0.188517 
0.942857 0.062044 -0.190950 
0.942857 0.030290 -0.191242 
0.942857 0.000000 -0.191250 
0.942857 -0.030290 -0.191242 
0.942857 -0.062044 -0.190950 
0.942857 -0.096054 -0.188517 
0.942857 -0.129179 -0.177800 
0.942857 -0.151811 -0.151811 
0.942857 -0.160859 -0.116871 
0.942857 -0.163237 -0.083174 
0.942857 -0.163695 -0.053188 
0.942857 -0.163748 -0.025935 
0.942857 -0.163750 -0.000000 
0.942857 -0.163748 0.025935 
0.942857 -0.163695 0.053188 
0.942857 -0.163237 0.083174 
0.942857 -0.160859 0.116871 
0.942857 -0.151811 0.151811 
0.942857 -0.129179 0.177800 
0.942857 -0.096054 0.188517 
0.942857 -0.062044 0.190950 
0.942857 -0.030290 0.191242 
0.971429 0.000000 0.191250 
0.971429 0.030288 0.191239 
0.971429 0.062023 0.190897 
0.971429 0.095905 0.188236 
0.971429 0.128713 0.177169 
0.971429 0.151256 0.151267 
0.971429 0.160574 0.116675 
0.971429 0.163150 0.083140 
0.971429 0.163674 0.053192 
0.971429 0.163739 0.025945 
0.971429 0.163741 0.000011 
0.971429 0.163739 -0.025922 
0.971429 0.163674 -0.053170 
0.971429 0.163150 -0.083118 
0.971429 0.160574 -0.116653 
0.971429 0.151256 -0.151245 
0.971429 0.128713 -0.177146 
0.971429 0.095905 -0.188213 
0.971429 0.062023 -0.190875 
0.971429 0.030288 -0.191217 
0.971429 0.000000 -0.191227 
0.971429 -0.030288 -0.191217 
0.971429 -0.062023 -0.190875 
0.971429 -0.095905 -0.188213 
0.971429 -0.128713 -0.177146 
0.971429 -0.151256 -0.151245 
0.971429 -0.160574 -0.116653 
0.971429 -0.163150 -0.083118 
0.971429 -0.163674 -0.053170 
0.971429 -0.163739 -0.025922 
0.971429 -0.163741 0.000011 
0.971429 -0.163739 0.025945 
0.971429 -0.163674 0.053192 
0.971429 -0.163150 0.083140 
0.971429 -0.160574 0.116675 
0.971429 -0.151256 0.151267 
0.971429 -0.128713 0.177169 
0.971429 -0.095905 0.188236 
0.971429 -0.062023 0.190897 
0.971429 -0.030288 0.191239 
1.000000 0.000000 0.191250 
1.000000 0.030211 0.191230 
1.000000 0.061814 0.190728 
1.000000 0.095259 0.187442 
1.000000 0.127182 0.175535 
1.000000 0.149455 0.149940 
1.000000 0.159432 0.116319 
1.000000 0.162543 0.083304 
1.000000 0.163269 0.053534 
1.000000 0.163376 0.026361 
1.000000 0.163380 0.000485 
1.000000 0.163376 -0.025392 
1.000000 0.163269 -0.052565 
1.000000 0.162543 -0.082335 
1.000000 0.159432 -0.115349 
1.000000 0.149455 -0.148970 
1.000000 0.127182 -0.174566 
1.000000 0.095259 -0.186472 
1.000000 0.061814 -0.189758 
1.000000 0.030211 -0.190261 
1.000000 0.000000 -0.190281 
1.000000 -0.030211 -0.190261 
1.000000 -0.061814 -0.189758 
1.000000 -0.095259 -0.186472 
1.000000 -0.127182 -0.174566 
1.000000 -0.149455 -0.148970 
1.000000 -0.159432 -0.115349 
1.000000 -0.162543 -0.082335 
1.000000 -0.163269 -0.052565 
1.000000 -0.163376 -0.025392 
1.000000 -0.163380 0.000485 
1.000000 -0.163376 0.026361 
1.000000 -0.163269 0.053534 
1.000000 -0.162543 0.083304 
1.000000 -0.159432 0.116319 
1.000000 -0.149455 0.149940 
1.000000 -0.127182 0.175535 
1.000000 -0.095259 0.187442 
1.000000 -0.061814 0.190728 
1.000000 -0.030211 0.191230 
1.028571 0.000000 0.191251 
1.028571 0.029901 0.191214 
1.028571 0.061109 0.190500 
1.028571 0.093811 0.186539 
1.028571 0.124610 0.173936 
1.028571 0.146470 0.148895 
1.028571 0.157041 0.116522 
1.028571 0.160738 0.084325 
1.028571 0.161722 0.054971 
1.028571 0.161891 0.028066 
1.028571 0.161900 0.002425 
1.028571 0.161891 -0.023216 
1.028571 0.161722 -0.050122 
1.028571 0.160738 -0.079475 
1.028571 0.157041 -0.111673 
1.028571 0.146470 -0.144046 
1.028571 0.124610 -0.169087 
1.028571 0.093811 -0.181689 
1.028571 0.061109 -0.185650 
1.028571 0.029901 -0.186365 
1.028571 0.000000 -0.186402 
1.028571 -0.029901 -0.186365 
1.028571 -0.061109 -0.185650 
1.028571 -0.093811 -0.181689 
1.028571 -0.124610 -0.169087 
1.028571 -0.146470 -0.144046 
1.028571 -0.157041 -0.111673 
1.028571 -0.160738 -0.079475 
1.028571 -0.161722 -0.050122 
1.028571 -0.161891 -0.023216 
1.028571 -0.161900 0.002425 
1.028571 -0.161891 0.028066 
1.028571 -0.161722 0.054971 
1.028571 -0.160738 0.084325 
1.028571 -0.157041 0.116522 
1.028571 -0.146470 0.148895 
1.028571 -0.124610 0.173936 
1.028571 -0.093811 0.186539 
1.028571 -0.061109 0.190500 
1.028571 -0.029901 0.191214 
1.057143 0.000000 0.191253 
1.057143 0.029207 0.191189 
1.057143 0.059599 0.190211 
1.057143 0.091103 0.185585 
1.057143 0.120433 0.172546 
1.057143 0.141653 0.148437 
1.057143 0.152693 0.117723 
1.057143 0.156997 0.086779 
1.057143 0.158295 0.058218 
1.057143 0.158556 0.031898 
1.057143 0.158572 0.006785 
1.057143 0.158556 -0.018328 
1.057143 0.158295 -0.044648 
1.057143 0.156997 -0.073209 
1.057143 0.152693 -0.104153 
1.057143 0.141653 -0.134868 
1.057143 0.120433 -0.158976 
1.057143 0.091103 -0.172015 
1.057143 0.059599 -0.176642 
1.057143 0.029207 -0.177619 
1.057143 0.000000 -0.177683 
1.057143 -0.029207 -0.177619 
1.057143 -0.059599 -0.176642 
1.057143 -0.091103 -0.172015 
1.057143 -0.120433 -0.158976 
1.057143 -0.141653 -0.134868 
1.057143 -0.152693 -0.104153 
1.057143 -0.156997 -0.073209 
1.057143 -0.158295 -0.044648 
1.057143 -0.158556 -0.018328 
1.057143 -0.158572 0.006785 
1.057143 -0.158556 0.031898 
1.057143 -0.158295 0.058218 
1.057143 -0.156997 0.086779 
1.057143 -0.152693 0.117723 
1.057143 -0.141653 0.148437 
1.057143 -0.120433 0.172546 
1.057143 -0.091103 0.185585 
1.057143 -0.059599 0.190211 
1.057143 -0.029207 0.191189 
1.085714 0.000000 0.191256 
1.085714 0.028012 0.191152 
1.085714 0.057051 0.189875 
1.085714 0.086813 0.184671 
1.085714 0.114265 0.171563 
1.085714 0.134554 0.148845 
1.085714 0.145874 0.120275 
1.085714 0.150765 0.091110 
1.085714 0.152427 0.063818 
1.085714 0.152813 0.038494 
1.085714 0.152844 0.014291 
1.085714 0.152813 -0.009912 
1.085714 0.152427 -0.035236 
1.085714 0.150765 -0.062528 
1.085714 0.145874 -0.091693 
1.085714 0.134554 -0.120263 
1.085714 0.114265 -0.142981 
1.085714 0.086813 -0.156089 
1.085714 0.057051 -0.161293 
1.085714 0.028012 -0.162571 
1.085714 0.000000 -0.162674 
1.085714 -0.028012 -0.162571 
1.085714 -0.057051 -0.161293 
1.085714 -0.086813 -0.156089 
1.085714 -0.114265 -0.142981 
1.085714 -0.134554 -0.120263 
1.085714 -0.145874 -0.091693 
1.085714 -0.150765 -0.062528 
1.085714 -0.152427 -0.035236 
1.085714 -0.152813 -0.009912 
1.085714 -0.152844 0.014291 
1.085714 -0.152813 0.038494 
1.085714 -0.152427 0.063818 
1.085714 -0.150765 0.091110 
1.085714 -0.145874 0.120275 
1.085714 -0.134554 0.148845 
1.085714 -0.114265 0.171563 
1.085714 -0.086813 0.184671 
1.085714 -0.057051 0.189875 
1.085714 -0.028012 0.191152 
1.114286 0.000000 0.191261 
1.114286 0.026267 0.191103 
1.114286 0.053372 0.189518 
1.114286 0.080839 0.183912 
1.114286 0.106009 0.171166 
1.114286 0.125052 0.150308 
1.114286 0.136408 0.124363 
1.114286 0.141815 0.097515 
1.114286 0.143873 0.072004 
1.114286 0.144422 0.048131 
1.114286 0.144476 0.025257 
1.114286 0.144422 0.002383 
1.114286 0.143873 -0.021490 
1.114286 0.141815 -0.047001 
1.114286 0.136408 -0.073849 
1.114286 0.125052 -0.099795 
1.114286 0.106009 -0.120652 
1.114286 0.080839 -0.133398 
1.114286 0.053372 -0.139004 
1.114286 0.026267 -0.140589 
1.114286 0.000000 -0.140747 
1.114286 -0.026267 -0.140589 
1.114286 -0.053372 -0.139004 
1.114286 -0.080839 -0.133398 
1.114286 -0.106009 -0.120652 
1.114286 -0.125052 -0.099795 
1.114286 -0.136408 -0.073849 
1.114286 -0.141815 -0.047001 
1.114286 -0.143873 -0.021490 
1.114286 -0.144422 0.002383 
1.114286 -0.144476 0.025257 
1.114286 -0.144422 0.048131 
1.114286 -0.143873 0.072004 
1.114286 -0.141815 0.097515 
1.114286 -0.136408 0.124363 
1.114286 -0.125052 0.150308 
1.114286 -0.106009 0.171166 
1.114286 -0.080839 0.183912 
1.114286 -0.053372 0.189518 
1.114286 -0.026267 0.191103 
1.142857 0.000000 0.191267 
1.142857 0.024016 0.191041 
1.142857 0.048665 0.189183 
1.142857 0.073377 0.183419 
1.142857 0.095946 0.171467 
1.142857 0.113453 0.152863 
1.142857 0.124577 0.129920 
1.142857 0.130378 0.105840 
1.142857 0.132838 0.082571 
1.142857 0.133587 0.060567 
1.142857 0.133676 0.039409 
1.142857 0.133587 0.018251 
1.142857 0.132838 -0.003752 
1.142857 0.130378 -0.027022 
1.142857 0.124577 -0.051101 
1.142857 0.113453 -0.074044 
1.142857 0.095946 -0.092648 
1.142857 0.073377 -0.104601 
1.142857 0.048665 -0.110365 
1.142857 0.024016 -0.112223 
1.142857 0.000000 -0.112448 
1.142857 -0.024016 -0.112223 
1.142857 -0.048665 -0.110365 
1.142857 -0.073377 -0.104601 
1.142857 -0.095946 -0.092648 
1.142857 -0.113453 -0.074044 
1.142857 -0.124577 -0.051101 
1.142857 -0.130378 -0.027022 
1.142857 -0.132838 -0.003752 
1.142857 -0.133587 0.018251 
1.142857 -0.133676 0.039409 
1.142857 -0.133587 0.060567 
1.142857 -0.132838 0.082571 
1.142857 -0.130378 0.105840 
1.142857 -0.124577 0.129920 
1.142857 -0.113453 0.152863 
1.142857 -0.095946 0.171467 
1.142857 -0.073377 0.183419 
1.142857 -0.048665 0.189183 
1.142857 -0.024016 0.191041 
1.171429 0.000000 0.191274 
1.171429 0.021411 0.190974 
1.171429 0.043256 0.188918 
1.171429 0.064950 0.183260 
1.171429 0.084758 0.172449 
1.171429 0.100535 0.156324 
1.171429 0.111178 0.136565 
1.171429 0.117223 0.115517 
1.171429 0.120058 0.094799 
1.171429 0.121036 0.074960 
1.171429 0.121176 0.055789 
1.171429 0.121036 0.036619 
1.171429 0.120058 0.016780 
1.171429 0.117223 -0.003939 
1.171429 0.111178 -0.024986 
1.171429 0.100535 -0.044746 
1.171429 0.084758 -0.060870 
1.171429 0.064950 -0.071682 
1.171429 0.043256 -0.077339 
1.171429 0.021411 -0.079396 
1.171429 0.000000 -0.079695 
1.171429 -0.021411 -0.079396 
1.171429 -0.043256 -0.077339 
1.171429 -0.064950 -0.071682 
1.171429 -0.084758 -0.060870 
1.171429 -0.100535 -0.044746 
1.171429 -0.111178 -0.024986 
1.171429 -0.117223 -0.003939 
1.171429 -0.120058 0.016780 
1.171429 -0.121036 0.036619 
1.171429 -0.121176 0.055789 
1.171429 -0.121036 0.074960 
1.171429 -0.120058 0.094799 
1.171429 -0.117223 0.115517 
1.171429 -0.111178 0.136565 
1.171429 -0.100535 0.156324 
1.171429 -0.084758 0.172449 
1.171429 -0.064950 0.183260 
1.171429 -0.043256 0.188918 
1.171429 -0.021411 0.190974 
1.200000 0.000000 0.191281 
1.200000 0.018704 0.190909 
1.200000 0.037669 0.188748 
1.200000 0.056354 0.183416 
1.200000 0.073462 0.173926 
1.200000 0.087459 0.160274 
1.200000 0.097446 0.143613 
1.200000 0.103583 0.125593 
1.200000 0.106749 0.107500 
1.200000 0.107976 0.089917 
1.200000 0.108184 0.072815 
1.200000 0.107976 0.055713 
1.200000 0.106749 0.038130 
1.200000 0.103583 0.020037 
1.200000 0.097446 0.002016 
1.200000 0.087459 -0.014644 
1.200000 0.073462 -0.028296 
1.200000 0.056354 -0.037786 
1.200000 0.037669 -0.043118 
1.200000 0.018704 -0.045279 
1.200000 0.000000 -0.045651 
1.200000 -0.018704 -0.045279 
1.200000 -0.037669 -0.043118 
1.200000 -0.056354 -0.037786 
1.200000 -0.073462 -0.028296 
1.200000 -0.087459 -0.014644 
1.200000 -0.097446 0.002016 
1.200000 -0.103583 0.020037 
1.200000 -0.106749 0.038130 
1.200000 -0.107976 0.055713 
1.200000 -0.108184 0.072815 
1.200000 -0.107976 0.089917 
1.200000 -0.106749 0.107500 
1.200000 -0.103583 0.125593 
1.200000 -0.097446 0.143613 
1.200000 -0.087459 0.160274 
1.200000 -0.073462 0.173926 
1.200000 -0.056354 0.183416 
1.200000 -0.037669 0.188748 
1.200000 -0.018704 0.190909 
1.228571 0.000000 0.191288 
1.228571 0.016200 0.190848 
1.228571 0.032524 0.188662 
1.228571 0.048507 0.183763 
1.228571 0.063208 0.175562 
1.228571 0.075554 0.164117 
1.228571 0.084822 0.150190 
1.228571 0.090941 0.134900 
1.228571 0.094386 0.119231 
1.228571 0.095871 0.103748 
1.228571 0.096166 0.088563 
1.228571 0.095871 0.073379 
1.228571 0.094386 0.057896 
1.228571 0.090941 0.042226 
1.228571 0.084822 0.026937 
1.228571 0.075554 0.013009 
1.228571 0.063208 0.001564 
1.228571 0.048507 -0.006636 
1.228571 0.032524 -0.011536 
1.228571 0.016200 -0.013722 
1.228571 0.000000 -0.014162 
1.228571 -0.016200 -0.013722 
1.228571 -0.032524 -0.011536 
1.228571 -0.048507 -0.006636 
1.228571 -0.063208 0.001564 
1.228571 -0.075554 0.013009 
1.228571 -0.084822 0.026937 
1.228571 -0.090941 0.042226 
1.228571 -0.094386 0.057896 
1.228571 -0.095871 0.073379 
1.228571 -0.096166 0.088563 
1.228571 -0.095871 0.103748 
1.228571 -0.094386 0.119231 
1.228571 -0.090941 0.134900 
1.228571 -0.084822 0.150190 
1.228571 -0.075554 0.164117 
1.228571 -0.063208 0.175562 
1.228571 -0.048507 0.183763 
1.228571 -0.032524 0.188662 
1.228571 -0.016200 0.190848 
1.257143 0.000000 0.191294 
1.257143 0.014180 0.190789 
1.257143 0.028380 0.188603 
1.257143 0.042210 0.184099 
1.257143 0.054994 0.176950 
1.257143 0.065977 0.167235 
1.257143 0.074591 0.155451 
1.257143 0.080645 0.142348 
1.257143 0.084328 0.128658 
1.257143 0.086078 0.114891 
1.257143 0.086479 0.101258 
1.257143 0.086078 0.087624 
1.257143 0.084328 0.073858 
1.257143 0.080645 0.060167 
1.257143 0.074591 0.047064 
1.257143 0.065977 0.035281 
1.257143 0.054994 0.025565 
1.257143 0.042210 0.018417 
1.257143 0.028380 0.013913 
1.257143 0.014180 0.011727 
1.257143 0.000000 0.011222 
1.257143 -0.014180 0.011727 
1.257143 -0.028380 0.013913 
1.257143 -0.042210 0.018417 
1.257143 -0.054994 0.025565 
1.257143 -0.065977 0.035281 
1.257143 -0.074591 0.047064 
1.257143 -0.080645 0.060167 
1.257143 -0.084328 0.073858 
1.257143 -0.086078 0.087624 
1.257143 -0.086479 0.101258 
1.257143 -0.086078 0.114891 
1.257143 -0.084328 0.128658 
1.257143 -0.080645 0.142348 
1.257143 -0.074591 0.155451 
1.257143 -0.065977 0.167235 
1.257143 -0.054994 0.176950 
1.257143 -0.042210 0.184099 
1.257143 -0.028380 0.188603 
1.257143 -0.014180 0.190789 
1.285714 0.000000 0.191297 
1.285714 0.012810 0.190718 
1.285714 0.025556 0.188491 
1.285714 0.037902 0.184227 
1.285714 0.049352 0.177766 
1.285714 0.059360 0.169200 
1.285714 0.067484 0.158869 
1.285714 0.073489 0.147284 
1.285714 0.077391 0.134985 
1.285714 0.079407 0.122417 
1.285714 0.079930 0.109840 
1.285714 0.079407 0.097263 
1.285714 0.077391 0.084694 
1.285714 0.073489 0.072395 
1.285714 0.067484 0.060810 
1.285714 0.059360 0.050479 
1.285714 0.049352 0.041913 
1.285714 0.037902 0.035452 
1.285714 0.025556 0.031188 
1.285714 0.012810 0.028962 
1.285714 0.000000 0.028382 
1.285714 -0.012810 0.028962 
1.285714 -0.025556 0.031188 
1.285714 -0.037902 0.035452 
1.285714 -0.049352 0.041913 
1.285714 -0.059360 0.050479 
1.285714 -0.067484 0.060810 
1.285714 -0.073489 0.072395 
1.285714 -0.077391 0.084694 
1.285714 -0.079407 0.097263 
1.285714 -0.079930 0.109840 
1.285714 -0.079407 0.122417 
1.285714 -0.077391 0.134985 
1.285714 -0.073489 0.147284 
1.285714 -0.067484 0.158869 
1.285714 -0.059360 0.169200 
1.285714 -0.049352 0.177766 
1.285714 -0.037902 0.184227 
1.285714 -0.025556 0.188491 
1.285714 -0.012810 0.190718 
1.314286 0.000000 0.191299 
1.314286 0.012077 0.190624 
1.314286 0.024014 0.188281 
1.314286 0.035507 0.184061 
1.314286 0.046166 0.177918 
1.314286 0.055586 0.169962 
1.314286 0.063418 0.160451 
1.314286 0.069429 0.149751 
1.314286 0.073540 0.138270 
1.314286 0.075815 0.126383 
1.314286 0.076469 0.114375 
1.314286 0.075815 0.102367 
1.314286 0.073540 0.090480 
1.314286 0.069429 0.078999 
1.314286 0.063418 0.068299 
1.314286 0.055586 0.058789 
1.314286 0.046166 0.050833 
1.314286 0.035507 0.044689 
1.314286 0.024014 0.040469 
1.314286 0.012077 0.038126 
1.314286 0.000000 0.037451 
1.314286 -0.012077 0.038126 
1.314286 -0.024014 0.040469 
1.314286 -0.035507 0.044689 
1.314286 -0.046166 0.050833 
1.314286 -0.055586 0.058789 
1.314286 -0.063418 0.068299 
1.314286 -0.069429 0.078999 
1.314286 -0.073540 0.090480 
1.314286 -0.075815 0.102367 
1.314286 -0.076469 0.114375 
1.314286 -0.075815 0.126383 
1.314286 -0.073540 0.138270 
1.314286 -0.069429 0.149751 
1.314286 -0.063418 0.160451 
1.314286 -0.055586 0.169962 
1.314286 -0.046166 0.177918 
1.314286 -0.035507 0.184061 
1.314286 -0.024014 0.188281 
1.314286 -0.012077 0.190624 
1.342857 0.000000 0.191300 
1.342857 0.011801 0.190515 
1.342857 0.023393 0.187999 
1.342857 0.034483 0.183681 
1.342857 0.044750 0.177597 
1.342857 0.053874 0.169878 
1.342857 0.061574 0.160740 
1.342857 0.067638 0.150468 
1.342857 0.071940 0.139379 
1.342857 0.074445 0.127795 
1.342857 0.075226 0.116004 
1.342857 0.074445 0.104213 
1.342857 0.071940 0.092629 
1.342857 0.067638 0.081541 
1.342857 0.061574 0.071268 
1.342857 0.053874 0.062130 
1.342857 0.044750 0.054411 
1.342857 0.034483 0.048328 
1.342857 0.023393 0.044009 
1.342857 0.011801 0.041493 
1.342857 0.000000 0.040708 
1.342857 -0.011801 0.041493 
1.342857 -0.023393 0.044009 
1.342857 -0.034483 0.048328 
1.342857 -0.044750 0.054411 
1.342857 -0.053874 0.062130 
1.342857 -0.061574 0.071268 
1.342857 -0.067638 0.081541 
1.342857 -0.071940 0.092629 
1.342857 -0.074445 0.104213 
1.342857 -0.075226 0.116004 
1.342857 -0.074445 0.127795 
1.342857 -0.071940 0.139379 
1.342857 -0.067638 0.150468 
1.342857 -0.061574 0.160740 
1.342857 -0.053874 0.169878 
1.342857 -0.044750 0.177597 
1.342857 -0.034483 0.183681 
1.342857 -0.023393 0.187999 
1.342857 -0.011801 0.190515 
1.371429 0.000000 0.191300 
1.371429 0.011741 0.190420 
1.371429 0.023216 0.187744 
1.371429 0.034142 0.183299 
1.371429 0.044235 0.177175 
1.371429 0.053228 0.169519 
1.371429 0.060884 0.160526 
1.371429 0.067007 0.150433 
1.371429 0.071451 0.139507 
1.371429 0.074127 0.128031 
1.371429 0.075007 0.116291 
1.371429 0.074127 0.104550 
1.371429 0.071451 0.093075 
1.371429 0.067007 0.082149 
1.371429 0.060884 0.072056 
1.371429 0.053228 0.063063 
1.371429 0.044235 0.055406 
1.371429 0.034142 0.049283 
1.371429 0.023216 0.044838 
1.371429 0.011741 0.042162 
1.371429 0.000000 0.041282 
1.371429 -0.011741 0.042162 
1.371429 -0.023216 0.044838 
1.371429 -0.034142 0.049283 
1.371429 -0.044235 0.055406 
1.371429 -0.053228 0.063063 
1.371429 -0.060884 0.072056 
1.371429 -0.067007 0.082149 
1.371429 -0.071451 0.093075 
1.371429 -0.074127 0.104550 
1.371429 -0.075007 0.116291 
1.371429 -0.074127 0.128031 
1.371429 -0.071451 0.139507 
1.371429 -0.067007 0.150433 
1.371429 -0.060884 0.160526 
1.371429 -0.053228 0.169519 
1.371429 -0.044235 0.177175 
1.371429 -0.034142 0.183299 
1.371429 -0.023216 0.187744 
1.371429 -0.011741 0.190420 
1.400000 0.000000 0.191300 
1.400000 0.011733 0.190377 
1.400000 0.023176 0.187629 
1.400000 0.034049 0.183125 
1.400000 0.044084 0.176976 
1.400000 0.053033 0.169333 
1.400000 0.060676 0.160384 
1.400000 0.066825 0.150349 
1.400000 0.071329 0.139476 
1.400000 0.074077 0.128033 
1.400000 0.075000 0.116300 
1.400000 0.074077 0.104567 
1.400000 0.071329 0.093124 
1.400000 0.066825 0.082251 
1.400000 0.060676 0.072216 
1.400000 0.053033 0.063267 
1.400000 0.044084 0.055624 
1.400000 0.034049 0.049475 
1.400000 0.023176 0.044971 
1.400000 0.011733 0.042223 
1.400000 0.000000 0.041300 
1.400000 -0.011733 0.042223 
1.400000 -0.023176 0.044971 
1.400000 -0.034049 0.049475 
1.400000 -0.044084 0.055624 
1.400000 -0.053033 0.063267 
1.400000 -0.060676 0.072216 
1.400000 -0.066825 0.082251 
1.400000 -0.071329 0.093124 
1.400000 -0.074077 0.104567 
1.400000 -0.075000 0.116300 
1.400000 -0.074077 0.128033 
1.400000 -0.071329 0.139476 
1.400000 -0.066825 0.150349 
1.400000 -0.060676 0.160384 
1.400000 -0.053033 0.169333 
1.400000 -0.044084 0.176976 
1.400000 -0.034049 0.183125 
1.400000 -0.023176 0.187629 
1.400000 -0.011733 0.190377 
1.428571 0.000000 0.191300 
1.428571 0.011733 0.190377 
1.428571 0.023176 0.187629 
1.428571 0.034049 0.183125 
1.428571 0.044084 0.176976 
1.428571 0.053033 0.169333 
1.428571 0.060676 0.160384 
1.428571 0.066825 0.150349 
1.428571 0.071329 0.139476 
1.428571 0.074077 0.128033 
1.428571 0.075000 0.116300 
1.428571 0.074077 0.104567 
1.428571 0.071329 0.093124 
1.428571 0.066825 0.082251 
1.428571 0.060676 0.072216 
1.428571 0.053033 0.063267 
1.428571 0.044084 0.055624 
1.428571 0.034049 0.049475 
1.428571 0.023176 0.044971 
1.428571 0.011733 0.042223 
1.428571 0.000000 0.041300 
1.428571 -0.011733 0.042223 
1.428571 -0.023176 0.044971 
1.428571 -0.034049 0.049475 
1.428571 -0.044084 0.055624 
1.428571 -0.053033 0.063267 
1.428571 -0.060676 0.072216 
1.428571 -0.066825 0.082251 
1.428571 -0.071329 0.093124 
1.428571 -0.074077 0.104567 
1.428571 -0.075000 0.116300 
1.428571 -0.074077 0.128033 
1.428571 -0.071329 0.139476 
1.428571 -0.066825 0.150349 
1.428571 -0.060676 0.160384 
1.428571 -0.053033 0.169333 
1.428571 -0.044084 0.176976 
1.428571 -0.034049 0.183125 
1.428571 -0.023176 0.187629 
1.428571 -0.011733 0.190377 
1.457143 0.000000 0.191300 
1.457143 0.011733 0.190377 
1.457143 0.023176 0.187629 
1.457143 0.034049 0.183125 
1.457143 0.044084 0.176976 
1.457143 0.053033 0.169333 
1.457143 0.060676 0.160384 
1.457143 0.066825 0.150349 
1.457143 0.071329 0.139476 
1.457143 0.074077 0.128033 
1.457143 0.075000 0.116300 
1.457143 0.074077 0.104567 
1.457143 0.071329 0.093124 
1.457143 0.066825 0.082251 
1.457143 0.060676 0.072216 
1.457143 0.053033 0.063267 
1.457143 0.044084 0.055624 
1.457143 0.034049 0.049475 
1.457143 0.023176 0.044971 
1.457143 0.011733 0.042223 
1.457143 0.000000 0.041300 
1.457143 -0.011733 0.042223 
1.457143 -0.023176 0.044971 
1.457143 -0.034049 0.049475 
1.457143 -0.044084 0.055624 
1.457143 -0.053033 0.063267 
1.457143 -0.060676 0.072216 
1.457143 -0.066825 0.082251 
1.457143 -0.071329 0.093124 
1.457143 -0.074077 0.104567 
1.457143 -0.075000 0.116300 
1.457143 -0.074077 0.128033 
1.457143 -0.071329 0.139476 
1.457143 -0.066825 0.150349 
1.457143 -0.060676 0.160384 
1.457143 -0.053033 0.169333 
1.457143 -0.044084 0.176976 
1.457143 -0.034049 0.183125 
1.457143 -0.023176 0.187629 
1.457143 -0.011733 0.190377 
1.485714 0.000000 0.191300 
1.485714 0.011733 0.190377 
1.485714 0.023176 0.187629 
1.485714 0.034049 0.183125 
1.485714 0.044084 0.176976 
1.485714 0.053033 0.169333 
1.485714 0.060676 0.160384 
1.485714 0.066825 0.150349 
1.485714 0.071329 0.139476 
1.485714 0.074077 0.128033 
1.485714 0.075000 0.116300 
1.485714 0.074077 0.104567 
1.485714 0.071329 0.093124 
1.485714 0.066825 0.082251 
1.485714 0.060676 0.072216 
1.485714 0.053033 0.063267 
1.485714 0.044084 0.055624 
1.485714 0.034049 0.049475 
1.485714 0.023176 0.044971 
1.485714 0.011733 0.042223 
1.485714 0.000000 0.041300 
1.485714 -0.011733 0.042223 
1.485714 -0.023176 0.044971 
1.485714 -0.034049 0.049475 
1.485714 -0.044084 0.055624 
1.485714 -0.053033 0.063267 
1.485714 -0.060676 0.072216 
1.485714 -0.066825 0.082251 
1.485714 -0.071329 0.093124 
1.485714 -0.074077 0.104567 
1.485714 -0.075000 0.116300 
1.485714 -0.074077 0.128033 
1.485714 -0.071329 0.139476 
1.485714 -0.066825 0.150349 
1.485714 -0.060676 0.160384 
1.485714 -0.053033 0.169333 
1.485714 -0.044084 0.176976 
1.485714 -0.034049 0.183125 
1.485714 -0.023176 0.187629 
1.485714 -0.011733 0.190377 
1.514286 0.000000 0.191300 
1.514286 0.011733 0.190377 
1.514286 0.023176 0.187629 
1.514286 0.034049 0.183125 
1.514286 0.044084 0.176976 
1.514286 0.053033 0.169333 
1.514286 0.060676 0.160384 
1.514286 0.066825 0.150349 
1.514286 0.071329 0.139476 
1.514286 0.074077 0.128033 
1.514286 0.075000 0.116300 
1.514286 0.074077 0.104567 
1.514286 0.071329 0.093124 
1.514286 0.066825 0.082251 
1.514286 0.060676 0.072216 
1.514286 0.053033 0.063267 
1.514286 0.044084 0.055624 
1.514286 0.034049 0.049475 
1.514286 0.023176 0.044971 
1.514286 0.011733 0.042223 
1.514286 0.000000 0.041300 
1.514286 -0.011733 0.042223 
1.514286 -0.023176 0.044971 
1.514286 -0.034049 0.049475 
1.514286 -0.044084 0.055624 
1.514286 -0.053033 0.063267 
1.514286 -0.060676 0.072216 
1.514286 -0.066825 0.082251 
1.514286 -0.071329 0.093124 
1.514286 -0.074077 0.104567 
1.514286 -0.075000 0.116300 
1.514286 -0.074077 0.128033 
1.514286 -0.071329 0.139476 
1.514286 -0.066825 0.150349 
1.514286 -0.060676 0.160384 
1.514286 -0.053033 0.169333 
1.514286 -0.044084 0.176976 
1.514286 -0.034049 0.183125 
1.514286 -0.023176 0.187629 
1.514286 -0.011733 0.190377 
1.542857 0.000000 0.191300 
1.542857 0.011733 0.190377 
1.542857 0.023176 0.187629 
1.542857 0.034049 0.183125 
1.542857 0.044084 0.176976 
1.542857 0.053033 0.169333 
1.542857 0.060676 0.160384 
1.542857 0.066825 0.150349 
1.542857 0.071329 0.139476 
1.542857 0.074077 0.128033 
1.542857 0.075000 0.116300 
1.542857 0.074077 0.104567 
1.542857 0.071329 0.093124 
1.542857 0.066825 0.082251 
1.542857 0.060676 0.072216 
1.542857 0.053033 0.063267 
1.542857 0.044084 0.055624 
1.542857 0.034049 0.049475 
1.542857 0.023176 0.044971 
1.542857 0.011733 0.042223 
1.542857 0.000000 0.041300 
1.542857 -0.011733 0.042223 
1.542857 -0.023176 0.044971 
1.542857 -0.034049 0.049475 
1.542857 -0.044084 0.055624 
1.542857 -0.053033 0.063267 
1.542857 -0.060676 0.072216 
1.542857 -0.066825 0.082251 
1.542857 -0.071329 0.093124 
1.542857 -0.074077 0.104567 
1.542857 -0.075000 0.116300 
1.542857 -0.074077 0.128033 
1.542857 -0.071329 0.139476 
1.542857 -0.066825 0.150349 
1.542857 -0.060676 0.160384 
1.542857 -0.053033 0.169333 
1.542857 -0.044084 0.176976 
1.542857 -0.034049 0.183125 
1.542857 -0.023176 0.187629 
1.542857 -0.011733 0.190377 
1.571429 0.000000 0.191300 
1.571429 0.011733 0.190377 
1.571429 0.023176 0.187629 
1.571429 0.034049 0.183125 
1.571429 0.044084 0.176976 
1.571429 0.053033 0.169333 
1.571429 0.060676 0.160384 
1.571429 0.066825 0.150349 
1.571429 0.071329 0.139476 
1.571429 0.074077 0.128033 
1.571429 0.075000 0.116300 
1.571429 0.074077 0.104567 
1.571429 0.071329 0.093124 
1.571429 0.066825 0.082251 
1.571429 0.060676 0.072216 
1.571429 0.053033 0.063267 
1.571429 0.044084 0.055624 
1.571429 0.034049 0.049475 
1.571429 0.023176 0.044971 
1.571429 0.011733 0.042223 
1.571429 0.000000 0.041300 
1.571429 -0.011733 0.042223 
1.571429 -0.023176 0.044971 
1.571429 -0.034049 0.049475 
1.571429 -0.044084 0.055624 
1.571429 -0.053033 0.063267 
1.571429 -0.060676 0.072216 
1.571429 -0.066825 0.082251 
1.571429 -0.071329 0.093124 
1.571429 -0.074077 0.104567 
1.571429 -0.075000 0.116300 
1.571429 -0.074077 0.128033 
1.571429 -0.071329 0.139476 
1.571429 -0.066825 0.150349 
1.571429 -0.060676 0.160384 
1.571429 -0.053033 0.169333 
1.571429 -0.044084 0.176976 
1.571429 -0.034049 0.183125 
1.571429 -0.023176 0.187629 
1.571429 -0.011733 0.190377 
1.600000 0.000000 0.191300 
1.600000 0.011733 0.190377 
1.600000 0.023176 0.187629 
1.600000 0.034049 0.183125 
1.600000 0.044084 0.176976 
1.600000 0.053033 0.169333 
1.600000 0.060676 0.160384 
1.600000 0.066825 0.150349 
1.600000 0.071329 0.139476 
1.600000 0.074077 0.128033 
1.600000 0.075000 0.116300 
1.600000 0.074077 0.104567 
1.600000 0.071329 0.093124 
1.600000 0.066825 0.082251 
1.600000 0.060676 0.072216 
1.600000 0.053033 0.063267 
1.600000 0.044084 0.055624 
1.600000 0.034049 0.049475 
1.600000 0.023176 0.044971 
1.600000 0.011733 0.042223 
1.600000 0.000000 0.041300 
1.600000 -0.011733 0.042223 
1.600000 -0.023176 0.044971 
1.600000 -0.034049 0.049475 
1.600000 -0.044084 0.055624 
1.600000 -0.053033 0.063267 
1.600000 -0.060676 0.072216 
1.600000 -0.066825 0.082251 
1.600000 -0.071329 0.093124 
1.600000 -0.074077 0.104567 
1.600000 -0.075000 0.116300 
1.600000 -0.074077 0.128033 
1.600000 -0.071329 0.139476 
1.600000 -0.066825 0.150349 
1.600000 -0.060676 0.160384 
1.600000 -0.053033 0.169333 
1.600000 -0.044084 0.176976 
1.600000 -0.034049 0.183125 
1.600000 -0.023176 0.187629 
1.600000 -0.011733 0.190377 
1.628571 0.000000 0.191300 
1.628571 0.011733 0.190377 
1.628571 0.023176 0.187629 
1.628571 0.034049 0.183125 
1.628571 0.044084 0.176976 
1.628571 0.053033 0.169333 
1.628571 0.060676 0.160384 
1.628571 0.066825 0.150349 
1.628571 0.071329 0.139476 
1.628571 0.074077 0.128033 
1.628571 0.075000 0.116300 
1.628571 0.074077 0.104567 
1.628571 0.071329 0.093124 
1.628571 0.066825 0.082251 
1.628571 0.060676 0.072216 
1.628571 0.053033 0.063267 
1.628571 0.044084 0.055624 
1.628571 0.034049 0.049475 
1.628571 0.023176 0.044971 
1.628571 0.011733 0.042223 
1.628571 0.000000 0.041300 
1.628571 -0.011733 0.042223 
1.628571 -0.023176 0.044971 
1.628571 -0.034049 0.049475 
1.628571 -0.044084 0.055624 
1.628571 -0.053033 0.063267 
1.628571 -0.060676 0.072216 
1.628571 -0.066825 0.082251 
1.628571 -0.071329 0.093124 
1.628571 -0.074077 0.104567 
1.628571 -0.075000 0.116300 
1.628571 -0.074077 0.128033 
1.628571 -0.071329 0.139476 
1.628571 -0.066825 0.150349 
1.628571 -0.060676 0.160384 
1.628571 -0.053033 0.169333 
1.628571 -0.044084 0.176976 
1.628571 -0.034049 0.183125 
1.628571 -0.023176 0.187629 
1.628571 -0.011733 0.190377 
1.657143 0.000000 0.191300 
1.657143 0.011733 0.190377 
1.657143 0.023176 0.187629 
1.657143 0.034049 0.183125 
1.657143 0.044084 0.176976 
1.657143 0.053033 0.169333 
1.657143 0.060676 0.160384 
1.657143 0.066825 0.150349 
1.657143 0.071329 0.139476 
1.657143 0.074077 0.128033 
1.657143 0.075000 0.116300 
1.657143 0.074077 0.104567 
1.657143 0.071329 0.093124 
1.657143 0.066825 0.082251 
1.657143 0.060676 0.072216 
1.657143 0.053033 0.063267 
1.657143 0.044084 0.055624 
1.657143 0.034049 0.049475 
1.657143 0.023176 0.044971 
1.657143 0.011733 0.042223 
1.657143 0.000000 0.041300 
1.657143 -0.011733 0.042223 
1.657143 -0.023176 0.044971 
1.657143 -0.034049 0.049475 
1.657143 -0.044084 0.055624 
1.657143 -0.053033 0.063267 
1.657143 -0.060676 0.072216 
1.657143 -0.066825 0.082251 
1.657143 -0.071329 0.093124 
1.657143 -0.074077 0.104567 
1.657143 -0.075000 0.116300 
1.657143 -0.074077 0.128033 
1.657143 -0.071329 0.139476 
1.657143 -0.066825 0.150349 
1.657143 -0.060676 0.160384 
1.657143 -0.053033 0.169333 
1.657143 -0.044084 0.176976 
1.657143 -0.034049 0.183125 
1.657143 -0.023176 0.187629 
1.657143 -0.011733 0.190377 
1.685714 0.000000 0.191300 
1.685714 0.011733 0.190377 
1.685714 0.023176 0.187629 
1.685714 0.034049 0.183125 
1.685714 0.044084 0.176976 
1.685714 0.053033 0.169333 
1.685714 0.060676 0.160384 
1.685714 0.066825 0.150349 
1.685714 0.071329 0.139476 
1.685714 0.074077 0.128033 
1.685714 0.075000 0.116300 
1.685714 0.074077 0.104567 
1.685714 0.071329 0.093124 
1.685714 0.066825 0.082251 
1.685714 0.060676 0.072216 
1.685714 0.053033 0.063267 
1.685714 0.044084 0.055624 
1.685714 0.034049 0.049475 
1.685714 0.023176 0.044971 
1.685714 0.011733 0.042223 
1.685714 0.000000 0.041300 
1.685714 -0.011733 0.042223 
1.685714 -0.023176 0.044971 
1.685714 -0.034049 0.049475 
1.685714 -0.044084 0.055624 
1.685714 -0.053033 0.063267 
1.685714 -0.060676 0.072216 
1.685714 -0.066825 0.082251 
1.685714 -0.071329 0.093124 
1.685714 -0.074077 0.104567 
1.685714 -0.075000 0.116300 
1.685714 -0.074077 0.128033 
1.685714 -0.071329 0.139476 
1.685714 -0.066825 0.150349 
1.685714 -0.060676 0.160384 
1.685714 -0.053033 0.169333 
1.685714 -0.044084 0.176976 
1.685714 -0.034049 0.183125 
1.685714 -0.023176 0.187629 
1.685714 -0.011733 0.190377 
1.714286 0.000000 0.191300 
1.714286 0.011733 0.190377 
1.714286 0.023176 0.187629 
1.714286 0.034049 0.183125 
1.714286 0.044084 0.176976 
1.714286 0.053033 0.169333 
1.714286 0.060676 0.160384 
1.714286 0.066825 0.150349 
1.714286 0.071329 0.139476 
1.714286 0.074077 0.128033 
1.714286 0.075000 0.116300 
1.714286 0.074077 0.104567 
1.714286 0.071329 0.093124 
1.714286 0.066825 0.082251 
1.714286 0.060676 0.072216 
1.714286 0.053033 0.063267 
1.714286 0.044084 0.055624 
1.714286 0.034049 0.049475 
1.714286 0.023176 0.044971 
1.714286 0.011733 0.042223 
1.714286 0.000000 0.041300 
1.714286 -0.011733 0.042223 
1.714286 -0.023176 0.044971 
1.714286 -0.034049 0.049475 
1.714286 -0.044084 0.055624 
1.714286 -0.053033 0.063267 
1.714286 -0.060676 0.072216 
1.714286 -0.066825 0.082251 
1.714286 -0.071329 0.093124 
1.714286 -0.074077 0.104567 
1.714286 -0.075000 0.116300 
1.714286 -0.074077 0.128033 
1.714286 -0.071329 0.139476 
1.714286 -0.066825 0.150349 
1.714286 -0.060676 0.160384 
1.714286 -0.053033 0.169333 
1.714286 -0.044084 0.176976 
1.714286 -0.034049 0.183125 
1.714286 -0.023176 0.187629 
1.714286 -0.011733 0.190377 
1.742857 0.000000 0.191300 
1.742857 0.011733 0.190377 
1.742857 0.023176 0.187629 
1.742857 0.034049 0.183125 
1.742857 0.044084 0.176976 
1.742857 0.053033 0.169333 
1.742857 0.060676 0.160384 
1.742857 0.066825 0.150349 
1.742857 0.071329 0.139476 
1.742857 0.074077 0.128033 
1.742857 0.075000 0.116300 
1.742857 0.074077 0.104567 
1.742857 0.071329 0.093124 
1.742857 0.066825 0.082251 
1.742857 0.060676 0.072216 
1.742857 0.053033 0.063267 
1.742857 0.044084 0.055624 
1.742857 0.034049 0.049475 
1.742857 0.023176 0.044971 
1.742857 0.011733 0.042223 
1.742857 0.000000 0.041300 
1.742857 -0.011733 0.042223 
1.742857 -0.023176 0.044971 
1.742857 -0.034049 0.049475 
1.742857 -0.044084 0.055624 
1.742857 -0.053033 0.063267 
1.742857 -0.060676 0.072216 
1.742857 -0.066825 0.082251 
1.742857 -0.071329 0.093124 
1.742857 -0.074077 0.104567 
1.742857 -0.075000 0.116300 
1.742857 -0.074077 0.128033 
1.742857 -0.071329 0.139476 
1.742857 -0.066825 0.150349 
1.742857 -0.060676 0.160384 
1.742857 -0.053033 0.169333 
1.742857 -0.044084 0.176976 
1.742857 -0.034049 0.183125 
1.742857 -0.023176 0.187629 
1.742857 -0.011733 0.190377 
1.771429 0.000000 0.191300 
1.771429 0.011733 0.190377 
1.771429 0.023176 0.187629 
1.771429 0.034049 0.183125 
1.771429 0.044084 0.176976 
1.771429 0.053033 0.169333 
1.771429 0.060676 0.160384 
1.771429 0.066825 0.150349 
1.771429 0.071329 0.139476 
1.771429 0.074077 0.128033 
1.771429 0.075000 0.116300 
1.771429 0.074077 0.104567 
1.771429 0.071329 0.093124 
1.771429 0.066825 0.082251 
1.771429 0.060676 0.072216 
1.771429 0.053033 0.063267 
1.771429 0.044084 0.055624 
1.771429 0.034049 0.049475 
1.771429 0.023176 0.044971 
1.771429 0.011733 0.042223 
1.771429 0.000000 0.041300 
1.771429 -0.011733 0.042223 
1.771429 -0.023176 0.044971 
1.771429 -0.034049 0.049475 
1.771429 -0.044084 0.055624 
1.771429 -0.053033 0.063267 
1.771429 -0.060676 0.072216 
1.771429 -0.066825 0.082251 
1.771429 -0.071329 0.093124 
1.771429 -0.074077 0.104567 
1.771429 -0.075000 0.116300 
1.771429 -0.074077 0.128033 
1.771429 -0.071329 0.139476 
1.771429 -0.066825 0.150349 
1.771429 -0.060676 0.160384 
1.771429 -0.053033 0.169333 
1.771429 -0.044084 0.176976 
1.771429 -0.034049 0.183125 
1.771429 -0.023176 0.187629 
1.771429 -0.011733 0.190377 
1.800000 0.000000 0.191300 
1.800000 0.011733 0.190377 
1.800000 0.023176 0.187629 
1.800000 0.034049 0.183125 
1.800000 0.044084 0.176976 
1.800000 0.053033 0.169333 
1.800000 0.060676 0.160384 
1.800000 0.066825 0.150349 
1.800000 0.071329 0.139476 
1.800000 0.074077 0.128033 
1.800000 0.075000 0.116300 
1.800000 0.074077 0.104567 
1.800000 0.071329 0.093124 
1.800000 0.066825 0.082251 
1.800000 0.060676 0.072216 
1.800000 0.053033 0.063267 
1.800000 0.044084 0.055624 
1.800000 0.034049 0.049475 
1.800000 0.023176 0.044971 
1.800000 0.011733 0.042223 
1.800000 0.000000 0.041300 
1.800000 -0.011733 0.042223 
1.800000 -0.023176 0.044971 
1.800000 -0.034049 0.049475 
1.800000 -0.044084 0.055624 
1.800000 -0.053033 0.063267 
1.800000 -0.060676 0.072216 
1.800000 -0.066825 0.082251 
1.800000 -0.071329 0.093124 
1.800000 -0.074077 0.104567 
1.800000 -0.075000 0.116300 
1.800000 -0.074077 0.128033 
1.800000 -0.071329 0.139476 
1.800000 -0.066825 0.150349 
1.800000 -0.060676 0.160384 
1.800000 -0.053033 0.169333 
1.800000 -0.044084 0.176976 
1.800000 -0.034049 0.183125 
1.800000 -0.023176 0.187629 
1.800000 -0.011733 0.190377 
1.828571 0.000000 0.191300 
1.828571 0.011733 0.190377 
1.828571 0.023176 0.187629 
1.828571 0.034049 0.183125 
1.828571 0.044084 0.176976 
1.828571 0.053033 0.169333 
1.828571 0.060676 0.160384 
1.828571 0.066825 0.150349 
1.828571 0.071329 0.139476 
1.828571 0.074077 0.128033 
1.828571 0.075000 0.116300 
1.828571 0.074077 0.104567 
1.828571 0.071329 0.093124 
1.828571 0.066825 0.082251 
1.828571 0.060676 0.072216 
1.828571 0.053033 0.063267 
1.828571 0.044084 0.055624 
1.828571 0.034049 0.049475 
1.828571 0.023176 0.044971 
1.828571 0.011733 0.042223 
1.828571 0.000000 0.041300 
1.828571 -0.011733 0.042223 
1.828571 -0.023176 0.044971 
1.828571 -0.034049 0.049475 
1.828571 -0.044084 0.055624 
1.828571 -0.053033 0.063267 
1.828571 -0.060676 0.072216 
1.828571 -0.066825 0.082251 
1.828571 -0.071329 0.093124 
1.828571 -0.074077 0.104567 
1.828571 -0.075000 0.116300 
1.828571 -0.074077 0.128033 
1.828571 -0.071329 0.139476 
1.828571 -0.066825 0.150349 
1.828571 -0.060676 0.160384 
1.828571 -0.053033 0.169333 
1.828571 -0.044084 0.176976 
1.828571 -0.034049 0.183125 
1.828571 -0.023176 0.187629 
1.828571 -0.011733 0.190377 
1.857143 0.000000 0.191300 
1.857143 0.011733 0.190377 
1.857143 0.023176 0.187629 
1.857143 0.034049 0.183125 
1.857143 0.044084 0.176976 
1.857143 0.053033 0.169333 
1.857143 0.060676 0.160384 
1.857143 0.066825 0.150349 
1.857143 0.071329 0.139476 
1.857143 0.074077 0.128033 
1.857143 0.075000 0.116300 
1.857143 0.074077 0.104567 
1.857143 0.071329 0.093124 
1.857143 0.066825 0.082251 
1.857143 0.060676 0.072216 
1.857143 0.053033 0.063267 
1.857143 0.044084 0.055624 
1.857143 0.034049 0.049475 
1.857143 0.023176 0.044971 
1.857143 0.011733 0.042223 
1.857143 0.000000 0.041300 
1.857143 -0.011733 0.042223 
1.857143 -0.023176 0.044971 
1.857143 -0.034049 0.049475 
1.857143 -0.044084 0.055624 
1.857143 -0.053033 0.063267 
1.857143 -0.060676 0.072216 
1.857143 -0.066825 0.082251 
1.857143 -0.071329 0.093124 
1.857143 -0.074077 0.104567 
1.857143 -0.075000 0.116300 
1.857143 -0.074077 0.128033 
1.857143 -0.071329 0.139476 
1.857143 -0.066825 0.150349 
1.857143 -0.060676 0.160384 
1.857143 -0.053033 0.169333 
1.857143 -0.044084 0.176976 
1.857143 -0.034049 0.183125 
1.857143 -0.023176 0.187629 
1.857143 -0.011733 0.190377 
1.885714 0.000000 0.191300 
1.885714 0.011733 0.190377 
1.885714 0.023176 0.187629 
1.885714 0.034049 0.183125 
1.885714 0.044084 0.176976 
1.885714 0.053033 0.169333 
1.885714 0.060676 0.160384 
1.885714 0.066825 0.150349 
1.885714 0.071329 0.139476 
1.885714 0.074077 0.128033 
1.885714 0.075000 0.116300 
1.885714 0.074077 0.104567 
1.885714 0.071329 0.093124 
1.885714 0.066825 0.082251 
1.885714 0.060676 0.072216 
1.885714 0.053033 0.063267 
1.885714 0.044084 0.055624 
1.885714 0.034049 0.049475 
1.885714 0.023176 0.044971 
1.885714 0.011733 0.042223 
1.885714 0.000000 0.041300 
1.885714 -0.011733 0.042223 
1.885714 -0.023176 0.044971 
1.885714 -0.034049 0.049475 
1.885714 -0.044084 0.055624 
1.885714 -0.053033 0.063267 
1.885714 -0.060676 0.072216 
1.885714 -0.066825 0.082251 
1.885714 -0.071329 0.093124 
1.885714 -0.074077 0.104567 
1.885714 -0.075000 0.116300 
1.885714 -0.074077 0.128033 
1.885714 -0.071329 0.139476 
1.885714 -0.066825 0.150349 
1.885714 -0.060676 0.160384 
1.885714 -0.053033 0.169333 
1.885714 -0.044084 0.176976 
1.885714 -0.034049 0.183125 
1.885714 -0.023176 0.187629 
1.885714 -0.011733 0.190377 
1.914286 0.000000 0.190531 
1.914286 0.011612 0.189617 
1.914286 0.022939 0.186898 
1.914286 0.033700 0.182440 
1.914286 0.043632 0.176354 
1.914286 0.052489 0.168789 
1.914286 0.060054 0.159932 
1.914286 0.066140 0.150000 
1.914286 0.070598 0.139239 
1.914286 0.073317 0.127912 
1.914286 0.074231 0.116300 
1.914286 0.073317 0.104688 
1.914286 0.070598 0.093361 
1.914286 0.066140 0.082600 
1.914286 0.060054 0.072668 
1.914286 0.052489 0.063811 
1.914286 0.043632 0.056246 
1.914286 0.033700 0.050160 
1.914286 0.022939 0.045702 
1.914286 0.011612 0.042983 
1.914286 0.000000 0.042069 
1.914286 -0.011612 0.042983 
1.914286 -0.022939 0.045702 
1.914286 -0.033700 0.050160 
1.914286 -0.043632 0.056246 
1.914286 -0.052489 0.063811 
1.914286 -0.060054 0.072668 
1.914286 -0.066140 0.082600 
1.914286 -0.070598 0.093361 
1.914286 -0.073317 0.104688 
1.914286 -0.074231 0.116300 
1.914286 -0.073317 0.127912 
1.914286 -0.070598 0.139239 
1.914286 -0.066140 0.150000 
1.914286 -0.060054 0.159932 
1.914286 -0.052489 0.168789 
1.914286 -0.043632 0.176354 
1.914286 -0.033700 0.182440 
1.914286 -0.022939 0.186898 
1.914286 -0.011612 0.189617 
1.942857 0.000000 0.184063 
1.942857 0.010600 0.183229 
1.942857 0.020940 0.180747 
1.942857 0.030764 0.176677 
1.942857 0.039830 0.171121 
1.942857 0.047916 0.164216 
1.942857 0.054821 0.156130 
1.942857 0.060377 0.147064 
1.942857 0.064447 0.137240 
1.942857 0.066929 0.126900 
1.942857 0.067763 0.116300 
1.942857 0.066929 0.105700 
1.942857 0.064447 0.095360 
1.942857 0.060377 0.085536 
1.942857 0.054821 0.076470 
1.942857 0.047916 0.068384 
1.942857 0.039830 0.061479 
1.942857 0.030764 0.055923 
1.942857 0.020940 0.051853 
1.942857 0.010600 0.049371 
1.942857 0.000000 0.048537 
1.942857 -0.010600 0.049371 
1.942857 -0.020940 0.051853 
1.942857 -0.030764 0.055923 
1.942857 -0.039830 0.061479 
1.942857 -0.047916 0.068384 
1.942857 -0.054821 0.076470 
1.942857 -0.060377 0.085536 
1.942857 -0.064447 0.095360 
1.942857 -0.066929 0.105700 
1.942857 -0.067763 0.116300 
1.942857 -0.066929 0.126900 
1.942857 -0.064447 0.137240 
1.942857 -0.060377 0.147064 
1.942857 -0.054821 0.156130 
1.942857 -0.047916 0.164216 
1.942857 -0.039830 0.171121 
1.942857 -0.030764 0.176677 
1.942857 -0.020940 0.180747 
1.942857 -0.010600 0.183229 
1.971429 0.000000 0.168789 
1.971429 0.008211 0.168143 
1.971429 0.016220 0.166220 
1.971429 0.023830 0.163068 
1.971429 0.030852 0.158765 
1.971429 0.037115 0.153415 
1.971429 0.042465 0.147152 
1.971429 0.046768 0.140130 
1.971429 0.049920 0.132520 
1.971429 0.051843 0.124511 
1.971429 0.052489 0.116300 
1.971429 0.051843 0.108089 
1.971429 0.049920 0.100080 
1.971429 0.046768 0.092470 
1.971429 0.042465 0.085448 
1.971429 0.037115 0.079185 
1.971429 0.030852 0.073835 
1.971429 0.023830 0.069532 
1.971429 0.016220 0.066380 
1.971429 0.008211 0.064457 
1.971429 0.000000 0.063811 
1.971429 -0.008211 0.064457 
1.971429 -0.016220 0.066380 
1.971429 -0.023830 0.069532 
1.971429 -0.030852 0.073835 
1.971429 -0.037115 0.079185 
1.971429 -0.042465 0.085448 
1.971429 -0.046768 0.092470 
1.971429 -0.049920 0.100080 
1.971429 -0.051843 0.108089 
1.971429 -0.052489 0.116300 
1.971429 -0.051843 0.124511 
1.971429 -0.049920 0.132520 
1.971429 -0.046768 0.140130 
1.971429 -0.042465 0.147152 
1.971429 -0.037115 0.153415 
1.971429 -0.030852 0.158765 
1.971429 -0.023830 0.163068 
1.971429 -0.016220 0.166220 
1.971429 -0.008211 0.168143 
2.000000 0.000000 0.116300 
