2757
0.000216 -0.001667 0.999996 
0.000193 0.002281 0.999995 
0.000008 0.004143 0.999986 
-0.000303 -0.005131 0.999978 
-0.000122 0.002441 0.999994 
-0.000231 -0.004545 0.999979 
0.000748 -0.025996 0.999482 
-0.002029 -0.062420 0.997441 
0.000202 -0.094763 0.994533 
-0.001385 -0.103578 0.993062 
-0.001132 -0.030072 0.999392 
-0.000466 -0.997975 0.057189 
-0.000896 -0.989814 0.132891 
-0.000867 -0.997943 0.056238 
0.000223 -0.991014 0.124613 
-0.000492 -0.998476 0.049308 
-0.000525 -0.999857 0.013127 
-0.000193 -0.999791 0.017655 
0.000259 -0.998293 0.052806 
-0.000615 -0.990222 0.130571 
0.000291 -0.991181 0.123057 
0.000063 -0.997580 0.063884 
0.000243 -0.989190 0.137820 
0.000551 -0.997686 0.060704 
0.000529 -0.999751 0.018303 
0.000056 -0.999717 0.018679 
0.000584 -0.995602 0.082467 
-0.000188 -0.986787 0.152438 
0.000598 -0.999756 0.017066 
0.000563 -0.998646 0.046942 
-0.000451 -0.999709 0.019251 
-0.000012 -0.999998 0.001398 
-0.000946 -0.996793 0.073797 
0.000905 -0.997500 0.064145 
-0.001783 -0.988180 0.144936 
0.000643 -0.986060 0.159300 
0.004172 -0.991166 0.123719 
0.000135 -0.000601 0.999999 
-0.000251 0.006124 0.999967 
-0.000449 0.003733 0.999987 
-0.000023 -0.002189 0.999994 
0.000353 0.002292 0.999995 
0.000309 -0.010133 0.999902 
0.001321 -0.028521 0.999324 
-0.000283 -0.063544 0.997256 
-0.000122 -0.001728 0.999997 
-0.000033 -0.020919 0.999654 
-0.000125 -0.037571 0.998924 
-0.000115 -0.072707 0.996563 
0.000060 -0.086862 0.995349 
0.001551 -0.005721 0.999961 
0.002526 0.011250 0.999886 
0.000356 -0.001520 0.999996 
0.003436 -0.012940 0.999792 
0.003150 0.012862 0.999818 
0.004411 -0.020882 0.999646 
0.272556 -0.944126 0.170585 
0.247943 -0.900431 0.344357 
0.218742 -0.948585 0.218130 
0.328076 -0.930453 0.147333 
0.291400 -0.902185 0.305367 
0.221916 -0.969302 0.090615 
0.281132 -0.831152 0.467571 
0.226045 -0.698631 0.668128 
0.250314 -0.814785 0.508976 
0.310666 -0.827468 0.455291 
0.260010 -0.736521 0.615684 
0.323889 -0.897393 0.288863 
0.151828 -0.498228 0.844337 
0.198475 -0.566857 0.791009 
0.077421 -0.279232 0.951625 
0.121883 -0.427184 0.886771 
0.192255 -0.649418 0.723880 
0.120773 -0.376727 0.912758 
0.002997 -0.025703 0.999467 
0.010753 -0.061601 0.997512 
0.008582 -0.037633 0.998956 
0.017519 -0.084218 0.995299 
0.031042 -0.123042 0.990189 
0.070060 -0.994453 0.066014 
0.089938 -0.979683 0.169380 
0.055236 -0.985311 0.150386 
0.124191 -0.979680 0.146820 
0.029875 -0.997091 0.062713 
0.027453 -0.988834 0.135630 
0.008329 -0.998258 0.051438 
0.000569 -0.999825 0.014997 
-0.000359 -0.997790 0.058833 
0.022925 -0.999407 0.015220 
0.092931 -0.994678 0.013331 
0.000259 -0.995987 0.081825 
0.002472 -0.986884 0.151809 
0.000216 -0.983307 0.175136 
-0.001768 -0.987206 0.150499 
0.000098 -0.997786 0.060192 
-0.000230 -0.988913 0.138685 
0.007530 -0.989888 0.131620 
0.463519 -0.879931 -0.079341 
0.556473 -0.797311 -0.213025 
0.509053 -0.843914 -0.141831 
0.502802 -0.847817 -0.134949 
0.652952 -0.651916 -0.368400 
0.669145 -0.601214 -0.423773 
0.597215 -0.742832 -0.286478 
0.719430 -0.467883 -0.502441 
0.621552 -0.714724 -0.298640 
0.708718 -0.532632 -0.450060 
0.385960 -0.920707 0.008539 
0.462197 -0.873426 -0.119682 
0.434450 -0.884460 -0.143237 
0.351096 -0.930784 -0.063857 
0.336137 -0.938391 0.060639 
0.351783 -0.927165 0.113895 
0.367011 -0.915623 0.146195 
0.300453 -0.951195 0.045852 
0.199202 -0.978359 0.022333 
0.280116 -0.958519 -0.002100 
0.388323 -0.916993 0.075935 
0.362125 -0.902720 0.218927 
0.359942 -0.917435 0.158397 
0.422517 -0.905252 -0.018232 
0.387441 -0.920392 -0.018339 
0.000839 -0.000749 0.999792 
0.012567 0.047765 0.997942 
0.013739 0.084547 0.994758 
0.005443 -0.032201 0.998813 
0.019235 -0.092909 0.993507 
0.012229 -0.053257 0.997342 
0.025182 -0.099347 0.992956 
0.064015 -0.201751 0.972946 
0.059979 -0.214705 0.969085 
0.238830 -0.673277 0.679251 
0.277803 -0.785986 0.540453 
0.209557 -0.631813 0.736920 
0.141234 -0.404649 0.892039 
0.132689 -0.449904 0.872451 
0.319563 -0.844088 0.413874 
0.166426 -0.872728 0.443000 
0.143737 -0.710581 0.672913 
0.205679 -0.838236 0.490422 
0.113145 -0.749119 0.634056 
0.225580 -0.929796 0.270335 
0.181584 -0.951136 0.232226 
0.119379 -0.911345 0.365617 
0.069669 -0.895043 0.422992 
0.072478 -0.975615 0.164785 
0.042645 -0.915579 0.379163 
0.055798 -0.780734 0.608314 
0.071239 -0.771424 0.616289 
0.054138 -0.990051 -0.073244 
0.050537 -0.945562 -0.294619 
0.027961 -0.992067 -0.081403 
0.114247 -0.940510 -0.289709 
0.027717 -0.984295 0.130308 
0.125111 -0.984166 -0.067469 
-0.000923 -0.018681 -0.999707 
-0.002001 -0.084789 -0.995609 
-0.000186 -0.042486 -0.998605 
0.001128 -0.044347 -0.998651 
-0.000960 -0.070891 -0.996904 
-0.000143 0.004128 -0.999983 
-0.001177 0.036998 -0.999002 
-0.000002 0.011156 -0.999893 
0.000109 0.002253 -0.999994 
-0.000065 -0.003030 -0.999988 
0.000232 0.030965 -0.999203 
-0.000363 0.022704 -0.999562 
0.000580 0.069157 -0.996900 
-0.000615 0.106095 -0.993140 
-0.000026 0.083678 -0.995731 
0.000980 0.052131 -0.998130 
-0.000598 0.053274 -0.998198 
0.000082 0.054326 -0.998021 
-0.000198 -0.000790 -0.999998 
-0.001795 0.010438 -0.999897 
-0.000365 0.069404 -0.996863 
-0.008675 0.059170 -0.997539 
-0.063440 0.046237 -0.996357 
-0.069292 0.148912 -0.984728 
-0.038538 0.084274 -0.994659 
-0.098017 0.101118 -0.988593 
-0.084449 0.137158 -0.985479 
-0.000290 -0.999984 -0.004143 
0.000080 -1.000000 0.000024 
-0.000022 -0.999999 0.000635 
0.000611 -0.999924 -0.008760 
0.001263 -0.999316 -0.030784 
-0.002998 -0.999313 -0.030096 
-0.000489 -0.996903 -0.072276 
0.001739 -0.992571 -0.110163 
-0.085225 -0.010204 -0.996101 
-0.090275 -0.077113 -0.991922 
-0.108667 -0.069377 -0.990737 
-0.126205 -0.049506 -0.989955 
-0.143110 -0.170889 -0.971548 
-0.164379 -0.170965 -0.967717 
-0.155451 -0.058480 -0.985161 
-0.222449 -0.040377 -0.973324 
-0.213546 -0.107692 -0.968980 
-0.252727 -0.166476 -0.950374 
-0.186530 -0.094021 -0.976566 
-0.191282 -0.197054 -0.957529 
-0.224136 -0.232421 -0.942274 
-0.003086 -0.417909 -0.899693 
-0.003383 -0.664502 -0.729306 
-0.000595 -0.433179 -0.891535 
-0.000777 -0.230327 -0.969674 
0.001105 -0.642940 -0.747808 
0.001700 -0.234224 -0.969440 
0.006235 -0.387259 -0.912859 
0.302740 0.005328 -0.940803 
0.356808 -0.256252 -0.884712 
0.469977 -0.085585 -0.870343 
-0.006878 -0.859977 -0.491931 
0.000258 -0.942749 -0.323312 
-0.004141 -0.957447 -0.274780 
0.466040 0.106897 -0.869258 
0.336450 0.283191 -0.880838 
-0.006108 -0.679510 -0.713877 
0.195488 -0.224661 -0.943171 
0.004230 -0.849646 -0.507947 
0.136932 0.003008 -0.983721 
-0.006847 -0.875649 -0.462041 
0.194972 0.214917 -0.948086 
-0.041968 -0.998870 0.003371 
-0.072185 -0.997077 -0.005643 
-0.023848 -0.999548 -0.001906 
-0.266962 -0.005250 -0.963030 
-0.326138 -0.109458 -0.935560 
-0.332793 -0.005816 -0.941960 
-0.007026 -0.999941 0.001620 
-0.291689 0.108187 -0.947791 
-0.258028 0.099869 -0.958397 
-0.000372 -0.999875 0.012767 
-0.017614 -0.999557 0.016169 
-0.210263 0.022866 -0.976854 
-0.268473 -0.120825 -0.952758 
-0.322442 0.092857 -0.939127 
-0.003039 -0.999980 -0.003593 
-0.298314 -0.125812 -0.943068 
-0.029941 -0.998779 -0.027433 
0.608531 -0.001223 -0.790058 
0.701226 0.025444 -0.710882 
0.701589 -0.021912 -0.710784 
0.442498 -0.005792 -0.889825 
0.481506 0.006996 -0.871294 
-0.008318 -0.007006 -0.999884 
-0.004040 -0.051723 -0.998077 
-0.028837 -0.031394 -0.998751 
0.620164 -0.058736 -0.777432 
0.000167 -0.023430 -0.999528 
-0.000846 -0.107850 -0.992815 
0.623219 0.060042 -0.776045 
-0.643129 -0.091918 0.757531 
-0.591767 -0.061142 0.801240 
-0.638338 -0.003200 0.768816 
0.000166 -0.102509 -0.993449 
-0.685719 -0.197891 0.695206 
-0.637397 -0.242377 0.723189 
-0.015334 0.000586 -0.999781 
-0.039783 -0.004028 -0.999029 
-0.053113 0.003577 -0.998415 
-0.000065 0.018370 -0.999704 
-0.000019 0.044665 -0.998662 
0.000486 0.010798 -0.999884 
0.000086 0.000868 -0.999999 
-0.000229 0.006444 -0.999964 
-0.060145 -0.036304 -0.997157 
0.000555 -0.022416 -0.999574 
-0.000036 -0.001022 -0.999998 
-0.000592 -0.008881 -0.999925 
0.302021 0.558759 -0.759531 
0.231481 0.779050 -0.564677 
0.337812 0.719200 -0.591015 
0.415120 0.499457 -0.750637 
0.338530 0.323279 -0.875183 
0.238582 0.171021 -0.952568 
0.144937 0.089004 -0.983654 
0.140745 0.195429 -0.967738 
0.355634 0.146815 -0.919301 
0.196875 0.602338 -0.759585 
0.134529 0.381717 -0.905784 
0.117426 0.616023 -0.762444 
0.076866 0.211818 -0.971713 
0.161510 0.626406 0.751193 
0.124489 0.583316 0.790259 
0.109384 0.426028 0.890692 
0.120075 0.436962 0.882376 
0.189428 0.657444 0.716220 
0.208466 0.805438 0.540313 
0.248168 0.820851 0.500397 
0.245041 0.907200 0.328502 
0.197341 0.904742 0.364000 
0.169072 0.976927 0.120851 
0.118423 0.984410 0.121038 
0.160377 0.958869 0.224731 
0.153117 0.899674 0.394266 
0.115236 0.892914 0.418037 
0.133373 0.758370 0.621314 
0.214790 0.954283 0.197446 
0.219597 0.970982 0.077937 
0.115355 0.962619 0.233964 
0.079563 0.964492 0.239286 
0.073120 0.988920 0.119764 
0.321320 0.896459 0.293983 
0.306724 0.822466 0.466235 
0.338334 0.887858 0.303455 
0.327076 0.930976 0.146636 
0.289849 0.904267 0.300743 
0.358547 0.916751 0.164739 
0.081801 0.611742 -0.771142 
0.041557 0.809377 -0.566460 
0.021616 0.611231 -0.777309 
0.126665 0.408469 -0.895647 
0.224027 0.425918 -0.870313 
0.101446 0.189412 -0.970791 
0.101613 0.811264 -0.557263 
0.176743 0.623281 -0.743922 
-0.054529 -0.116197 -0.990235 
-0.078344 -0.110943 -0.989708 
-0.166182 0.017657 -0.985658 
-0.174922 0.092185 -0.978801 
-0.137527 0.031807 -0.989630 
-0.202526 0.096938 -0.972585 
-0.129997 -0.003617 -0.991325 
-0.176454 -0.018474 -0.983810 
-0.304821 -0.293006 -0.900725 
-0.322178 -0.278860 -0.898910 
-0.268725 -0.443280 -0.845878 
-0.252199 -0.274996 -0.922912 
-0.297110 -0.476376 -0.819244 
-0.239449 -0.412074 -0.869212 
-0.275727 -0.645052 -0.697516 
-0.304295 -0.656806 -0.676838 
-0.388680 -0.907788 -0.143023 
-0.437847 -0.885362 -0.133697 
-0.422540 -0.857870 -0.280046 
-0.376202 -0.883524 -0.265174 
-0.341961 -0.930620 -0.112308 
-0.443494 -0.770500 -0.447947 
-0.419364 -0.653661 -0.618847 
-0.406146 -0.791624 -0.443887 
-0.472984 -0.806422 -0.334853 
-0.461723 -0.664290 -0.573678 
-0.238433 -0.969418 -0.040976 
-0.295071 -0.945837 -0.117144 
-0.266225 -0.946191 -0.169529 
-0.193766 -0.968663 -0.142330 
-0.231332 -0.926017 -0.282877 
-0.195818 -0.935439 -0.277653 
-0.158089 -0.978023 -0.120999 
-0.224426 -0.963167 -0.131628 
-0.321163 -0.810908 -0.475964 
-0.334598 -0.666928 -0.653423 
-0.290003 -0.894836 -0.328269 
-0.313761 -0.902423 -0.280876 
-0.345740 -0.814608 -0.451037 
-0.286684 -0.813584 -0.492103 
-0.371758 -0.141501 -0.913805 
-0.393297 -0.057206 -0.915999 
-0.391681 0.042698 -0.917768 
-0.368590 0.122212 -0.918314 
-0.235010 0.970694 -0.034314 
-0.176421 0.981878 -0.052389 
-0.226590 0.963288 -0.129643 
-0.186613 0.982033 0.001053 
-0.261582 0.954981 -0.127397 
-0.291439 0.949960 -0.095684 
-0.255108 0.963230 0.061263 
-0.344403 0.920754 0.160367 
-0.342789 0.901134 0.238195 
-0.304516 0.950456 0.043013 
-0.194388 0.978864 0.046014 
-0.274352 0.942767 0.165869 
-0.301283 0.952805 -0.013167 
-0.372957 0.924926 0.050393 
-0.337177 0.934972 -0.092651 
-0.378812 0.924290 -0.020836 
-0.439633 0.894817 0.053682 
-0.382282 0.914729 -0.116871 
-0.371943 0.893752 -0.235980 
-0.416252 0.873109 -0.240070 
-0.426114 0.896907 -0.100017 
-0.301556 0.015347 0.952713 
-0.297000 0.085252 0.949232 
-0.352529 0.077938 0.930904 
-0.374366 0.014098 0.926466 
-0.440060 0.049180 0.895480 
-0.446257 -0.002647 0.894194 
-0.406358 0.103968 0.905575 
-0.444600 0.787902 -0.412211 
-0.455986 0.853421 -0.238917 
-0.483014 0.772864 -0.399467 
-0.458878 0.650188 -0.592813 
-0.406697 0.805032 -0.416812 
-0.422167 0.656048 -0.611550 
0.001342 -0.046169 -0.998614 
0.000107 -0.010872 -0.999893 
-0.980317 -0.007933 0.153752 
-0.943938 -0.003681 0.315671 
-0.950513 0.205283 0.187206 
-0.079006 -0.035727 0.995380 
-0.025956 -0.004197 0.999376 
-0.099703 -0.003614 0.994201 
-0.038062 -0.115124 0.990906 
-0.018836 -0.034057 0.998890 
-0.160426 -0.027377 0.985869 
-0.145357 -0.102966 0.982265 
0.196435 0.815457 -0.526313 
-0.947426 -0.217743 0.187099 
-0.313879 -0.008997 0.948875 
-0.403315 -0.116226 0.905704 
-0.386975 -0.234256 0.886959 
-0.339011 -0.080392 0.935287 
-0.430284 -0.254786 0.862618 
-0.382597 -0.022040 0.922847 
-0.443151 -0.069000 0.892260 
-0.097315 -0.122510 0.986220 
-0.099241 -0.994711 0.009523 
-0.131778 -0.990926 -0.003704 
0.114567 0.932156 -0.311264 
-0.248661 -0.036402 0.966819 
-0.172979 -0.001285 0.984164 
0.205731 0.925621 -0.285749 
-0.251223 -0.002032 0.967363 
0.050526 0.330479 -0.928638 
-0.302533 -0.134562 0.940804 
-0.263491 -0.178228 0.944293 
-0.120131 -0.991626 -0.033860 
-0.081405 -0.994417 -0.054225 
-0.208942 -0.113481 0.969039 
0.041492 -0.609958 0.782617 
0.075847 -0.379368 0.912222 
0.003582 -0.437989 0.889973 
0.004008 0.385687 -0.910566 
0.014282 -0.770587 0.629259 
0.105418 -0.765321 0.621024 
0.014128 0.040078 -0.986921 
-0.001447 0.173950 -0.972866 
0.002633 -0.180614 -0.972335 
-0.003332 -0.665441 0.736123 
0.171192 -0.573171 0.788762 
0.054498 0.035902 -0.990368 
0.003810 -0.645304 0.755409 
0.003535 -0.448088 0.884015 
0.000429 -0.446725 0.885718 
0.005528 -0.674501 0.726873 
-0.006934 -0.655887 0.745101 
-0.001956 -0.778378 0.620743 
0.003378 -0.805222 0.583875 
0.023712 -0.676231 -0.724293 
0.009546 -0.838698 -0.527468 
0.044761 -0.841387 -0.520214 
0.747818 -0.073968 -0.657267 
0.744623 0.004712 -0.666965 
0.013891 -0.676518 -0.726266 
-0.127192 -0.981496 -0.129019 
0.766277 -0.038145 -0.640155 
0.765267 -0.170017 -0.615914 
0.015125 -0.286453 -0.949101 
0.714580 -0.125725 -0.684043 
0.009551 -0.464781 -0.876213 
-0.305092 -0.951399 -0.019484 
0.032058 -0.174451 -0.977293 
0.745615 -0.254159 -0.607924 
-0.308715 -0.949581 0.036154 
-0.376871 -0.923877 0.042307 
0.015058 -0.519881 -0.847526 
-0.384796 -0.921287 -0.032102 
0.456823 -0.879173 -0.105370 
0.351504 -0.929461 -0.060116 
0.522810 -0.818709 -0.201617 
0.581973 -0.768664 -0.240597 
-0.442498 -0.893757 0.047249 
0.080574 -0.665413 -0.727231 
0.125891 -0.449339 -0.873488 
0.252777 -0.464672 -0.836785 
-0.077705 0.000919 0.995968 
-0.142532 0.011932 0.988988 
0.039220 -0.436123 -0.887905 
0.001901 0.917686 0.372642 
0.001455 0.987315 0.046406 
-0.000029 0.968370 0.202455 
0.003130 -0.714899 0.681302 
-0.002339 -0.466128 0.872135 
0.004900 -0.454037 0.878661 
-0.005637 0.768510 0.626975 
-0.003424 0.812289 0.562125 
-0.007490 -0.685035 0.716898 
-0.003202 0.839620 0.519130 
0.003129 -0.660823 0.739632 
0.004979 -0.827882 0.549219 
0.082906 -0.202621 -0.966508 
0.632827 0.558833 -0.527557 
0.640517 0.594428 -0.471678 
0.575712 0.711097 -0.390987 
0.292944 0.824713 -0.462811 
0.286934 0.914112 -0.257156 
0.365295 0.895547 -0.227604 
0.284658 0.952326 -0.069404 
0.466348 0.783891 -0.387309 
0.494744 0.805895 -0.301641 
0.418881 0.879904 -0.204941 
0.286662 -0.921010 -0.236443 
0.203816 -0.972232 -0.068873 
0.280579 -0.954020 -0.065931 
0.350580 -0.901440 -0.229153 
0.421233 -0.874671 -0.220121 
0.452218 -0.770299 -0.421859 
-0.004749 0.957473 0.245064 
0.101399 -0.837841 -0.519854 
0.006386 -0.906742 0.394228 
0.170312 -0.668900 -0.706210 
0.287117 -0.681568 -0.653864 
-0.005409 0.984753 -0.098508 
0.001601 0.938605 -0.310502 
0.000379 0.983361 -0.125129 
-0.008856 -0.863204 0.484846 
-0.003882 -0.607174 0.783432 
-0.003796 -0.378911 0.917728 
-0.001301 -0.400209 0.907249 
0.003749 0.756996 0.639270 
-0.000056 0.924786 0.350615 
-0.002114 -0.816518 0.557325 
-0.002333 -0.758003 0.641488 
0.297235 -0.839444 -0.439387 
0.391890 -0.706333 -0.571965 
0.006136 -0.629134 0.766852 
0.200355 -0.932804 -0.268753 
-0.003355 -0.565861 0.815899 
-0.000104 0.857203 0.491991 
0.001274 0.577348 0.799919 
-0.002193 0.321378 0.935416 
0.003433 0.589802 0.794275 
0.002257 -0.584316 0.802335 
-0.000612 -0.365347 0.921631 
-0.000958 -0.383521 0.915495 
-0.005350 -0.558423 0.819089 
-0.000676 -0.756428 0.641583 
0.000271 0.549119 0.827605 
0.193051 -0.838959 -0.492633 
0.000604 -0.590436 0.797017 
0.000409 -0.768522 0.627175 
0.009577 0.349403 0.929818 
0.007116 0.285162 0.948645 
-0.004217 -0.558233 0.818120 
-0.000840 -0.369227 0.919896 
0.004427 -0.307059 0.944429 
0.003034 -0.364391 0.923673 
0.003639 -0.595397 0.792413 
0.020219 -0.957153 -0.247556 
-0.004208 -0.749642 0.651987 
0.004020 -0.621248 0.772613 
0.005492 -0.935171 -0.328133 
0.004235 -0.987387 -0.007325 
0.000159 0.781704 0.608877 
0.000042 0.937370 0.316539 
-0.002961 0.877909 0.453389 
-0.001631 -0.790781 0.595450 
0.002763 0.685019 0.714733 
0.002490 0.813483 0.569674 
0.000902 0.647707 0.754786 
0.018371 -0.987781 0.073490 
0.022135 -0.927702 0.347923 
-0.002389 0.989973 0.012185 
0.003298 0.943192 0.308412 
0.000207 0.978288 0.160509 
0.009727 0.480672 0.869185 
-0.002280 0.443972 0.886342 
0.003435 0.807126 0.572815 
0.006507 0.882853 0.450259 
-0.001456 0.933192 -0.328004 
0.004106 0.983480 -0.115076 
0.001477 0.612457 0.781572 
0.010943 -0.937367 0.316141 
-0.000189 0.981553 -0.144478 
-0.008045 0.968740 0.208594 
0.002465 0.601669 0.790721 
-0.003370 0.575680 0.809503 
0.002908 0.375386 0.917995 
-0.000735 0.956895 0.242522 
0.566552 0.648711 -0.490344 
-0.002078 0.434978 0.890903 
-0.001295 0.656389 0.745587 
-0.001255 0.775087 0.623314 
-0.001905 0.731321 0.673564 
0.610987 0.415798 -0.655701 
-0.001226 0.627182 0.764369 
0.000746 0.374826 0.917109 
-0.009304 0.381544 0.916351 
-0.131900 0.936200 0.311428 
-0.141949 0.835480 0.509665 
-0.092732 0.949564 0.284866 
-0.187103 0.809984 0.536625 
0.000465 0.653279 0.740912 
0.006405 0.410506 0.901964 
-0.003581 0.383788 0.912306 
0.488544 0.612384 -0.601926 
0.490418 0.352238 -0.781112 
-0.001038 0.576282 0.808347 
-0.088463 0.982171 0.155357 
-0.052727 0.987742 0.136997 
-0.120429 0.974242 0.180092 
0.390429 0.793068 -0.445921 
-0.174792 0.914605 0.348884 
-0.235218 0.773078 0.572496 
-0.005817 0.604116 0.784454 
-0.002321 0.380898 0.914913 
-0.005164 0.606510 0.785810 
-0.162555 0.960231 0.215408 
-0.000846 0.352612 0.925025 
0.000807 0.708730 0.693700 
0.001287 0.886529 0.443713 
0.615593 -0.378364 -0.675278 
0.677338 -0.378859 -0.620160 
0.680011 -0.182601 -0.702078 
0.574649 -0.616484 -0.520921 
0.637773 -0.528105 -0.552732 
-0.056556 0.171654 0.980693 
-0.102860 0.370987 0.913265 
-0.120317 0.177014 0.973658 
-0.034186 0.363690 0.919908 
-0.008104 0.504159 0.856203 
-0.001732 0.783371 0.609319 
-0.071677 0.643782 0.736633 
0.498840 -0.554331 -0.649715 
-0.013095 0.160697 0.984738 
-0.006395 0.329445 0.934815 
0.498895 -0.310477 -0.795665 
0.006219 0.826929 0.550504 
-0.251263 -0.967532 0.002201 
-0.194280 -0.980554 0.001896 
0.003286 0.524597 0.843834 
-0.263478 -0.961448 0.057244 
-0.023179 0.061164 0.997098 
0.000224 0.063362 0.997393 
0.746016 -0.356723 -0.554408 
0.749718 -0.389499 -0.522943 
-0.007824 0.015789 0.999733 
-0.076035 0.072306 0.993410 
0.743476 -0.275421 -0.601072 
-0.228772 0.022250 0.972441 
-0.191610 0.073413 0.977394 
-0.001690 0.942187 0.309233 
-0.128676 0.060623 0.988753 
0.706138 -0.420694 -0.559868 
0.649322 -0.567922 -0.492218 
0.713982 -0.250348 -0.648745 
0.000767 0.687126 0.702956 
0.000573 0.407160 0.900481 
-0.000560 0.429879 0.889947 
0.002431 0.190546 0.978466 
0.000392 0.069268 0.996846 
0.000247 0.184837 0.979535 
0.000075 -0.596769 0.792199 
-0.001039 -0.373607 0.918708 
-0.254873 0.126764 0.956152 
0.000212 0.080062 0.995908 
-0.003417 -0.384913 0.915179 
-0.000832 0.021703 0.999662 
-0.001999 -0.656443 0.732652 
0.003177 -0.656918 0.731949 
-0.001968 -0.399653 0.906582 
0.003489 -0.858567 0.493675 
-0.000401 0.212868 0.974080 
0.002376 0.400618 0.905759 
-0.432619 0.747368 0.481946 
-0.376621 0.828581 0.384638 
0.001375 -0.781534 0.610017 
0.008009 -0.389447 0.909879 
0.003659 -0.659008 0.727805 
-0.000016 -0.382836 0.911936 
-0.008814 0.383231 0.913737 
-0.002710 0.659173 0.728939 
0.000400 -0.775612 0.618132 
-0.004209 -0.991747 -0.004419 
-0.008319 -0.942949 -0.299042 
-0.000534 -0.983403 -0.133893 
-0.011142 -0.954744 0.267685 
0.000073 -0.984762 0.004754 
0.002459 -0.215101 0.973825 
-0.245564 0.968948 0.003596 
0.001022 0.174860 0.982032 
-0.003332 -0.977279 0.167030 
0.277056 -0.921892 -0.207443 
0.404022 -0.898920 0.051278 
0.217233 -0.956608 0.110011 
0.002433 -0.159124 0.983881 
-0.005300 -0.184082 0.980167 
0.070092 -0.975066 -0.129747 
0.159517 -0.880932 -0.414494 
-0.257465 -0.914568 -0.297077 
0.002646 0.988847 0.140330 
0.001058 0.961916 0.259617 
-0.001113 0.991375 0.121872 
-0.000411 -0.986977 -0.099367 
-0.004690 -0.982763 -0.111559 
0.001732 -0.928156 -0.347750 
0.003409 0.956926 0.278006 
-0.000433 -0.984366 -0.097852 
0.001129 -0.976937 0.160152 
0.000338 0.998140 0.054220 
-0.025208 0.016007 -0.999345 
0.000275 -0.961224 0.261426 
-0.002745 -0.964861 0.249665 
0.001190 -0.874021 0.463934 
-0.002833 0.956777 0.278858 
-0.000256 0.864168 0.483229 
-0.003055 -0.985157 0.073565 
-0.003348 -0.945727 -0.284832 
-0.002647 -0.980640 -0.144982 
-0.003041 -0.937407 0.318509 
-0.003990 0.870090 0.471802 
0.004036 -0.956244 0.278401 
0.000123 0.017003 -0.999784 
0.000237 0.001260 -0.999998 
0.001874 0.963029 0.257391 
-0.001260 0.990371 0.130482 
-0.017117 0.965342 0.248919 
0.006900 -0.541220 0.831527 
0.000990 -0.737109 0.663888 
0.002878 -0.865237 0.480087 
0.000314 -0.281209 0.947748 
0.005875 -0.337171 0.933011 
0.372551 -0.925789 0.046763 
0.001122 -0.710561 0.694322 
-0.005902 0.893577 0.425680 
0.139824 -0.987232 0.061623 
0.173307 -0.973155 0.141977 
0.014594 -0.053473 0.997591 
0.057722 -0.206153 0.972431 
-0.000117 -0.018176 0.999733 
-0.000231 -0.078971 0.996154 
0.000018 -0.013354 0.999856 
0.016948 0.062612 0.996870 
0.037759 0.152581 0.985261 
0.012363 0.056299 0.997858 
0.023712 0.093598 0.993650 
0.059333 0.221059 0.968695 
-0.000331 0.018286 0.999752 
0.000057 0.022794 0.999658 
-0.002181 -0.948055 0.306081 
-0.008085 -0.862705 0.484078 
-0.001156 -0.654814 0.732429 
0.002569 -0.865967 0.476687 
0.000327 0.984978 0.166355 
-0.002990 -0.965646 0.240519 
0.004449 -0.958799 0.270283 
0.004197 -0.987884 0.008849 
0.002966 -0.928485 -0.340462 
0.004590 -0.975749 -0.183694 
-0.000463 0.066174 0.997225 
0.000432 0.064995 0.997302 
-0.004755 -0.988725 -0.087922 
0.009072 -0.987165 0.098976 
-0.001286 -0.922547 -0.362653 
-0.434608 0.402261 0.798150 
-0.401568 0.605961 0.674955 
-0.456182 0.564322 0.664861 
-0.008013 -0.974135 0.171739 
0.000316 -0.185295 0.979760 
-0.001125 -0.180669 0.980625 
-0.396529 0.221703 0.886461 
-0.447945 0.277901 0.841774 
-0.000091 0.021000 0.999693 
-0.000652 -0.383975 0.912880 
-0.002681 -0.193472 0.978019 
0.000097 -0.010740 0.999908 
0.000041 -0.001023 0.999999 
0.000177 -0.653168 0.747727 
-0.003788 -0.486934 0.863126 
-0.395029 0.759314 0.501144 
0.001068 -0.823245 0.555639 
0.003038 -0.787195 0.604919 
-0.000040 -0.046207 0.998573 
0.002942 -0.045256 0.998675 
-0.002298 -0.430052 0.893257 
-0.343939 0.791935 0.488028 
-0.308252 0.814623 0.477027 
-0.273414 0.908734 0.301591 
-0.001971 -0.391454 0.909557 
-0.321217 0.671291 0.653446 
-0.259796 0.847735 0.448202 
0.000206 -0.012375 0.999879 
-0.278347 0.722945 0.616300 
-0.308212 0.893118 0.311420 
0.000852 0.964295 0.251404 
-0.000018 0.960446 0.264377 
0.001313 0.990490 0.129291 
-0.001669 0.701586 0.689504 
-0.003965 0.454533 0.879032 
-0.000836 0.669474 0.720938 
0.001330 0.637152 0.748159 
-0.001290 0.861586 0.485497 
-0.000168 0.874713 0.463738 
-0.001570 0.236874 0.967761 
-0.000073 0.267186 0.959681 
0.000095 0.110419 0.992480 
-0.001606 0.107611 0.993150 
0.001378 0.209108 0.974523 
-0.000390 0.430147 0.891591 
-0.000163 0.082555 0.995849 
0.001930 0.393414 0.908968 
0.004101 0.355789 0.924785 
-0.235159 -0.827039 -0.490734 
-0.262249 -0.821089 -0.489465 
-0.249798 -0.634952 -0.713614 
-0.205700 -0.831378 -0.494668 
0.002599 0.180183 0.981021 
0.000608 0.072289 0.996876 
0.000339 0.967222 0.240604 
0.000961 0.877481 0.457873 
-0.000500 0.974849 0.206432 
-0.003414 0.890832 0.431106 
-0.000670 0.968165 0.237633 
0.001724 0.888041 0.435788 
0.000694 0.140244 0.987518 
0.000874 0.037022 0.999021 
-0.000934 0.054746 0.998104 
-0.003623 0.195615 -0.977765 
-0.000531 0.165246 -0.983532 
-0.004838 0.372106 -0.918717 
0.003592 0.349261 -0.927023 
0.004735 0.638972 -0.743949 
0.004248 0.621191 -0.756924 
0.004317 0.168556 -0.982871 
0.000812 0.138165 -0.987958 
0.002319 0.659008 -0.729500 
0.005362 0.863512 -0.481768 
0.004834 0.411080 -0.901664 
0.001322 0.664495 -0.726106 
-0.000349 0.235849 -0.969255 
0.002597 0.204239 -0.976012 
0.172109 -0.982660 -0.005804 
-0.169921 -0.940647 -0.276103 
0.094315 -0.993938 -0.023288 
0.206378 -0.970351 -0.099842 
0.233723 -0.969063 -0.037139 
0.139236 -0.978817 -0.128588 
-0.000161 -0.019856 0.999711 
-0.000075 -0.002709 0.999993 
0.041458 -0.996444 -0.060130 
-0.000058 0.036756 -0.998999 
0.014528 -0.999744 -0.007877 
0.000178 -0.018603 0.999764 
-0.181128 -0.832248 -0.503347 
-0.147390 -0.937740 -0.297614 
-0.104175 -0.977413 -0.172017 
-0.000193 0.007499 -0.999946 
-0.000208 -0.061089 0.997647 
0.089859 -0.975507 -0.185287 
0.000827 -0.070715 0.996946 
0.048532 -0.983887 -0.161207 
-0.000098 0.982114 -0.175340 
0.003615 0.932387 -0.348363 
0.000060 0.939476 -0.326616 
0.003026 0.958685 -0.264276 
0.001088 0.984245 -0.164699 
0.001121 0.987419 -0.149059 
-0.002978 0.991298 -0.119685 
0.000211 0.997821 -0.059485 
0.000421 0.993458 -0.103738 
-0.005091 0.620891 -0.761966 
-0.002187 0.646185 -0.741312 
-0.004074 0.842472 -0.511101 
-0.000235 0.599136 -0.779287 
-0.005579 0.955726 -0.277936 
0.008224 0.861644 -0.485433 
0.001488 0.947853 -0.305794 
0.002168 0.965785 -0.238623 
-0.002444 -0.880128 0.452313 
-0.000224 -0.904181 0.403826 
0.004541 -0.968567 0.235714 
-0.000345 -0.991421 0.121626 
0.001182 -0.992731 0.111975 
0.000800 -0.998717 0.044156 
-0.000987 -0.962825 0.256885 
-0.000761 -0.869025 0.472494 
0.000141 0.021981 0.999635 
-0.000189 0.002076 0.999996 
-0.197003 -0.623668 -0.736698 
-0.170987 -0.628869 -0.739270 
0.000644 0.070039 0.996870 
-0.000262 0.081165 0.996050 
0.000527 -0.988402 0.144586 
0.002441 -0.960855 0.263260 
-0.000018 0.018702 0.999725 
0.014383 -0.991191 -0.119871 
-0.140910 -0.391456 -0.900068 
-0.145157 -0.645922 -0.731205 
0.001850 -0.983648 -0.171487 
0.000097 0.070411 0.996875 
0.000187 0.021506 0.999673 
0.000656 -0.991830 -0.118017 
0.008289 -0.965749 -0.245536 
-0.002182 -0.991488 -0.118515 
0.001475 -0.865062 0.478382 
0.000584 -0.962004 0.257725 
-0.001063 -0.968748 -0.232764 
-0.008000 -0.967460 -0.236642 
0.000847 -0.640298 0.742356 
-0.000943 -0.648493 0.735810 
0.000866 0.028179 0.999417 
0.000019 0.002985 0.999991 
0.001477 0.011000 0.999897 
-0.161848 -0.374269 -0.903576 
0.005172 0.060128 0.997518 
0.005613 0.110558 0.992413 
0.001276 -0.863910 0.478978 
0.385670 -0.908895 -0.127009 
0.522214 -0.807178 -0.237242 
-0.121196 -0.186898 -0.971629 
-0.108308 -0.208456 -0.968684 
0.000284 -0.018490 -0.999740 
0.000115 -0.000791 -0.999998 
0.000952 -0.022724 -0.999552 
-0.095905 -0.949930 -0.281749 
-0.067898 -0.989105 -0.116430 
-0.000760 -0.963166 0.253810 
-0.000898 -0.991551 0.119643 
-0.000141 -0.014264 -0.999813 
0.003975 -0.999979 0.000976 
-0.000061 -0.999998 0.001279 
-0.068867 -0.962272 -0.246730 
-0.000369 -0.067260 -0.996935 
0.001105 -0.076166 -0.996177 
-0.068107 -0.880611 -0.447434 
-0.033199 -0.968817 -0.229088 
0.002201 -0.864288 0.476470 
-0.091461 -0.690869 -0.697362 
-0.057115 -0.695738 -0.694692 
0.000502 -0.991212 0.125021 
0.047073 -0.998236 -0.000607 
-0.000034 -0.019277 0.999725 
-0.000233 -0.003737 0.999988 
-0.000075 -0.024881 0.999580 
-0.118083 -0.671432 -0.713432 
-0.098276 -0.447913 -0.878886 
-0.000409 -0.998399 0.050683 
-0.000486 -0.995347 0.087211 
-0.000042 -0.003120 0.999991 
-0.123723 -0.846018 -0.501309 
-0.000610 -0.968089 0.231907 
-0.004005 -0.860497 0.483125 
-0.000623 -0.066644 0.997176 
-0.000138 -0.021278 0.999693 
-0.001436 -0.958844 0.270339 
-0.125547 -0.929816 -0.334206 
-0.000474 -0.989530 0.137500 
0.000585 -0.069185 0.996993 
0.241028 -0.056570 -0.966595 
0.201257 -0.004287 -0.974132 
0.363817 -0.042096 -0.927081 
-0.000050 -0.015878 0.999808 
0.000010 -0.002612 0.999994 
-0.042211 -0.229543 -0.968633 
-0.070249 -0.270147 -0.956593 
0.002129 -0.055910 0.998062 
-0.021818 -0.095480 -0.994198 
0.212624 -0.149435 -0.961752 
0.120537 -0.045544 -0.990084 
-0.000037 -0.019306 0.999745 
-0.009668 -0.190982 -0.977710 
0.338270 -0.145306 -0.925911 
0.000109 -0.058433 0.997817 
0.102879 -0.478004 0.860128 
0.031242 -0.230472 0.963806 
0.053051 -0.255770 0.958761 
0.169826 -0.674495 0.705338 
0.119741 -0.467985 0.866671 
0.078468 -0.513070 0.841016 
0.041730 -0.599084 0.787587 
0.015928 -0.337490 0.930027 
0.028849 -0.400762 0.907052 
-0.018021 -0.690117 -0.701924 
0.000345 0.991455 0.122603 
0.045399 -0.590146 0.794972 
-0.030405 -0.429724 -0.888794 
0.259863 0.001796 -0.959425 
0.033502 -0.794959 0.590184 
-0.002316 0.992235 0.117757 
-0.000361 0.998328 0.052303 
0.508648 -0.065213 -0.854539 
0.019466 -0.609958 0.778906 
-0.000226 0.996471 0.074215 
0.054990 -0.365295 -0.919863 
0.043211 -0.161103 -0.982975 
0.109171 -0.345353 -0.923334 
-0.001049 0.565877 0.811646 
0.003370 0.798297 0.586892 
0.004195 0.649563 0.746887 
-0.003572 -0.249269 -0.965233 
0.000341 -0.135764 0.987967 
0.001047 -0.154739 0.985497 
0.002184 -0.345896 0.928004 
0.105753 -0.607212 -0.768732 
-0.001209 0.305467 0.944496 
-0.003903 0.347850 0.929330 
-0.001950 -0.188238 0.979405 
0.049031 -0.646819 -0.737433 
0.016604 -0.403879 -0.903265 
-0.004834 0.306112 -0.942567 
-0.004605 0.584669 -0.786847 
-0.004186 0.586845 -0.788683 
-0.002807 0.142242 -0.987835 
-0.001158 0.100038 -0.993163 
-0.006266 -0.355774 0.924515 
-0.002987 -0.628010 0.752889 
-0.002599 -0.635071 0.748589 
0.000729 -0.376409 0.916939 
0.000000 -0.167706 0.983169 
0.000714 -0.361488 0.922633 
-0.000198 -0.162425 0.984114 
-0.000348 -0.368906 0.919299 
-0.000004 -0.171971 0.982372 
-0.000647 -0.376826 0.915412 
0.000893 -0.648023 0.737799 
0.000476 -0.858721 0.490173 
-0.001980 -0.955827 0.281206 
-0.002808 -0.855348 0.494614 
0.000089 -0.342845 0.930888 
0.001296 -0.597923 0.781386 
0.000701 -0.331426 0.934910 
0.000087 -0.956947 0.276603 
-0.003061 -0.949574 0.299057 
-0.006305 -0.958301 0.270490 
-0.002002 -0.878573 0.455279 
0.001146 -0.828634 0.526743 
0.000286 -0.668334 0.718497 
-0.000822 -0.893195 0.428512 
0.006039 -0.960993 0.260780 
-0.004047 0.382332 0.913559 
-0.764066 0.537417 0.337235 
-0.822012 0.333043 0.451554 
-0.773097 0.416946 0.465794 
0.000555 -0.152545 0.985994 
0.000981 -0.140283 0.987976 
0.000621 -0.163384 0.984314 
0.003446 -0.500614 0.845848 
-0.003716 -0.374884 0.917678 
-0.825017 0.439954 0.336432 
-0.814984 0.532396 0.193421 
-0.881911 0.324017 0.326331 
0.004582 -0.229469 0.968791 
0.000060 -0.300270 0.944918 
-0.000211 0.181141 -0.981440 
0.001002 0.070128 -0.996842 
-0.002461 0.579378 0.804397 
-0.866783 0.245182 0.426214 
-0.003742 0.774949 0.616705 
-0.000517 -0.168773 0.983906 
0.035334 0.609184 0.782550 
0.026706 0.384884 0.913298 
0.021725 0.404857 0.904101 
-0.001753 0.591630 -0.787295 
-0.002063 0.823619 -0.541978 
0.014266 -0.180636 -0.980321 
-0.732446 0.642083 0.188168 
0.036253 0.776602 0.618292 
0.055292 0.777790 0.613310 
0.000141 0.147632 -0.986526 
0.000085 0.050197 -0.998273 
-0.000500 0.049732 -0.998286 
0.022374 -0.871041 -0.468052 
0.037990 -0.957323 -0.271744 
0.052329 0.597216 0.790598 
0.001735 0.157338 -0.985108 
0.077222 -0.843940 -0.508140 
0.033178 0.645826 0.750489 
-0.710626 0.693613 0.051868 
-0.665466 0.716223 0.176257 
0.000899 -0.883346 -0.446942 
-0.524214 0.839875 0.109604 
-0.523292 0.830526 0.169380 
0.004174 -0.683266 -0.708199 
0.749095 0.097072 -0.652284 
0.002367 0.342730 -0.931901 
0.706023 0.125686 -0.693411 
0.000629 0.590614 -0.788441 
0.768049 -0.298246 -0.561417 
0.753675 -0.350533 -0.548006 
0.763525 0.050522 -0.642473 
0.000077 0.817545 -0.553531 
0.000252 0.591371 -0.787441 
0.740822 0.217260 -0.631189 
-0.001608 0.940941 -0.323276 
0.000627 0.982705 -0.176692 
0.003718 0.946715 -0.304635 
0.764337 -0.174177 -0.612761 
0.766234 0.176899 -0.613779 
-0.622314 0.714366 0.293671 
0.001581 0.939467 -0.327618 
0.751259 0.270428 -0.594174 
-0.701624 0.619562 0.333270 
-0.001286 0.157245 -0.985035 
-0.718290 0.498585 0.468992 
0.760425 -0.006101 -0.647853 
0.735393 0.107062 -0.662587 
0.728709 -0.088903 -0.673330 
-0.003888 0.366574 -0.922656 
-0.002077 0.609200 -0.773980 
-0.000159 0.610914 -0.773294 
0.763952 0.106748 -0.633436 
-0.000391 0.337832 -0.932810 
0.000096 -0.999998 0.001283 
-0.000970 0.599369 -0.781133 
0.000307 0.830579 -0.532044 
-0.608508 0.765263 0.186609 
-0.556904 0.825576 0.057199 
0.688455 -0.594799 -0.397823 
0.000919 0.068456 -0.996959 
0.090396 0.434414 0.883803 
0.032864 0.194176 0.974413 
0.028745 0.197944 0.971708 
0.656553 -0.658137 -0.349830 
0.733135 -0.470643 -0.480630 
-0.002384 0.176838 -0.981720 
0.158782 0.638000 0.739117 
0.099356 0.403875 0.899697 
0.000185 -0.999993 -0.002311 
0.000287 0.081446 -0.995819 
0.002910 -0.999046 -0.037048 
0.073307 0.493254 0.852734 
0.098017 0.527551 0.831624 
0.006875 0.164210 -0.983788 
0.002640 0.050835 -0.998212 
0.137577 0.688615 0.695218 
0.076702 0.346793 0.928335 
0.000366 0.202215 -0.976816 
-0.000698 -0.993994 -0.099186 
0.058249 0.287569 0.950562 
0.137691 0.988499 0.045283 
0.194974 0.978932 0.014442 
0.071265 0.996479 0.007286 
-0.421175 0.828397 0.351189 
0.000146 -0.999985 -0.003924 
-0.543520 0.457524 0.695969 
-0.552075 0.588607 0.581521 
-0.584136 0.396033 0.700714 
0.025677 0.123398 0.990533 
-0.498497 0.510489 0.687406 
-0.496727 0.660168 0.549608 
0.081472 0.994610 0.052993 
0.000522 0.989007 0.139574 
0.001652 0.960904 0.263180 
0.001454 0.990491 0.130674 
-0.001660 -0.697308 0.699951 
-0.010712 -0.832600 0.539254 
-0.589713 0.537892 0.593094 
-0.000108 0.997731 0.061124 
-0.000995 -0.465666 0.875700 
-0.001095 -0.443770 0.886182 
-0.615647 0.353710 0.697559 
-0.003923 0.962669 0.256651 
-0.001569 0.866870 0.476142 
0.001346 0.959373 0.268938 
0.008034 -0.822707 0.552736 
0.072844 0.272606 0.953719 
0.412632 0.905408 -0.065418 
0.333595 0.937664 -0.051526 
0.296187 0.953420 -0.003458 
-0.635023 0.461637 0.607348 
0.000923 0.970438 0.222658 
0.000744 0.996069 0.078967 
-0.000824 -0.901768 0.397622 
0.480402 0.864913 -0.113842 
0.550377 0.798122 -0.212330 
0.493950 0.844816 -0.168401 
0.024419 0.962609 0.255158 
0.059559 0.878635 0.453985 
0.053070 0.964291 0.245354 
0.005680 0.989605 0.135354 
0.006993 0.959776 0.269559 
-0.573666 0.668590 0.457875 
0.017979 0.872472 0.467071 
0.000219 0.987928 0.147984 
0.386878 0.921151 -0.010799 
0.051550 0.689877 0.702051 
0.372721 0.925555 0.049887 
0.387541 0.916745 0.081583 
0.419162 0.907110 -0.011532 
0.001668 0.989572 0.135059 
0.002318 -0.992098 -0.019142 
0.005688 -0.941798 -0.306605 
-0.530674 0.713422 0.444369 
0.302485 0.950724 0.042347 
-0.001678 0.179462 0.981158 
-0.001015 0.174237 0.982405 
0.001072 -0.985406 -0.037525 
0.014721 -0.963568 0.235551 
-0.000476 0.176524 0.981495 
-0.000840 0.378286 0.915241 
-0.494364 0.741416 0.443317 
-0.000042 0.985178 0.164624 
0.000779 0.066830 0.997166 
0.000085 0.174537 0.981865 
0.000273 0.172551 0.982302 
-0.442987 0.842038 0.291253 
0.019797 0.991388 0.120821 
0.043471 0.990925 0.118353 
0.003859 -0.988611 -0.076618 
-0.000054 -0.935277 -0.330107 
0.003643 -0.970198 0.192897 
-0.000214 0.066891 0.997128 
0.011411 0.007583 -0.999819 
0.022240 0.043860 -0.998276 
0.092366 0.019954 -0.993679 
-0.669422 0.561260 0.469368 
0.003189 0.998240 0.052855 
-0.000270 0.066452 0.997217 
0.004795 0.000207 -0.999966 
0.000500 0.013063 -0.999835 
-0.470625 0.862981 0.159279 
-0.531877 0.782464 0.306712 
-0.440287 0.877181 0.172091 
-0.002068 0.960307 0.265431 
0.069186 0.000310 -0.996024 
-0.002918 -0.730012 0.665977 
-0.007308 -0.517142 0.845331 
0.003002 -0.479173 0.865439 
0.002581 0.864933 0.479621 
-0.620531 0.614894 0.470425 
0.000144 0.647361 0.737070 
-0.671565 0.396279 0.614747 
0.010795 -0.854554 0.503446 
-0.000174 0.989593 0.134245 
-0.058182 0.013163 0.997467 
-0.008489 -0.848167 0.510885 
-0.001560 0.955920 0.278870 
-0.000634 0.074540 0.996529 
0.004514 0.180862 0.980466 
-0.010603 0.001359 0.999856 
-0.560143 0.287327 0.772687 
0.002947 -0.919887 0.353928 
-0.001549 0.949776 0.297642 
-0.000225 0.987897 0.145893 
-0.004003 0.187025 0.979526 
-0.521904 0.297687 0.793495 
-0.001145 0.845207 0.510848 
0.001239 0.430442 0.882613 
-0.489367 0.144361 0.857235 
-0.482091 0.313583 0.810607 
0.429080 0.043595 0.891550 
0.399377 -0.242935 0.871664 
0.568978 -0.115699 0.797813 
-0.000025 0.879731 0.453817 
0.276281 -0.061481 0.950505 
0.000163 0.333932 0.934599 
0.403454 0.316357 0.847801 
0.306343 0.164583 0.930413 
-0.001188 0.985128 0.161994 
0.001105 0.882438 0.451556 
-0.530884 0.149212 0.831604 
0.571670 0.205351 0.776784 
0.000541 0.997321 0.066061 
0.000142 0.304087 0.942824 
0.000151 0.016074 0.999791 
-0.000025 0.002170 0.999995 
0.000027 0.001575 0.999997 
-0.384985 0.269264 -0.875857 
-0.349461 0.256592 -0.894887 
-0.009394 0.952194 0.290476 
-0.491497 0.043893 0.868698 
-0.587468 0.193344 0.780889 
-0.345595 -0.923382 0.144896 
0.004821 0.954615 0.281089 
0.000031 0.018592 0.999724 
-0.348891 -0.910179 0.203638 
-0.314408 0.259066 -0.907137 
-0.348486 0.470953 -0.799341 
-0.295491 0.274936 -0.908767 
0.000171 0.068712 0.996854 
-0.288314 -0.941054 0.157989 
-0.002726 0.987856 0.146285 
0.000407 0.997843 0.058810 
-0.822787 -0.437690 0.345349 
-0.734301 -0.636554 0.203205 
-0.764069 -0.527547 0.352798 
-0.150770 -0.988181 0.010452 
-0.561660 0.495951 -0.649036 
-0.646497 0.488483 -0.565105 
-0.624617 0.651025 -0.409490 
-0.806244 -0.543237 0.196384 
-0.487066 0.310579 -0.809111 
-0.546912 0.294944 -0.773011 
-0.001214 0.032349 0.999230 
0.000323 0.003911 0.999985 
-0.877738 -0.329853 0.331021 
-0.000853 0.024839 0.999555 
-0.535120 -0.820953 0.173937 
-0.510384 -0.854224 0.073849 
-0.208017 -0.975449 0.056632 
-0.502176 0.826882 -0.241792 
-0.001071 0.809130 0.551489 
0.000767 0.031031 0.999313 
-0.507618 -0.755745 0.399047 
-0.532113 -0.641593 0.537338 
-0.580819 -0.573803 0.566035 
-0.258913 -0.949312 0.164871 
-0.531670 0.761553 -0.356041 
-0.440261 -0.823286 0.336177 
-0.552442 0.650738 -0.508482 
-0.423407 -0.869330 0.240679 
-0.582572 0.745784 -0.305812 
-0.219551 -0.962699 0.144446 
-0.565255 -0.691386 0.434193 
0.000992 -0.052632 0.998210 
-0.288546 -0.908118 0.288295 
-0.630753 -0.481869 0.595045 
-0.412008 0.463142 -0.773835 
-0.256947 -0.921643 0.277710 
0.000134 0.014193 0.999852 
-0.619392 -0.620722 0.464404 
-0.451176 0.475339 -0.744851 
-0.198605 -0.965425 0.157963 
0.000193 0.020288 0.999693 
-0.475391 -0.862071 0.149391 
0.014561 -0.118337 0.990681 
-0.155978 -0.985168 0.058027 
-0.501353 0.649639 -0.559125 
0.002317 -0.129049 0.989855 
-0.529496 -0.789670 0.291602 
-0.439442 -0.881556 0.153933 
-0.000060 0.011209 -0.999902 
-0.532926 -0.174029 0.825036 
-0.588555 -0.217159 0.773017 
-0.561199 -0.318422 0.759215 
-0.165992 -0.973619 0.144812 
-0.500135 0.489512 -0.703711 
-0.492779 -0.174496 0.849098 
-0.492971 -0.057593 0.866741 
-0.115323 -0.990550 0.062811 
-0.717131 0.343087 0.596926 
-0.103238 -0.987319 0.110081 
-0.145226 -0.973960 0.164916 
0.000554 -0.701700 -0.690629 
-0.000403 -0.704635 -0.687766 
0.003266 -0.457992 -0.877587 
0.040683 0.564965 0.815704 
0.008845 0.355096 0.926906 
0.096191 0.360288 0.918596 
0.002174 -0.235537 -0.967458 
0.000697 -0.267878 -0.959616 
0.001293 -0.115593 -0.991785 
0.164360 0.573179 0.791095 
0.078558 0.749357 0.644055 
-0.429819 0.299839 -0.845064 
-0.729500 0.158735 0.660690 
-0.688677 0.190943 0.693735 
-0.803427 0.221216 0.545949 
-0.820361 -0.325093 0.460617 
-0.002272 0.569181 0.814259 
-0.065239 -0.996955 0.031203 
-0.041837 -0.996499 0.064004 
-0.002608 -0.221187 -0.971045 
-0.874455 -0.097899 0.470201 
-0.898513 -0.000759 0.433685 
-0.905336 -0.139295 0.392901 
0.009137 0.718770 0.686129 
-0.420693 0.166464 -0.888633 
-0.850090 0.002319 0.523190 
-0.645913 0.080439 0.756600 
-0.591670 0.050926 0.802353 
-0.001017 -0.086746 -0.994976 
-0.864478 -0.243705 0.431731 
-0.001476 -0.232567 -0.968861 
-0.638804 0.226384 0.727345 
-0.072672 -0.992243 0.093257 
-0.388720 0.667192 -0.620549 
-0.376850 0.461780 -0.791834 
0.009605 -0.056043 -0.997779 
-0.726053 -0.149663 0.666803 
-0.715103 -0.334632 0.604767 
-0.015186 -0.997646 0.059883 
-0.524348 -0.003151 0.850599 
-0.547150 -0.077156 0.831475 
0.049097 -0.058727 -0.996315 
-0.000811 -0.998639 0.046406 
-0.773097 -0.402334 0.479086 
-0.006045 -0.991801 0.119546 
-0.035155 -0.989078 0.134674 
-0.545567 0.063366 0.834015 
-0.704540 -0.605646 0.350308 
-0.722983 -0.476568 0.487092 
0.002665 0.618901 -0.773591 
-0.003020 0.362085 -0.919848 
0.003527 0.403300 -0.905203 
-0.000266 -0.061481 0.997571 
0.125985 0.892320 0.408990 
0.303876 0.877548 0.334282 
0.168647 0.966047 0.120147 
-0.800842 -0.208594 0.554619 
0.000183 0.906777 -0.406072 
-0.005159 0.798641 -0.587569 
0.038439 0.966373 0.207794 
0.006155 0.974883 0.183951 
-0.770640 0.005492 0.635655 
-0.808421 -0.055473 0.582795 
-0.767208 -0.103875 0.629361 
-0.728000 -0.029093 0.683457 
-0.736764 0.049332 0.672681 
0.495311 0.805745 -0.277553 
0.366327 0.914825 -0.002070 
0.564384 0.807326 0.010866 
0.000438 -0.064124 0.997356 
-0.772486 0.119348 0.620070 
-0.810055 0.064959 0.579312 
0.312348 0.872470 -0.340656 
0.070217 0.789150 -0.597385 
0.023180 0.625569 -0.769897 
-0.000911 0.798034 -0.589796 
0.003152 0.984236 -0.096342 
0.025695 0.904023 -0.408008 
-0.000701 0.990022 0.012239 
0.071980 -0.290233 0.949197 
0.002477 0.933366 -0.326932 
0.129119 0.905094 -0.379235 
0.010649 -0.068490 0.995573 
0.003088 -0.013363 0.997178 
-0.005275 -0.354311 -0.926300 
-0.000393 -0.199238 -0.977398 
0.001562 -0.383025 -0.914338 
0.005456 0.798014 -0.588322 
0.131125 0.626847 -0.755971 
0.089960 0.398689 -0.898739 
-0.000830 -0.024089 0.999571 
-0.001313 -0.601323 -0.776569 
-0.002102 -0.311917 -0.940619 
0.034926 -0.305132 0.943705 
-0.003901 -0.633139 -0.750550 
0.000215 0.897781 -0.426236 
0.005635 0.785948 -0.604445 
-0.004516 0.789115 -0.600616 
0.229192 0.753808 -0.596173 
-0.002120 -0.086054 0.995451 
-0.000556 -0.074416 0.996579 
-0.003363 -0.146535 -0.986721 
0.030421 -0.346880 0.928315 
-0.003915 0.927534 -0.346808 
0.003488 -0.295941 -0.946567 
0.002595 -0.565032 -0.805198 
0.003411 -0.306046 -0.944501 
0.001911 0.427883 -0.895629 
0.000257 0.402035 -0.906240 
-0.002384 0.620163 -0.774813 
0.000843 -0.103488 -0.992698 
0.003335 0.633519 -0.764252 
0.241317 -0.755147 0.598326 
0.173357 -0.581652 0.785338 
0.234821 -0.695362 0.668235 
0.007136 0.604176 -0.785461 
0.002554 -0.127851 -0.990162 
0.002479 0.205227 -0.969769 
-0.002288 0.458415 -0.881652 
0.292512 -0.832901 0.456988 
0.000207 -0.999994 0.002641 
0.013516 0.409284 -0.901895 
0.184965 -0.639197 0.736722 
-0.000422 -0.573281 -0.798521 
0.232085 -0.800310 0.540422 
0.000313 0.912915 -0.391767 
0.005768 0.810893 -0.571390 
-0.004892 0.808835 -0.574896 
-0.000170 -0.999999 0.000613 
-0.001585 -0.998330 -0.047263 
-0.001094 -0.982472 -0.172238 
-0.001763 -0.991590 -0.117701 
0.262926 -0.901448 0.327986 
0.000171 -0.999965 -0.006025 
0.000083 -0.999974 -0.005051 
-0.000318 -0.999957 -0.006363 
0.003928 0.800469 -0.585855 
0.000120 0.974094 0.173600 
-0.000048 -0.999997 -0.001278 
-0.005554 0.800321 -0.585301 
0.005534 0.802578 -0.582414 
0.286391 -0.869706 0.388125 
0.315775 -0.924403 0.198101 
0.000140 0.933966 -0.326413 
0.001025 -0.988798 -0.139515 
0.002677 -0.962315 -0.256540 
-0.000022 -0.992740 -0.109014 
-0.000321 0.910721 -0.393238 
0.329955 -0.904270 0.258315 
0.000437 0.988544 0.017791 
-0.001160 -0.999528 -0.024040 
-0.007240 0.625157 -0.769421 
-0.001541 -0.952150 -0.293140 
0.001001 -0.998578 -0.045647 
-0.007611 -0.860888 -0.485017 
-0.004035 -0.966276 -0.236922 
0.006557 0.329683 -0.931763 
0.000068 -0.654731 -0.732853 
0.003213 -0.820596 0.556129 
-0.002716 0.600409 -0.787672 
0.003830 -0.866599 -0.478543 
0.006935 -0.127533 0.983487 
0.001356 -0.849616 -0.499348 
0.000790 -0.992677 -0.107852 
-0.001889 -0.995456 -0.085061 
-0.000488 0.929635 -0.345164 
0.004913 -0.398055 0.907490 
-0.005170 0.381723 -0.912462 
0.000053 -0.999297 -0.030024 
0.001255 -0.998133 -0.052385 
0.004135 -0.824307 -0.540546 
0.004057 -0.953681 -0.282452 
-0.001123 -0.934517 -0.342323 
-0.005828 -0.812229 -0.557855 
-0.191247 -0.252024 0.943681 
-0.223386 -0.479734 0.837024 
-0.169671 -0.441223 0.872624 
-0.139070 -0.244401 0.955656 
-0.239193 -0.300263 0.917203 
-0.138289 -0.958357 0.239315 
-0.176657 -0.938179 0.289145 
-0.066790 -0.983316 0.159469 
-0.104559 -0.973104 0.195142 
-0.227618 -0.869095 0.428296 
-0.257794 -0.857937 0.431381 
-0.199664 -0.938258 0.271809 
-0.237211 -0.749070 0.605698 
-0.282081 -0.735327 0.604263 
-0.183817 -0.884189 0.416553 
-0.315323 -0.533597 0.774551 
-0.349717 -0.475697 0.796432 
-0.316164 -0.701832 0.624036 
-0.314393 -0.306998 0.892585 
-0.279542 -0.594530 0.745392 
-0.281482 -0.388851 0.870605 
0.002525 -0.055678 0.991852 
0.002585 0.149394 0.980698 
0.000557 0.925792 -0.348982 
0.003229 0.977090 -0.173179 
0.044120 0.981768 -0.116099 
-0.243841 -0.543609 0.791413 
0.017201 -0.808686 0.571746 
-0.000281 0.980068 -0.150217 
0.001250 0.989070 -0.012085 
0.019821 -0.105568 0.991584 
0.011488 0.875458 0.463429 
-0.001271 -0.975788 0.181597 
0.003721 -0.915940 0.380554 
-0.004887 -0.909160 0.396407 
0.005060 0.977764 0.154619 
0.038739 -0.170011 0.981099 
-0.000656 -0.992681 -0.110531 
-0.002361 -0.967462 -0.237598 
-0.000528 -0.982541 0.134618 
0.007607 0.895889 0.424932 
0.004371 0.030751 0.998140 
0.000991 -0.969496 -0.229491 
-0.001133 -0.986050 0.115431 
0.710644 -0.318436 -0.618039 
0.671659 -0.212032 -0.704015 
0.000253 0.137997 0.981127 
-0.002223 0.173249 0.975268 
0.001632 0.970303 0.205830 
-0.001682 -0.113682 0.984306 
0.584986 -0.185163 -0.785180 
0.007120 0.050986 0.997492 
-0.003408 0.904351 0.408222 
-0.003127 -0.450977 -0.881058 
-0.002173 0.090240 0.986214 
-0.003885 0.909980 0.398192 
0.465468 -0.147247 -0.868735 
-0.000429 -0.693205 -0.698481 
-0.000860 -0.420933 -0.894698 
-0.002022 -0.120643 0.985782 
-0.002833 0.143147 0.982112 
0.000620 0.932388 -0.337442 
-0.001974 -0.142258 0.981729 
0.618090 -0.672391 -0.388554 
0.704782 -0.465925 -0.523009 
0.657926 -0.615777 -0.416137 
0.007566 -0.433016 0.891818 
-0.000944 -0.178249 0.973334 
-0.006211 0.091418 0.986334 
0.011461 0.163627 0.977539 
0.002207 0.137800 0.976787 
0.005650 -0.116535 0.984593 
0.005209 -0.193872 0.971507 
0.004891 0.645873 -0.754128 
0.004426 0.423303 -0.895652 
0.000343 0.483947 -0.867645 
-0.002675 0.178394 -0.974441 
-0.001074 -0.073857 -0.987864 
-0.004097 -0.115448 -0.982655 
-0.000744 0.429672 -0.893877 
-0.001167 0.431424 -0.893321 
-0.000085 0.636061 -0.761956 
-0.001021 0.640942 -0.758080 
0.004227 0.800972 -0.586490 
-0.000097 0.448981 -0.885224 
-0.002792 0.202986 -0.970841 
0.003974 -0.018696 -0.991591 
-0.004369 0.800551 -0.586874 
0.003087 0.639331 -0.759767 
0.005773 0.801059 -0.585792 
0.000591 0.927713 -0.349877 
0.001256 0.908307 -0.403432 
-0.004711 0.804907 -0.581307 
0.005169 0.807092 -0.578005 
-0.002959 0.803977 -0.581538 
0.000216 0.909861 -0.396974 
-0.002940 0.651183 -0.750217 
-0.000211 0.903982 -0.412697 
-0.001425 0.979844 -0.153080 
0.002753 0.926872 -0.355105 
0.004900 0.917966 0.373591 
-0.004888 0.925516 0.361692 
0.006572 0.983421 0.130490 
-0.001832 0.985193 0.107989 
-0.005546 0.907727 0.397203 
0.006016 0.898007 0.419401 
0.000831 0.973193 0.190559 
-0.005810 0.879129 0.456229 
-0.001925 0.894446 0.435434 
0.000010 0.930784 -0.343568 
0.001026 0.909923 -0.396940 
0.001019 0.983765 -0.115125 
0.003157 0.979095 0.145561 
0.003786 0.803604 -0.578929 
0.009442 0.942274 -0.295986 
0.000119 0.913671 -0.387413 
0.550088 -0.738434 -0.373127 
0.659220 -0.538211 -0.511657 
0.000549 -0.396287 -0.906593 
0.002490 -0.185708 -0.979532 
0.001595 -0.673551 -0.716487 
-0.000345 -0.191141 -0.978023 
0.000499 -0.878269 -0.456351 
-0.000789 -0.886255 -0.441478 
-0.000051 -1.000000 0.000363 
-0.000036 -0.999902 0.010835 
0.000048 -0.999907 0.009811 
0.000143 -0.999995 0.002066 
0.000292 -0.999985 -0.003847 
-0.000021 -0.999999 0.000978 
-0.001124 -0.999439 -0.026989 
-0.002313 -0.992531 -0.108745 
0.000987 -0.996242 -0.078902 
0.001589 -0.998836 -0.038771 
-0.000243 -0.988922 -0.133819 
0.002498 -0.987170 -0.145611 
0.000881 -0.289274 -0.949355 
-0.003104 -0.108133 -0.992366 
-0.005227 -0.297330 -0.947193 
-0.001652 -0.553028 -0.814082 
0.001243 -0.558378 -0.810460 
0.001903 -0.307422 -0.943669 
0.001809 -0.119988 -0.990969 
0.007008 -0.802987 -0.572470 
-0.000580 -0.943512 -0.308199 
0.001788 -0.924225 -0.367290 
-0.006410 -0.798834 -0.577483 
-0.001529 -0.806541 -0.570271 
0.001801 -0.573221 -0.801513 
0.002453 -0.308404 -0.944056 
0.002242 -0.133632 -0.989372 
0.002252 -0.298297 -0.946361 
-0.001679 -0.151953 -0.986881 
0.000583 -0.560150 -0.809702 
0.001764 -0.564513 -0.805964 
-0.000878 -0.808579 -0.562688 
-0.002584 -0.940099 -0.320528 
0.000341 -0.943596 -0.309380 
0.001788 -0.805999 -0.566718 
-0.001435 -0.562238 -0.807430 
-0.003642 -0.803160 -0.572439 
-0.000051 -0.006307 -0.999962 
0.000036 -0.031828 -0.999239 
0.000447 -0.056960 -0.997926 
-0.000720 -0.026700 -0.999473 
0.000200 -0.000376 -1.000000 
-0.000802 -0.052982 -0.998178 
0.000491 -0.041399 -0.998847 
0.000884 -0.018311 -0.999703 
0.000187 -0.004268 -0.999980 
0.000948 -0.078403 -0.996115 
-0.000179 -0.037328 -0.998985 
-0.004633 -0.301082 -0.945707 
-0.000934 -0.148795 -0.987285 
-0.000079 -0.563575 -0.807073 
-0.000683 -0.110911 -0.991949 
0.000845 0.323455 -0.936016 
0.002291 0.606301 -0.768110 
0.000609 0.305736 -0.942131 
-0.000416 0.119853 -0.990794 
0.000288 0.851511 -0.493132 
0.000108 0.964327 -0.244300 
-0.003848 0.843153 -0.506001 
0.000129 0.592825 -0.778535 
0.001753 0.857077 -0.485958 
0.002759 0.964999 -0.243463 
0.000403 0.295645 -0.945542 
-0.000174 0.112049 -0.992006 
-0.000698 0.033119 -0.999197 
-0.000147 0.005344 -0.999973 
0.000498 0.985002 -0.099373 
0.500743 -0.818772 -0.263669 
0.001361 0.458102 -0.880500 
0.000574 0.034473 -0.999210 
-0.001746 -0.183505 0.976576 
0.197099 -0.326439 -0.917004 
0.111073 -0.153646 -0.978469 
0.000300 0.630674 -0.765520 
0.309211 -0.308337 -0.892558 
-0.000300 -0.004439 -0.999981 
-0.000948 0.981199 0.145689 
0.273244 -0.524656 -0.794448 
0.175942 -0.568111 -0.788996 
0.001607 0.981259 0.131639 
0.306794 -0.940442 -0.125083 
0.425316 -0.869172 -0.236423 
0.133915 -0.804783 -0.556626 
0.086603 -0.939748 -0.316506 
0.214228 -0.757513 -0.597463 
0.146197 -0.911427 -0.370156 
0.248788 -0.914975 -0.298934 
0.270276 -0.929052 -0.231688 
0.162871 -0.948288 -0.259293 
0.340334 -0.911309 -0.213579 
0.000185 -0.987468 -0.112119 
-0.000971 -0.935902 -0.331589 
0.002211 -0.985443 -0.113613 
-0.001160 -0.985121 -0.109009 
0.004647 -0.991719 0.007777 
0.006938 -0.945880 -0.290816 
0.011595 -0.952542 0.274344 
0.000769 -0.975718 0.179158 
-0.000130 -0.987220 -0.101096 
-0.000982 -0.928725 -0.346008 
-0.000867 -0.984643 -0.103981 
-0.000858 -0.979160 0.152117 
0.000145 -0.987218 -0.107303 
-0.001241 -0.931665 -0.340599 
-0.006017 0.989832 -0.049936 
-0.758563 -0.271599 0.584521 
-0.685875 -0.055279 0.723633 
-0.840102 -0.145468 0.516497 
-0.761049 0.286977 0.573726 
-0.841721 0.152139 0.511949 
-0.875435 0.099603 0.467913 
-0.582714 -0.739911 0.314767 
-0.670802 -0.549225 0.483146 
-0.643238 -0.676757 0.337518 
-0.385188 -0.911741 0.123862 
-0.000126 0.000570 -0.999999 
0.019713 0.438216 0.885439 
0.286388 0.480109 -0.809313 
-0.001510 0.473053 0.868225 
-0.006170 0.854733 0.497626 
0.726562 0.617108 0.216142 
0.491909 0.809361 0.276414 
-0.575447 0.747620 0.311524 
0.697476 0.670689 -0.170241 
-0.005427 -0.898715 0.418824 
0.004535 -0.904603 0.406055 
0.774416 0.475590 -0.376635 
0.604279 0.608860 -0.485021 
0.030431 0.843091 0.519524 
-0.000357 -0.971629 0.199829 
0.004089 0.088922 0.987604 
0.003422 -0.889600 0.436606 
-0.000082 -0.998109 -0.050323 
0.000698 -0.188767 0.971511 
0.878720 0.407333 -0.076625 
0.870304 0.181119 -0.404716 
0.000168 -0.981158 -0.179069 
-0.000287 -0.999973 -0.004953 
-0.001255 -0.179619 0.971189 
0.004130 -0.787670 -0.600941 
0.000169 -0.906202 -0.402152 
-0.003812 -0.787815 -0.600900 
0.003826 -0.796151 -0.582865 
-0.001388 -0.920840 -0.375898 
0.003405 -0.935770 -0.333537 
-0.000987 -0.979409 -0.191239 
-0.002473 -0.836886 -0.526418 
0.003225 -0.621502 -0.766024 
0.004906 -0.822504 -0.549661 
-0.000551 -0.931900 -0.350957 
0.001369 -0.953711 -0.283389 
0.001141 -0.997281 -0.063750 
0.001657 -0.985594 -0.155122 
0.000247 -0.980933 -0.182760 
0.001064 -0.335488 -0.934517 
0.001641 -0.145086 -0.987285 
0.003954 -0.362664 -0.924696 
0.001875 -0.175474 -0.982214 
0.002004 -0.591211 -0.789375 
-0.003675 -0.372744 -0.919806 
-0.001048 -0.206980 -0.975795 
-0.000576 -0.172210 -0.981725 
0.001951 -0.606923 -0.777873 
-0.460775 -0.391084 0.789704 
-0.431099 -0.602561 0.658991 
-0.420954 -0.419564 0.795833 
-0.468560 -0.564225 0.668123 
-0.456824 -0.205364 0.861777 
-0.492773 -0.352633 0.788404 
-0.001164 -0.937101 -0.331396 
0.001827 -0.816968 -0.555455 
0.002933 -0.938804 -0.327794 
-0.000007 -0.001712 -0.999997 
-0.000050 0.000010 -1.000000 
0.520381 0.067998 -0.847978 
0.388800 0.049028 -0.916453 
-0.241125 0.144663 -0.956876 
-0.469692 -0.881254 -0.019383 
-0.493339 -0.853917 -0.143260 
-0.559341 -0.823010 0.064833 
-0.541447 -0.838407 -0.029449 
-0.175211 -0.983064 -0.039373 
-0.462731 0.885213 -0.006166 
-0.386003 0.907304 0.145925 
0.001172 0.140502 0.981420 
0.404715 0.170239 -0.880736 
0.201644 0.133310 -0.952555 
-0.001225 -0.914376 -0.386956 
-0.006177 -0.808111 -0.575983 
0.500242 0.439592 -0.726696 
-0.481881 0.867017 -0.109557 
0.002972 -0.817029 -0.564102 
0.697740 0.336804 -0.609680 
-0.001538 -0.440294 -0.889030 
-0.001402 -0.634365 -0.762761 
-0.001378 -0.406495 -0.904150 
-0.002246 0.752646 0.646965 
-0.691580 0.043770 0.719081 
-0.002370 -0.654946 -0.746268 
-0.527745 0.847120 -0.031540 
0.406524 0.716428 0.546107 
-0.001552 0.765918 0.629540 
0.234091 0.752248 0.598431 
-0.453666 0.154504 0.875166 
0.172814 0.141126 0.966504 
0.120933 -0.114840 0.976533 
0.002513 0.361191 0.924334 
0.014235 -0.159875 0.978098 
0.002022 -0.891285 0.438501 
-0.010030 -0.428411 -0.891530 
-0.006354 0.099421 0.984661 
-0.005715 -0.223037 0.961473 
-0.003561 -0.929127 0.350168 
-0.000112 0.358709 0.924806 
0.000423 0.112367 0.984639 
0.329031 0.553322 0.752485 
-0.002000 0.108788 0.984980 
-0.098401 -0.866498 -0.469662 
0.243734 0.364012 0.890324 
-0.097569 0.021223 -0.994709 
-0.132505 0.090929 -0.985711 
-0.117369 0.102478 -0.986381 
-0.000052 -0.000437 -0.999999 
0.008032 0.035396 0.998589 
0.056026 0.177990 0.978397 
0.050252 0.187610 0.975800 
0.000099 -0.016999 0.999784 
-0.068898 -0.451063 -0.879137 
-0.000789 0.373211 0.919181 
0.044367 0.115427 0.983423 
-0.003273 -0.483310 -0.867781 
0.028484 0.304200 0.943697 
0.036521 0.394815 0.910183 
0.070939 0.770507 0.618045 
0.037563 0.911342 0.388709 
0.019614 0.963517 0.232498 
0.030552 0.985241 0.126831 
0.741688 0.295216 -0.593380 
0.701334 0.446269 -0.545684 
0.712758 0.277479 -0.638800 
0.711338 0.491467 -0.490828 
0.747846 0.361487 -0.549203 
0.761994 0.208688 -0.609982 
-0.003161 -0.674600 -0.730020 
0.591877 0.734011 -0.306201 
0.636236 0.677500 -0.343665 
0.707847 0.498963 -0.481752 
0.665065 0.513831 -0.528918 
0.583616 0.636916 -0.487995 
0.562398 0.724564 -0.380156 
0.644635 0.415571 -0.631579 
0.474562 0.807293 -0.336785 
0.431874 0.865698 -0.236247 
0.344472 0.909901 -0.214312 
0.510762 0.808282 -0.269733 
0.313559 0.937866 -0.128103 
0.456197 0.868728 -0.165041 
0.704061 0.297665 -0.637160 
0.722892 0.393928 -0.558459 
0.754472 0.330054 -0.561672 
0.657793 0.209687 -0.718140 
0.603752 0.328769 -0.719100 
0.036872 0.155247 0.984712 
0.048638 0.193026 0.974713 
0.000869 -0.529715 -0.842468 
-0.003565 0.990078 -0.072273 
0.161328 0.537992 0.817566 
0.232716 0.729337 0.631085 
0.225992 0.668106 0.697807 
-0.002676 -0.817171 -0.559826 
0.003780 -0.812220 -0.566586 
0.000478 -0.927533 -0.344671 
0.110398 0.741220 0.643306 
0.009817 -0.828076 -0.545087 
0.003361 -0.649327 -0.749304 
-0.005198 -0.810211 -0.570178 
-0.000994 0.980646 -0.146038 
-0.007507 0.973129 0.175369 
0.118639 0.909081 0.370606 
0.224867 0.925957 0.281693 
0.281901 0.944394 0.148376 
0.261460 0.894429 0.346003 
-0.000153 0.751487 0.648806 
-0.002008 0.444716 -0.886973 
-0.000146 0.462875 -0.878301 
0.001882 0.645822 -0.754438 
0.202123 0.823642 0.513837 
0.005109 0.988028 0.044429 
0.024616 0.990787 -0.048808 
-0.003519 0.452758 -0.884132 
0.000935 0.645109 -0.754315 
0.004965 0.439921 -0.889994 
-0.001858 -0.908238 -0.403165 
-0.000109 0.771896 0.624052 
-0.000173 0.647110 -0.752717 
0.225723 0.778922 0.571105 
-0.010945 -0.994352 -0.094000 
0.282539 0.859587 0.411105 
-0.029815 -0.883616 -0.444017 
0.171912 0.594176 0.774884 
0.011341 0.914658 0.372868 
0.000193 -0.896194 -0.430166 
-0.001470 0.422768 0.898184 
0.001479 0.136525 0.978046 
0.005556 0.184507 -0.973506 
0.958735 -0.018089 -0.058084 
-0.002248 0.120552 -0.983870 
0.003944 -0.789404 -0.600133 
-0.004658 -0.796522 -0.591330 
0.640735 0.674326 -0.349275 
0.540687 0.813611 -0.191647 
0.584340 0.761030 -0.265599 
0.884998 0.222700 0.305478 
0.111103 0.400921 0.902437 
0.604263 0.737352 -0.277104 
0.000606 -0.311112 -0.941532 
-0.005381 -0.783097 -0.608182 
0.004672 -0.790464 -0.598672 
0.658136 0.625796 -0.404639 
0.005854 -0.466983 -0.875365 
0.002414 -0.593778 -0.792214 
0.523000 -0.423704 0.721372 
0.000875 -0.178506 -0.972615 
0.091228 0.325643 0.935835 
0.701616 0.552280 -0.435731 
0.502163 0.490347 0.696335 
0.002562 0.027628 -0.986529 
-0.005141 -0.599132 -0.788825 
0.766571 0.242193 -0.589879 
-0.158131 -0.832635 -0.513995 
0.064644 0.251244 0.960754 
-0.001450 -0.321097 -0.935266 
0.770157 0.154932 -0.615970 
-0.002679 0.184704 -0.971083 
0.756704 0.032355 0.617395 
0.579245 0.637993 0.479665 
0.147053 0.464534 0.864198 
-0.006575 -0.404732 -0.905368 
0.359743 0.900524 0.230440 
0.366048 0.914019 0.156422 
-0.004432 -0.627694 -0.769374 
0.384951 0.921133 0.014525 
0.336032 0.937977 0.065806 
0.352289 0.931015 -0.058290 
0.229420 0.966334 0.078156 
0.295475 0.954021 0.027015 
0.454771 0.879862 -0.105806 
0.860913 -0.192257 -0.417777 
0.731961 0.008371 -0.655630 
-0.002352 -0.144814 -0.978477 
0.001469 -0.107651 -0.984042 
-0.120413 -0.419270 -0.889900 
-0.086688 -0.237758 -0.963809 
0.181552 0.949229 0.238446 
-0.003292 -0.140420 -0.982576 
0.153938 0.976616 0.105158 
0.585490 0.178209 -0.775069 
-0.005770 -0.410967 -0.901257 
-0.000288 -0.235614 -0.963003 
0.428755 0.890142 -0.128845 
0.205254 0.970844 -0.076535 
-0.001618 -0.441733 -0.887811 
0.004510 -0.629875 -0.767616 
0.351186 0.926045 0.122704 
0.003758 -0.402056 -0.904370 
0.000036 -0.470280 -0.876486 
0.004084 -0.648453 -0.749844 
-0.002035 -0.342654 -0.925474 
0.171709 0.982901 -0.003443 
0.239897 0.967930 -0.043828 
0.344087 -0.857663 0.348526 
0.266677 -0.739203 0.601196 
0.171048 -0.889414 0.399436 
-0.007706 -0.626234 -0.766841 
0.005728 -0.411395 -0.902910 
0.119928 0.990977 -0.029371 
0.049269 0.998117 -0.002876 
0.007820 0.982398 -0.174350 
-0.001416 0.989622 -0.129986 
0.005494 0.997930 -0.054866 
-0.002881 0.946849 -0.304118 
0.007510 0.934814 -0.342893 
0.003684 0.988725 -0.136804 
0.000577 0.951707 -0.288388 
-0.001527 0.832742 -0.529184 
-0.002646 0.826344 -0.541580 
0.006178 0.825174 -0.538045 
0.000595 0.580271 -0.794545 
-0.002662 0.811403 -0.562074 
0.194388 0.958781 -0.148352 
-0.000052 0.992219 -0.115085 
0.002358 0.994200 -0.095104 
-0.001871 0.964742 -0.245195 
-0.001715 0.993196 -0.103515 
-0.004392 0.958880 -0.265101 
-0.098916 0.847080 -0.504792 
-0.099537 0.673125 -0.716828 
-0.123088 0.665734 -0.721638 
-0.071278 0.954656 -0.272293 
-0.083013 0.856041 -0.490457 
-0.134490 0.831059 -0.525927 
-0.104383 0.926084 -0.352866 
0.329986 0.601897 -0.697714 
0.071982 0.975502 0.164019 
0.003543 -0.623571 -0.768154 
0.006519 -0.793331 -0.594831 
0.125146 0.982956 -0.076132 
0.000233 -0.906563 -0.403485 
0.449874 -0.677645 0.558810 
0.656044 -0.556531 0.474631 
0.004693 -0.603753 -0.785379 
0.534328 -0.778019 0.287569 
-0.038623 -0.991875 -0.109621 
0.390381 -0.496178 -0.762495 
0.051903 0.989179 -0.078568 
0.000714 0.402427 -0.906377 
0.000125 0.620148 -0.773747 
0.000469 0.399221 -0.907500 
-0.004631 -0.959248 0.235986 
0.734440 -0.629653 0.152815 
0.870327 -0.422829 -0.094524 
0.867177 -0.270463 0.327451 
-0.000120 0.621119 -0.773008 
0.343515 -0.517355 0.768990 
-0.001190 0.402364 -0.906284 
-0.001970 -0.871500 0.470144 
-0.000036 -0.900754 0.417418 
0.585645 0.162194 -0.784504 
0.660487 0.007941 -0.745126 
0.680335 0.208180 -0.693640 
0.120072 0.419574 0.888980 
-0.000614 0.622367 -0.771856 
0.199186 0.605298 0.761393 
0.229659 -0.325081 0.906292 
0.561495 0.008538 -0.823852 
-0.004181 0.397728 -0.907041 
0.272358 0.769836 0.564796 
-0.002004 0.105009 -0.982274 
-0.006507 0.152468 -0.979881 
0.332259 -0.167649 -0.910199 
0.587560 -0.136947 -0.788993 
0.074150 -0.509557 -0.844846 
0.028716 -0.704601 -0.699806 
0.004575 -0.536722 -0.836827 
0.112408 0.358951 0.920464 
0.365890 -0.844202 -0.379194 
0.002479 -0.133892 -0.981249 
-0.000218 -0.381610 -0.914573 
0.136998 -0.722294 -0.660770 
0.041823 -0.865488 -0.478152 
0.131491 0.377679 0.905056 
0.001028 -0.113910 -0.984456 
0.190469 0.551992 0.803166 
0.001635 0.145389 -0.980137 
0.247668 -0.491911 -0.814801 
0.538620 -0.109658 -0.817212 
0.001507 0.154284 -0.979503 
0.668460 -0.329800 -0.640634 
0.756107 -0.486386 -0.398990 
0.000479 -0.984165 -0.164921 
0.222159 0.696227 0.670845 
0.254715 0.729386 0.625086 
-0.002129 -0.158915 0.977867 
-0.000989 -0.146404 0.980654 
0.000193 -0.816865 -0.565923 
-0.007816 -0.674690 -0.729056 
0.000173 -0.447704 -0.883080 
0.074316 -0.966099 0.199204 
-0.000186 -0.923977 -0.358723 
-0.005400 -0.821279 -0.556521 
0.004523 -0.815422 -0.564389 
0.001746 -0.821775 -0.557437 
0.003717 -0.666083 -0.736264 
-0.007422 -0.811348 -0.569035 
0.003032 -0.641098 -0.756618 
-0.000110 -0.947863 -0.297745 
-0.001096 -0.499695 -0.859600 
-0.004200 -0.130868 -0.982931 
-0.006005 -0.653912 -0.745887 
0.225925 0.359976 -0.895577 
0.021583 0.201718 0.975259 
0.043051 0.246495 0.963922 
0.059993 0.442768 0.881685 
0.016775 0.108077 0.993010 
-0.000848 -0.361841 -0.922244 
0.038416 0.076166 -0.982120 
-0.000969 -0.602987 -0.786387 
0.005587 -0.123580 -0.981342 
0.002191 -0.927120 -0.360037 
0.005246 -0.265063 -0.956719 
0.001424 -0.332283 -0.932357 
-0.097411 -0.687203 0.701775 
-0.123291 -0.448876 0.875499 
-0.140971 -0.664218 0.719434 
-0.106101 -0.854814 0.490543 
-0.005463 0.650191 0.733064 
-0.002205 -0.593141 -0.792861 
-0.057955 -0.875186 0.461351 
-0.024810 -0.963698 0.251824 
-0.011083 -0.883674 0.447668 
0.006108 -0.806793 -0.565666 
-0.066504 -0.954671 0.276829 
0.585136 0.161290 -0.791281 
0.018329 -0.292593 -0.945571 
0.479568 0.142579 -0.863019 
-0.070229 -0.462201 0.874344 
-0.011896 -0.451512 0.881541 
-0.035351 -0.274087 0.956568 
0.007091 0.638820 0.743370 
-0.087425 -0.252690 0.959204 
0.315242 -0.701043 -0.622673 
0.232212 -0.868135 -0.426970 
0.144106 0.816933 -0.535728 
0.083102 0.945841 -0.297595 
0.147301 0.922546 -0.339777 
-0.050619 0.951646 -0.287992 
0.128675 -0.214717 -0.952221 
-0.002884 -0.895336 0.431333 
-0.036217 -0.698315 0.693924 
0.000016 -0.693678 0.697567 
-0.095919 0.972450 -0.202042 
-0.062983 0.989664 -0.116982 
0.085104 0.831488 -0.524394 
-0.129888 0.927270 -0.340068 
0.006387 -0.188307 0.970273 
0.140827 0.980456 -0.118049 
0.266587 0.938058 -0.204758 
0.232422 0.931281 -0.265642 
0.568748 -0.382809 -0.719128 
0.593475 -0.513648 -0.611336 
0.507766 -0.597579 -0.607589 
0.161992 0.956589 -0.230353 
0.084813 0.980874 -0.159122 
0.575754 -0.802089 0.008066 
0.025352 0.149338 -0.985821 
0.481364 -0.448410 -0.745193 
0.518747 -0.274700 -0.805269 
0.069912 0.097461 -0.991594 
0.218275 0.967835 -0.103339 
0.684790 -0.679720 -0.194413 
0.023286 0.347148 -0.928123 
0.011756 0.604976 -0.778192 
0.059324 0.608322 -0.772986 
-0.000968 0.120580 -0.990655 
-0.002239 0.130130 -0.989495 
0.000572 0.147058 -0.986827 
0.000191 0.323156 -0.937606 
-0.000562 0.576214 -0.797651 
-0.003156 0.947443 -0.301588 
0.002984 0.140126 -0.987694 
0.000107 0.313965 -0.940509 
0.001460 0.588278 -0.788749 
0.000425 0.185253 -0.980409 
0.002360 0.604083 -0.777356 
0.001068 0.828503 -0.533910 
-0.279334 0.314876 -0.902138 
-0.195023 0.227873 -0.949954 
-0.167257 0.223197 -0.956535 
-0.157237 0.108975 -0.980406 
-0.244499 0.266708 -0.926759 
-0.217136 0.235583 -0.942471 
-0.237918 0.432527 -0.859538 
-0.292175 0.482249 -0.815831 
-0.326294 0.485468 -0.801190 
-0.270927 0.923753 -0.257629 
-0.241309 0.926473 -0.276833 
-0.302462 0.918380 -0.240578 
-0.279048 0.839560 -0.449602 
-0.246455 0.847610 -0.447854 
-0.266439 0.669876 -0.675604 
0.472216 -0.805344 -0.343392 
0.000624 0.996268 -0.077892 
-0.299057 0.680517 -0.653074 
0.632361 -0.327791 -0.695006 
-0.000626 -0.095263 0.984700 
-0.328987 0.685342 -0.634694 
0.000308 0.125225 0.981968 
-0.000899 -0.158339 0.980405 
0.002964 0.834002 -0.526805 
-0.359290 0.678963 -0.625275 
-0.339340 0.832842 -0.420486 
0.000893 0.952281 -0.286618 
0.325007 -0.814161 -0.470207 
0.420651 -0.652736 -0.616173 
-0.006196 0.835040 -0.529338 
0.001656 0.948558 -0.300191 
-0.335176 0.909673 -0.229047 
0.314660 0.837250 0.430348 
0.331241 0.873138 0.343173 
-0.000493 0.614320 -0.770041 
0.454022 -0.442011 -0.749365 
0.710227 -0.535450 -0.446549 
-0.003421 0.279370 0.950566 
0.392794 -0.854096 -0.327818 
0.500677 -0.713275 -0.475387 
0.726574 -0.437016 -0.521417 
-0.372083 0.821268 -0.416287 
-0.001570 0.989541 -0.131406 
0.567823 -0.628150 -0.499021 
-0.000629 0.317521 0.942226 
0.005277 0.233213 0.963110 
0.000732 0.989459 -0.132143 
0.385140 -0.806482 -0.428203 
0.475755 -0.824552 -0.253910 
0.314805 0.921476 0.210691 
0.005627 -0.051667 0.988966 
0.623633 -0.699381 -0.333217 
-0.010477 0.366964 -0.921453 
-0.022221 0.182992 -0.979549 
-0.046004 0.398441 -0.906694 
0.287678 0.819234 0.482284 
-0.028609 0.629872 -0.756807 
-0.002100 0.358418 -0.925465 
-0.004024 0.170785 -0.982551 
-0.125331 0.440702 -0.880152 
-0.106440 0.456645 -0.875048 
-0.096915 0.266773 -0.955620 
-0.114243 0.241665 -0.960045 
-0.149205 0.651197 -0.729445 
-0.146473 0.421816 -0.886131 
-0.129216 0.225538 -0.962172 
-0.077968 0.441953 -0.884951 
-0.055177 0.230769 -0.967787 
-0.082883 0.289152 -0.950681 
-0.073173 0.657800 -0.731358 
-0.050260 0.845189 -0.512297 
-0.019531 0.938191 -0.333929 
-0.013149 0.982797 -0.172796 
-0.008499 0.997799 -0.056387 
-0.038974 0.998221 -0.033576 
-0.037922 0.989569 -0.125250 
-0.090049 0.991317 -0.084052 
-0.119287 0.970348 -0.199940 
-0.136997 0.974870 -0.162391 
-0.207275 0.951907 -0.205368 
-0.208237 0.909977 -0.342814 
-0.169570 0.970324 -0.155896 
-0.158857 0.826681 -0.524636 
-0.172143 0.640276 -0.733110 
-0.153312 0.928050 -0.325931 
-0.181481 0.822325 -0.523102 
-0.312099 0.487143 0.804366 
-0.280454 0.317502 0.899389 
-0.278195 0.553542 0.773229 
-0.350672 0.435042 0.818852 
-0.310384 0.250153 0.911487 
-0.226384 0.217084 0.946023 
-0.249796 0.401313 0.875221 
0.000192 0.983208 -0.172365 
-0.000413 0.981116 -0.185333 
-0.000087 0.995725 -0.083704 
0.000283 0.999612 -0.021072 
-0.002336 0.986880 -0.150066 
-0.001529 0.950716 -0.293168 
-0.000921 0.988416 -0.141648 
-0.003190 0.943280 -0.315527 
-0.004337 0.832060 -0.525268 
0.003126 0.861661 -0.480819 
0.003052 0.962849 -0.252370 
0.000118 0.990651 -0.123163 
-0.002246 0.993536 -0.100776 
0.000013 0.954645 -0.283863 
-0.000265 0.999089 -0.036645 
0.340787 -0.741907 -0.545484 
0.701469 0.397486 0.556366 
0.698591 -0.286686 0.628571 
0.002366 0.594739 0.795450 
0.000100 0.987793 -0.099064 
-0.001757 0.943487 0.317165 
0.001310 0.987073 -0.101760 
0.408256 0.692455 -0.568904 
0.001369 0.997404 0.065428 
-0.002440 0.992333 0.114992 
0.000342 0.998851 0.043124 
-0.000969 0.998132 0.054425 
-0.001954 0.350925 -0.928054 
-0.000178 0.822451 -0.545619 
0.001056 0.335327 -0.933929 
-0.000447 0.818429 -0.551950 
-0.003952 0.334350 -0.934614 
-0.000254 -0.001071 -0.999998 
0.000073 0.999490 -0.023968 
0.002833 0.996220 -0.075257 
0.000197 0.999832 0.013879 
-0.000528 0.997012 0.071533 
0.000070 0.987505 0.148650 
-0.000753 0.997191 0.067958 
-0.000461 0.999657 0.021733 
-0.000123 0.999713 0.019149 
-0.000070 0.999584 0.023040 
0.000080 0.995208 0.090154 
0.000000 0.980581 0.189015 
0.000884 0.984910 0.163402 
0.000570 0.999707 0.019832 
0.000460 0.997247 0.068256 
0.000312 0.997989 0.057155 
-0.000736 0.989375 0.136608 
-0.000034 0.999992 0.003031 
0.000146 0.999997 0.001456 
-0.000048 0.999999 -0.000788 
0.000001 0.999999 -0.000081 
-0.000210 0.999994 0.002380 
0.000052 0.999987 -0.003320 
0.000110 0.999996 0.001702 
-0.000250 0.999996 -0.001903 
-0.000015 0.999974 -0.004519 
-0.000082 0.998334 -0.048851 
-0.000114 0.999742 -0.017125 
0.000240 0.997825 0.060695 
-0.000133 0.999771 0.017635 
-0.000177 0.999782 0.016277 
-0.000291 0.998551 0.048002 
0.000065 0.999997 -0.001445 
-0.000111 0.999997 0.001524 
0.000086 0.999994 0.002538 
0.000021 0.999988 -0.003141 
-0.000441 0.997834 -0.055229 
0.000026 0.999999 0.000614 
-0.000746 0.999946 -0.007769 
0.000273 0.999956 -0.006622 
-0.000012 0.999875 0.012306 
0.001767 0.992353 0.116099 
-0.000569 0.999996 0.001818 
0.000174 0.999609 0.023371 
0.000051 -0.999574 0.024379 
-0.000483 -0.998705 0.043921 
0.000040 -0.998460 0.050421 
-0.001030 -0.992647 0.112862 
0.000323 -0.997703 0.060531 
0.001291 -0.990788 0.125574 
-0.005275 0.849173 -0.506136 
-0.000486 0.999208 -0.032550 
0.000921 0.999771 -0.017020 
0.005130 0.383053 -0.913562 
0.001074 -0.091166 -0.987497 
-0.000344 -0.052247 -0.991668 
0.002869 0.165634 -0.978585 
-0.001457 -0.086523 -0.985422 
-0.000007 0.010828 -0.990520 
0.000003 0.266110 -0.958134 
-0.005196 0.217768 -0.967378 
0.008134 -0.822456 -0.554293 
0.005238 -0.672696 -0.731075 
-0.003345 -0.822099 -0.557212 
0.001928 -0.919801 -0.375937 
-0.005533 -0.792727 -0.595062 
-0.001025 -0.616937 -0.776066 
0.003550 -0.799909 -0.586156 
-0.000750 -0.908786 -0.397820 
-0.006159 0.791792 -0.597199 
0.000041 0.904361 -0.411545 
0.004391 0.802530 -0.583226 
-0.005250 0.627614 -0.768401 
-0.005139 0.797770 -0.588461 
0.003738 0.794739 -0.593275 
-0.000616 0.619348 -0.774513 
-0.000527 0.909036 -0.396804 
-0.473108 -0.834771 0.264752 
-0.000277 0.825646 0.542010 
0.001461 0.943253 0.317911 
0.327930 0.899753 0.274735 
-0.004601 0.403652 -0.905025 
-0.004215 0.866977 -0.475916 
-0.000179 0.072820 0.996838 
0.000301 0.996244 0.080517 
-0.000199 0.997787 0.059796 
-0.002158 0.988369 0.143967 
-0.000505 0.080572 0.995842 
0.000652 0.017466 0.999749 
-0.174386 0.183504 0.963981 
-0.206223 0.382554 0.892792 
-0.162098 0.373002 0.904677 
-0.055692 0.995510 0.068588 
-0.025363 0.997891 0.051758 
-0.046028 0.998472 0.017380 
-0.006705 0.999760 0.016199 
-0.005257 0.997877 0.059074 
-0.021786 0.990296 0.127415 
-0.019644 0.999650 0.001746 
-0.001384 0.063027 0.988950 
0.000746 0.100146 0.987841 
-0.001188 0.179288 0.977827 
0.002417 -0.081936 0.988448 
0.005199 0.018631 0.990553 
0.001379 -0.218907 0.967042 
0.000082 0.065310 0.988105 
0.000920 -0.258278 0.959031 
-0.001199 -0.179291 0.975955 
0.002323 0.094174 0.985188 
0.002165 -0.194502 0.971231 
-0.923983 -0.206348 0.304617 
-0.696386 -0.709712 0.045990 
-0.780919 0.610209 0.006136 
-0.651460 0.736780 -0.141379 
-0.907085 0.136106 0.389972 
-0.888117 0.399950 0.184104 
-0.926824 0.198118 0.301863 
-0.867741 0.460789 -0.034189 
-0.727035 0.615929 -0.259556 
-0.786030 0.429464 -0.394068 
-0.934902 0.249399 -0.088442 
-0.942649 -0.011833 -0.183299 
-0.212889 0.416262 -0.875278 
-0.481860 0.818314 0.296449 
0.673895 0.407454 -0.605494 
0.049477 0.936785 -0.314787 
0.170884 0.785330 0.580333 
0.334617 0.877904 -0.328846 
0.437509 0.766235 -0.459098 
0.337823 0.825781 -0.437289 
0.394480 0.857277 -0.319347 
-0.175970 0.925762 -0.318165 
-0.013597 0.649877 0.730578 
-0.037513 0.870777 0.466103 
0.001236 0.949089 0.299885 
0.000187 0.627426 0.756157 
0.000159 0.613112 0.769764 
0.000325 0.358498 0.924556 
0.002116 0.842708 0.514695 
0.000649 0.366685 0.920636 
0.001594 0.644401 0.739529 
0.002355 0.857257 0.491509 
0.004184 0.870599 0.466980 
0.002097 0.955182 0.281486 
-0.002603 0.341680 0.930673 
-0.002384 0.158312 0.985077 
-0.000820 0.346964 0.929536 
0.000852 0.611526 0.770125 
-0.000883 0.601657 0.779180 
-0.000467 0.604005 0.777801 
-0.000887 0.830788 0.533408 
0.001853 0.455899 0.878976 
-0.001454 0.705110 0.687339 
-0.000255 0.693505 0.699222 
0.000138 0.884303 0.446223 
0.001359 0.397747 0.905610 
0.002031 0.663434 0.726078 
0.001917 0.671691 0.717786 
0.002353 0.868425 0.475132 
-0.203789 0.960038 0.180865 
-0.246527 0.911913 0.317963 
-0.200751 0.940476 0.262265 
-0.153005 0.979234 0.120744 
0.001066 0.368701 0.919976 
0.021011 0.434785 0.888121 
0.498021 0.853672 -0.125218 
0.562881 0.767069 -0.279462 
0.500051 0.830252 -0.229540 
-0.004555 -0.848233 0.506290 
-0.000442 -0.831511 0.531901 
-0.001002 -0.609734 0.771060 
-0.002148 -0.347075 0.929221 
-0.004299 -0.630356 0.748904 
0.000805 -0.354820 0.925248 
0.002014 -0.635628 0.745665 
0.000683 -0.630689 0.749482 
0.023094 -0.837286 0.517315 
0.031128 -0.955955 0.275470 
0.065420 -0.843688 0.507584 
0.001964 -0.831086 0.528514 
0.004090 -0.955045 0.280067 
0.008856 -0.591642 0.784594 
0.000753 -0.319995 0.938434 
0.001608 -0.591772 0.785345 
0.046049 -0.602364 0.773936 
0.079207 -0.629810 0.751364 
0.046805 -0.340473 0.928748 
0.018496 -0.314247 0.939085 
0.002759 -0.950477 0.293796 
0.003504 -0.946964 0.305781 
0.575064 -0.749081 -0.300099 
0.584189 -0.688682 -0.416227 
0.509434 -0.818235 -0.250186 
0.500296 -0.792756 -0.324195 
0.076470 -0.279978 0.950791 
0.158605 -0.501781 0.841166 
0.100773 -0.375168 0.914993 
0.228487 -0.966984 0.075946 
0.153842 -0.976901 0.105694 
-0.211805 -0.385965 -0.887421 
-0.224123 -0.627049 -0.726900 
-0.186288 -0.371514 -0.899325 
-0.287516 -0.327544 -0.895688 
-0.352814 -0.476277 -0.795944 
-0.379762 -0.471459 -0.786192 
-0.389395 -0.659715 -0.630554 
-0.362009 -0.667252 -0.638420 
-0.374531 -0.807107 -0.441727 
-0.331330 -0.485788 -0.800681 
-0.424821 -0.188967 -0.881952 
-0.463974 -0.152979 -0.868042 
-0.444811 -0.007190 -0.893883 
-0.525636 -0.105140 -0.838126 
-0.523526 0.085687 -0.842157 
-0.460836 0.132308 -0.873532 
-0.782622 -0.446582 -0.384452 
-0.931015 -0.268018 -0.086196 
-0.803981 -0.183651 -0.514653 
-0.861181 -0.473984 -0.031967 
-0.643798 -0.277901 -0.694836 
-0.722963 -0.625176 -0.252542 
-0.646150 -0.506326 -0.550467 
-0.623715 -0.661454 -0.396466 
-0.562913 -0.517660 -0.631184 
-0.550089 -0.318437 -0.761123 
-0.004356 0.808772 -0.573769 
0.002109 0.633740 -0.763027 
0.005500 0.800815 -0.584822 
0.001514 0.629421 -0.766430 
-0.001323 -0.916009 -0.385944 
0.000144 -0.915404 0.389699 
0.032553 -0.891931 0.434860 
-0.331539 -0.888493 0.301879 
-0.368532 -0.790391 0.473415 
-0.409908 -0.758346 0.491294 
-0.424752 -0.818813 0.372546 
-0.371809 -0.861488 0.329345 
-0.451161 -0.719048 0.514841 
-0.003344 -0.658169 0.726782 
-0.003630 -0.379091 0.913965 
0.001902 -0.671698 0.710027 
0.004644 -0.350418 0.926272 
0.005289 -0.411811 0.899388 
0.002788 -0.887007 0.439380 
-0.526476 -0.327744 0.778581 
-0.508115 -0.525134 0.672212 
-0.542258 -0.491000 0.673177 
-0.498367 -0.682470 0.521112 
-0.580994 -0.431568 0.680855 
-0.602850 -0.767732 0.192772 
-0.384723 -0.437850 0.802696 
-0.354751 -0.665668 0.641332 
-0.353395 -0.250161 0.896004 
-0.003562 -0.964360 0.226228 
0.005695 0.223831 -0.964617 
0.003155 0.029994 -0.989666 
-0.560449 -0.811620 -0.146524 
-0.583355 -0.752125 -0.291418 
-0.521582 -0.786374 -0.314529 
-0.651847 -0.737082 -0.144578 
-0.608890 -0.790079 -0.037052 
-0.625750 -0.772988 0.066557 
-0.617371 0.781781 0.018724 
-0.006361 0.999917 -0.007485 
-0.035885 0.999160 -0.002771 
0.000398 0.352644 0.927282 
-0.253139 0.644444 -0.705036 
-0.235160 0.791726 -0.551350 
0.014097 -0.103157 0.989073 
0.007111 -0.101820 0.991744 
0.007114 0.059928 0.994749 
0.014190 0.140882 0.982348 
0.078857 0.481230 0.861027 
0.008850 0.042328 0.998761 
0.083053 0.704531 0.685442 
0.104751 0.728341 0.658888 
0.037367 0.997810 0.044477 
0.085920 0.884646 0.438762 
0.134109 -0.715153 0.669848 
0.103261 -0.670628 0.715624 
0.121192 -0.862618 0.474692 
0.091285 -0.466916 0.868181 
0.333811 -0.879516 0.325257 
-0.664927 -0.710481 0.201336 
-0.669744 -0.401232 0.613958 
-0.613124 -0.381076 0.684654 
-0.392148 -0.635181 0.651608 
0.000342 -0.174959 0.981821 
0.003095 -0.174824 0.982122 
-0.001396 -0.188755 0.979179 
-0.003110 -0.223414 0.970952 
-0.003573 -0.970202 0.229534 
-0.002157 -0.967440 0.239518 
-0.223248 -0.932358 0.272649 
-0.292302 -0.839808 0.442778 
-0.329409 -0.816937 0.457851 
0.006717 -0.925925 0.348891 
-0.003595 -0.934002 0.339847 
-0.805326 0.159197 -0.519951 
0.000368 0.830677 0.534024 
-0.553843 0.814245 -0.150957 
-0.002023 0.224963 0.970202 
-0.000410 0.195897 0.976970 
-0.881687 -0.412203 0.186781 
-0.770913 -0.622953 0.009198 
-0.053243 0.959090 0.263877 
0.001021 0.167082 0.983667 
0.000466 0.167763 0.983356 
0.000319 0.169796 0.982891 
-0.003409 0.872690 0.463452 
-0.001917 0.653972 0.731121 
-0.000507 0.379183 0.914439 
0.000612 0.375000 0.916475 
0.000687 0.654495 0.730069 
-0.203839 0.812304 -0.531032 
-0.216897 0.626995 -0.734423 
-0.149071 0.219785 -0.960573 
-0.166119 0.410221 -0.888252 
-0.194132 0.631896 -0.734878 
-0.186107 0.408322 -0.885617 
0.449598 0.646826 -0.601799 
0.490887 0.743188 -0.442051 
0.239790 0.881540 -0.392578 
0.034910 0.988195 -0.134561 
0.042025 0.947872 -0.299764 
-0.125728 0.991690 -0.005656 
-0.072861 0.996998 0.002603 
-0.078147 0.996545 -0.014732 
-0.124641 0.990039 -0.052316 
-0.226351 0.959107 0.153103 
-0.103419 0.993539 0.034015 
-0.119509 0.986348 0.104196 
-0.219599 0.884424 0.397004 
-0.084803 0.992926 0.072962 
-0.159221 0.983926 0.066823 
-0.133179 0.990682 0.008657 
-0.308815 0.838270 -0.433143 
0.000021 0.998833 -0.039794 
-0.263316 0.455414 -0.839444 
0.003642 0.339889 -0.932137 
-0.000288 0.817673 -0.551095 
-0.000781 0.345132 -0.929640 
-0.000486 0.308285 -0.942392 
0.005229 0.361611 -0.924364 
0.042380 0.997492 -0.041529 
0.032085 0.826223 -0.538757 
0.000555 0.999010 -0.035499 
0.065290 0.364421 -0.919628 
0.235915 0.057069 -0.966995 
0.294729 -0.954380 0.024261 
0.453774 0.886845 -0.064006 
0.271283 0.946312 0.160740 
0.277688 0.831518 0.469152 
0.146916 0.492874 0.848213 
0.231199 0.655377 0.697743 
0.164910 0.865094 0.457085 
0.371846 0.914946 -0.130171 
0.646409 0.620101 -0.425158 
0.068383 0.892866 0.427474 
0.058807 0.562469 0.813221 
-0.001256 0.577722 0.806607 
0.009822 0.712466 0.682551 
0.000124 0.986870 -0.106684 
-0.000589 0.984830 -0.130701 
0.009701 -0.637457 0.758699 
0.063492 -0.558478 0.814823 
0.000249 -0.012954 -0.999838 
0.040112 -0.009216 -0.998412 
-0.002427 -0.442150 -0.885625 
0.000150 -0.888304 -0.437746 
0.000087 0.999993 -0.002220 
0.000132 0.999994 0.002599 
-0.000216 0.999764 0.018616 
0.000442 0.018359 0.999747 
0.009886 0.999787 0.012340 
0.016651 0.998077 0.053299 
0.000461 0.999714 0.019096 
0.384298 -0.485830 -0.776334 
-0.490878 -0.335898 -0.796288 
-0.642039 0.255620 -0.704924 
-0.633825 -0.011534 -0.761647 
-0.388938 -0.292309 -0.866494 
-0.549785 -0.671793 -0.483159 
-0.495675 -0.679703 -0.525667 
-0.501765 -0.515906 -0.683127 
-0.453247 -0.499885 -0.726826 
-0.434039 -0.324808 -0.833238 
-0.414511 -0.479213 -0.763356 
-0.355429 -0.277108 -0.886452 
-0.340320 -0.899576 -0.258254 
0.281826 -0.945917 0.140252 
0.129439 -0.469927 0.867584 
0.002392 -0.827726 0.536028 
0.060873 -0.952685 0.283856 
0.091121 -0.851320 0.495871 
0.087270 -0.948693 0.292533 
0.126719 -0.947960 0.281408 
0.167164 -0.949307 0.256931 
0.157425 -0.877055 0.439411 
0.031274 -0.174842 0.981231 
0.067330 -0.398553 0.904355 
0.046290 -0.229200 0.968256 
0.200901 -0.891233 0.393338 
0.169307 -0.756414 0.616972 
0.211032 -0.789497 0.561645 
0.159756 -0.604083 0.770772 
-0.000059 0.996498 0.077105 
-0.363813 0.632265 0.670557 
-0.389409 0.409992 0.815795 
-0.352023 0.217697 0.905465 
0.423754 -0.291501 -0.851409 
0.731820 0.468042 -0.483087 
-0.095712 0.855418 0.487275 
0.341301 -0.890557 0.292256 
-0.137562 0.630684 0.741925 
0.550201 0.568691 -0.597013 
0.012282 0.999863 0.001339 
-0.001176 0.144057 -0.979012 
0.676181 0.616590 -0.383185 
-0.186523 0.616234 0.747698 
0.000872 -0.618337 -0.774275 
-0.229053 0.600392 0.753066 
0.001518 -0.409742 -0.901849 
0.001278 0.021655 -0.991278 
0.000330 0.999997 0.001509 
0.744733 0.415601 -0.512527 
0.000873 -0.366059 -0.919821 
0.105860 -0.401354 0.902821 
-0.005327 -0.175707 -0.974870 
0.523471 0.429954 -0.727712 
0.588263 -0.626561 -0.495094 
0.120445 -0.543594 0.819794 
0.004797 0.999942 -0.006261 
0.766365 0.288427 -0.568811 
0.005278 -0.234200 -0.964214 
0.452188 0.285841 -0.837159 
0.662434 -0.413229 -0.616172 
0.068963 -0.305981 0.943649 
0.544658 0.253937 -0.794939 
-0.209811 -0.739827 0.619567 
-0.192056 -0.637843 0.734816 
-0.153517 -0.822021 0.532826 
-0.152959 -0.909659 0.369977 
-0.106056 -0.938563 0.315193 
