3701
0
25
50
75
100
125
150
175
200
225
250
275
300
325
350
375
400
425
450
475
500
525
550
575
600
625
650
675
700
725
750
775
800
825
850
875
900
925
950
975
1000
1025
1050
1075
1100
1125
1150
1175
1200
1225
1250
1275
1300
1325
1350
1375
1400
1425
1450
1475
1500
1525
1550
1575
1600
1625
1650
1675
1700
1725
1750
1775
1800
1825
1850
1875
1900
1925
1950
1975
2000
2025
2050
2075
2100
2125
2150
2175
2200
2225
2250
2275
2300
2325
2350
2375
2400
2425
2450
2475
2500
2525
2550
2575
2600
2625
2650
2675
2700
2725
2750
2775
2800
2825
2850
2875
2900
2925
2950
2975
3000
3025
3050
3075
3100
3125
3150
3175
3200
3225
3250
3275
3300
3325
3350
3375
3400
3425
3450
3475
3500
3525
3550
3575
3600
3625
3650
3675
3700
3725
3750
3775
3800
3825
3850
3875
3900
3925
3950
3975
4000
4025
4050
4075
4100
4125
4150
4175
4200
4225
4250
4275
4300
4325
4350
4375
4400
4425
4450
4475
4500
4525
4550
4575
4600
4625
4650
4675
4700
4725
4750
4775
4800
4825
4850
4875
4900
4925
4950
4975
5000
5033
5066
5099
5132
5165
5198
5231
5264
5289
5314
5339
5364
5389
5414
5439
5464
5481
5498
5515
5532
5557
5582
5607
5632
5657
5682
5707
5732
5749
5766
5783
5800
5833
5866
5899
5932
5989
6046
6103
6160
6209
6258
6307
6356
6413
6470
6527
6584
6641
6698
6755
6812
6861
6910
6959
7008
7057
7106
7155
7204
7261
7318
7375
7432
7489
7546
7603
7660
7709
7758
7807
7856
7913
7970
8027
8084
8141
8198
8255
8312
8361
8410
8459
8508
8557
8606
8655
8704
8761
8818
8875
8932
8989
9046
9103
9160
9217
9274
9331
9388
9445
9502
9559
9616
9673
9730
9787
9844
9901
9958
10015
10072
10113
10154
10195
10236
10285
10334
10383
10432
10489
10546
10603
10660
10717
10774
10831
10888
10945
11002
11059
11116
11173
11230
11287
11344
11393
11442
11491
11540
11589
11638
11687
11736
11785
11834
11883
11932
11981
12030
12079
12128
12185
12242
12299
12356
12397
12438
12479
12520
12569
12618
12667
12716
12765
12814
12863
12912
12961
13010
13059
13108
13149
13190
13231
13272
13321
13370
13419
13468
13517
13566
13615
13664
13705
13746
13787
13828
13869
13910
13951
13992
14041
14090
14139
14188
14237
14286
14335
14384
14433
14482
14531
14580
14621
14662
14703
14744
14793
14842
14891
14940
14989
15038
15087
15136
15185
15234
15283
15332
15381
15430
15479
15528
15577
15626
15675
15724
15773
15822
15871
15920
15969
16018
16067
16116
16165
16214
16263
16312
16361
16410
16459
16508
16557
16606
16655
16704
16753
16802
16851
16900
16949
16998
17047
17096
17145
17194
17243
17292
17341
17390
17439
17488
17537
17586
17635
17684
17733
17782
17831
17880
17921
17962
18003
18044
18085
18126
18167
18208
18257
18306
18355
18404
18453
18502
18551
18600
18649
18698
18747
18796
18837
18878
18919
18960
19009
19058
19107
19156
19205
19254
19303
19352
19401
19450
19499
19548
19597
19646
19695
19744
19793
19842
19891
19940
19989
20038
20087
20136
20185
20234
20283
20332
20373
20414
20455
20496
20545
20594
20643
20692
20741
20790
20839
20888
20937
20986
21035
21084
21133
21182
21231
21280
21337
21394
21451
21508
21557
21606
21655
21704
21753
21802
21851
21900
21949
21998
22047
22096
22145
22194
22243
22292
22341
22390
22439
22488
22537
22586
22635
22684
22733
22782
22831
22880
22929
22978
23027
23076
23125
23174
23223
23272
23321
23370
23419
23468
23517
23566
23615
23664
23713
23762
23811
23860
23909
23958
24007
24056
24105
24154
24203
24252
24301
24350
24399
24448
24497
24546
24595
24644
24693
24742
24791
24840
24889
24938
24987
25036
25085
25134
25183
25232
25281
25330
25379
25428
25477
25526
25575
25624
25673
25722
25771
25820
25869
25918
25967
26016
26065
26114
26163
26212
26261
26310
26359
26408
26457
26506
26555
26604
26653
26702
26751
26800
26849
26898
26947
26996
27037
27078
27119
27160
27209
27258
27307
27356
27405
27454
27503
27552
27601
27650
27699
27748
27797
27846
27895
27944
27993
28042
28091
28140
28189
28238
28287
28336
28385
28434
28483
28532
28573
28614
28655
28696
28745
28794
28843
28892
28933
28974
29015
29056
29105
29154
29203
29252
29301
29350
29399
29448
29497
29546
29595
29644
29693
29742
29791
29840
29889
29938
29987
30036
30085
30134
30183
30232
30281
30330
30379
30428
30477
30526
30575
30624
30673
30722
30771
30820
30869
30918
30967
31016
31073
31130
31187
31244
31293
31342
31391
31440
31489
31538
31587
31636
31685
31734
31783
31832
31873
31914
31955
31996
32045
32094
32143
32192
32241
32290
32339
32388
32437
32486
32535
32584
32625
32666
32707
32748
32797
32846
32895
32944
32993
33042
33091
33140
33189
33238
33287
33336
33385
33434
33483
33532
33581
33630
33679
33728
33785
33842
33899
33956
34013
34070
34127
34184
34233
34282
34331
34380
34429
34478
34527
34576
34625
34674
34723
34772
34821
34870
34919
34968
35009
35050
35091
35132
35181
35230
35279
35328
35369
35410
35451
35492
35541
35590
35639
35688
35737
35786
35835
35884
35925
35966
36007
36048
36089
36130
36171
36212
36261
36310
36359
36408
36457
36506
36555
36604
36653
36702
36751
36800
36849
36898
36947
36996
37045
37094
37143
37192
37241
37290
37339
37388
37437
37486
37535
37584
37633
37682
37731
37780
37829
37878
37927
37976
38025
38074
38123
38172
38221
38270
38319
38368
38417
38466
38515
38564
38613
38662
38711
38760
38809
38858
38907
38956
39005
39054
39103
39152
39201
39250
39299
39348
39405
39462
39519
39576
39625
39674
39723
39772
39813
39854
39895
39936
39977
40018
40059
40100
40149
40198
40247
40296
40345
40394
40443
40492
40541
40590
40639
40688
40737
40786
40835
40884
40933
40982
41031
41080
41129
41178
41227
41276
41325
41374
41423
41472
41521
41570
41619
41668
41717
41766
41815
41864
41921
41978
42035
42092
42141
42190
42239
42288
42337
42386
42435
42484
42533
42582
42631
42680
42729
42778
42827
42876
42925
42974
43023
43072
43121
43170
43219
43268
43293
43318
43343
43368
43393
43418
43443
43468
43493
43518
43543
43568
43593
43618
43643
43668
43693
43718
43743
43768
43793
43818
43843
43868
43893
43918
43943
43968
43993
44018
44043
44068
44093
44118
44143
44168
44193
44218
44243
44268
44293
44318
44343
44368
44393
44418
44443
44468
44493
44518
44543
44568
44593
44618
44643
44668
44693
44718
44743
44768
44793
44818
44843
44868
44893
44918
44943
44968
44993
45018
45043
45068
45093
45118
45143
45168
45193
45218
45243
45268
45293
45318
45343
45368
45393
45418
45443
45468
45493
45518
45543
45568
45593
45618
45643
45668
45693
45718
45743
45768
45793
45818
45843
45868
45893
45918
45943
45968
45993
46018
46043
46068
46093
46118
46143
46168
46193
46218
46243
46268
46293
46318
46343
46368
46393
46418
46443
46468
46493
46518
46543
46568
46593
46618
46643
46668
46693
46718
46743
46768
46793
46818
46843
46868
46893
46918
46943
46968
46993
47018
47043
47068
47093
47118
47143
47168
47193
47218
47243
47268
47293
47318
47343
47368
47393
47418
47443
47468
47493
47518
47543
47568
47593
47618
47643
47668
47693
47718
47743
47768
47793
47818
47843
47868
47893
47918
47943
47968
47993
48018
48043
48068
48093
48118
48143
48168
48209
48250
48291
48332
48357
48382
48407
48432
48457
48482
48507
48532
48565
48598
48631
48664
48689
48714
48739
48764
48797
48830
48863
48896
48921
48946
48971
48996
49029
49062
49095
49128
49161
49194
49227
49260
49277
49294
49311
49328
49377
49426
49475
49524
49573
49622
49671
49720
49769
49818
49867
49916
49973
50030
50087
50144
50201
50258
50315
50372
50429
50486
50543
50600
50641
50682
50723
50764
50821
50878
50935
50992
51049
51106
51163
51220
51277
51334
51391
51448
51497
51546
51595
51644
51693
51742
51791
51840
51889
51938
51987
52036
52085
52134
52183
52232
52289
52346
52403
52460
52517
52574
52631
52688
52737
52786
52835
52884
52933
52982
53031
53080
53129
53178
53227
53276
53333
53390
53447
53504
53561
53618
53675
53732
53789
53846
53903
53960
54017
54074
54131
54188
54237
54286
54335
54384
54425
54466
54507
54548
54597
54646
54695
54744
54793
54842
54891
54940
54997
55054
55111
55168
55217
55266
55315
55364
55413
55462
55511
55560
55609
55658
55707
55756
55805
55854
55903
55952
55993
56034
56075
56116
56165
56214
56263
56312
56361
56410
56459
56508
56557
56606
56655
56704
56745
56786
56827
56868
56909
56950
56991
57032
57081
57130
57179
57228
57285
57342
57399
57456
57497
57538
57579
57620
57669
57718
57767
57816
57865
57914
57963
58012
58053
58094
58135
58176
58217
58258
58299
58340
58381
58422
58463
58504
58553
58602
58651
58700
58741
58782
58823
58864
58921
58978
59035
59092
59149
59206
59263
59320
59369
59418
59467
59516
59557
59598
59639
59680
59721
59762
59803
59844
59885
59926
59967
60008
60057
60106
60155
60204
60261
60318
60375
60432
60481
60530
60579
60628
60677
60726
60775
60824
60873
60922
60971
61020
61069
61118
61167
61216
61265
61314
61363
61412
61469
61526
61583
61640
61689
61738
61787
61836
61893
61950
62007
62064
62113
62162
62211
62260
62309
62358
62407
62456
62505
62554
62603
62652
62701
62750
62799
62848
62897
62946
62995
63044
63093
63142
63191
63240
63297
63354
63411
63468
63517
63566
63615
63664
63705
63746
63787
63828
63877
63926
63975
64024
64073
64122
64171
64220
64261
64302
64343
64384
64433
64482
64531
64580
64629
64678
64727
64776
64825
64874
64923
64972
65021
65070
65119
65168
65217
65266
65315
65364
65405
65446
65487
65528
65569
65610
65651
65692
65741
65790
65839
65888
65937
65986
66035
66084
66133
66182
66231
66280
66329
66378
66427
66476
66525
66574
66623
66672
66721
66770
66819
66868
66917
66966
67015
67064
67121
67178
67235
67292
67341
67390
67439
67488
67537
67586
67635
67684
67733
67782
67831
67880
67929
67978
68027
68076
68125
68174
68223
68272
68321
68370
68419
68468
68517
68566
68615
68664
68713
68762
68811
68860
68909
68958
69007
69056
69105
69154
69203
69252
69301
69350
69399
69448
69497
69546
69595
69644
69693
69742
69791
69840
69897
69954
70011
70068
70117
70166
70215
70264
70313
70362
70411
70460
70509
70558
70607
70656
70705
70754
70803
70852
70909
70966
71023
71080
71129
71178
71227
71276
71317
71358
71399
71440
71489
71538
71587
71636
71693
71750
71807
71864
71913
71962
72011
72060
72109
72158
72207
72256
72305
72354
72403
72452
72501
72550
72599
72648
72705
72762
72819
72876
72925
72974
73023
73072
73121
73170
73219
73268
73317
73366
73415
73464
73521
73578
73635
73692
73741
73790
73839
73888
73937
73986
74035
74084
74133
74182
74231
74280
74329
74378
74427
74476
74517
74558
74599
74640
74689
74738
74787
74836
74885
74934
74983
75032
75081
75130
75179
75228
75277
75326
75375
75424
75481
75538
75595
75652
75701
75750
75799
75848
75897
75946
75995
76044
76093
76142
76191
76240
76289
76338
76387
76436
76485
76534
76583
76632
76681
76730
76779
76828
76877
76926
76975
77024
77081
77138
77195
77252
77301
77350
77399
77448
77497
77546
77595
77644
77693
77742
77791
77840
77889
77938
77987
78036
78077
78118
78159
78200
78249
78298
78347
78396
78445
78494
78543
78592
78641
78690
78739
78788
78837
78886
78935
78984
79033
79082
79131
79180
79229
79278
79327
79376
79425
79474
79523
79572
79621
79670
79719
79768
79817
79866
79915
79964
80013
80062
80111
80160
80209
80258
80307
80356
80405
80454
80503
80552
80601
80650
80699
80748
80797
80846
80895
80944
81001
81058
81115
81172
81221
81270
81319
81368
81417
81466
81515
81564
81613
81662
81711
81760
81809
81858
81907
81956
82005
82054
82103
82152
82201
82250
82299
82348
82397
82446
82495
82544
82593
82642
82691
82740
82789
82838
82887
82936
82985
83034
83083
83132
83181
83230
83279
83328
83377
83426
83475
83524
83573
83622
83671
83720
83769
83818
83867
83916
83965
84014
84063
84112
84161
84210
84259
84308
84357
84406
84455
84504
84553
84602
84651
84700
84749
84798
84847
84896
84953
85010
85067
85124
85173
85222
85271
85320
85377
85434
85491
85548
85597
85646
85695
85744
85793
85842
85891
85940
85989
86038
86087
86136
86185
86234
86283
86332
86381
86430
86479
86528
86577
86626
86675
86724
86773
86822
86871
86920
86969
87018
87067
87116
87165
87214
87263
87312
87361
87410
87459
87508
87549
87590
87631
87672
87721
87770
87819
87868
87917
87966
88015
88064
88105
88146
88187
88228
88277
88326
88375
88424
88473
88522
88571
88620
88669
88718
88767
88816
88865
88914
88963
89012
89061
89110
89159
89208
89257
89306
89355
89404
89445
89486
89527
89568
89617
89666
89715
89764
89813
89862
89911
89960
90009
90058
90107
90156
90205
90254
90303
90352
90401
90450
90499
90548
90597
90646
90695
90744
90793
90842
90891
90940
90989
91038
91087
91136
91185
91234
91283
91332
91381
91430
91479
91528
91577
91626
91675
91724
91773
91822
91871
91920
91961
92002
92043
92084
92133
92182
92231
92280
92329
92378
92427
92476
92525
92574
92623
92672
92721
92770
92819
92868
92917
92966
93015
93064
93113
93162
93211
93260
93309
93358
93407
93456
93497
93538
93579
93620
93669
93718
93767
93816
93857
93898
93939
93980
94021
94062
94103
94144
94185
94226
94267
94308
94349
94390
94431
94472
94521
94570
94619
94668
94709
94750
94791
94832
94881
94930
94979
95028
95077
95126
95175
95224
95273
95322
95371
95420
95477
95534
95591
95648
95697
95746
95795
95844
95901
95958
96015
96072
96129
96186
96243
96300
96341
96382
96423
96464
96513
96562
96611
96660
96709
96758
96807
96856
96913
96970
97027
97084
97133
97182
97231
97280
97329
97378
97427
97476
97525
97574
97623
97672
97721
97770
97819
97868
97917
97966
98015
98064
98113
98162
98211
98260
98309
98358
98407
98456
98505
98554
98603
98652
98701
98750
98799
98848
98897
98946
98995
99044
99093
99142
99191
99240
99289
99338
99387
99436
99485
99534
99583
99632
99681
99730
99779
99828
99877
99926
99975
100024
100073
100122
100171
100220
100277
100334
100391
100448
100497
100546
100595
100644
100693
100742
100791
100840
100897
100954
101011
101068
101117
101166
101215
101264
101313
101362
101411
101460
101509
101558
101607
101656
101705
101754
101803
101852
101901
101950
101999
102048
102097
102146
102195
102244
102293
102342
102391
102440
102489
102538
102587
102636
102685
102734
102783
102832
102889
102946
103003
103060
103117
103174
103231
103288
103337
103386
103435
103484
103533
103582
103631
103680
103729
103778
103827
103876
103933
103990
104047
104104
104153
104202
104251
104300
104357
104414
104471
104528
104577
104626
104675
104724
104773
104822
104871
104920
104961
105002
105043
105084
105133
105182
105231
105280
105329
105378
105427
105476
105525
105574
105623
105672
105721
105770
105819
105868
105917
105966
106015
106064
106113
106162
106211
106260
106309
106358
106407
106456
106505
106554
106603
106652
106701
106750
106799
106848
106897
106946
106995
107044
107093
107142
107191
107240
107289
107338
107387
107436
107485
107534
107583
107632
107681
107730
107779
107828
107877
107926
107975
108024
108073
108122
108171
108220
108269
108318
108367
108416
108465
108514
108563
108612
108653
108694
108735
108776
108825
108874
108923
108972
109021
109070
109119
109168
109217
109266
109315
109364
109413
109462
109511
109560
109609
109658
109707
109756
109805
109854
109903
109952
110001
110050
110099
110148
110197
110246
110295
110344
110401
110458
110515
110572
110621
110670
110719
110768
110817
110866
110915
110964
111013
111062
111111
111160
111209
111258
111307
111356
111413
111470
111527
111584
111641
111698
111755
111812
111861
111910
111959
112008
112057
112106
112155
112204
112253
112302
112351
112400
112441
112482
112523
112564
112613
112662
112711
112760
112809
112858
112907
112956
113013
113070
113127
113184
113233
113282
113331
113380
113429
113478
113527
113576
113625
113674
113723
113772
113821
113870
113919
113968
114017
114066
114115
114164
114213
114262
114311
114360
114409
114458
114507
114556
114605
114654
114703
114752
114801
114850
114899
114948
114997
115046
115095
115144
115193
115242
115291
115340
115389
115438
115487
115536
115585
115634
115683
115732
115781
115830
115879
115928
115977
116026
116075
116124
116173
116222
116271
116320
116369
116418
116467
116516
116565
116614
116663
116712
116753
116794
116835
116876
116925
116974
117023
117072
117121
117170
117219
117268
117317
117366
117415
117464
117513
117562
117611
117660
117709
117758
117807
117856
117905
117954
118003
118052
118101
118150
118199
118248
118297
118346
118395
118444
118493
118542
118591
118640
118681
118722
118763
118804
118861
118918
118975
119032
119081
119130
119179
119228
119277
119326
119375
119424
119473
119522
119571
119620
119669
119718
119767
119816
119865
119914
119963
120012
120061
120110
120159
120208
120257
120306
120355
120404
120453
120502
120551
120600
120649
120698
120747
120796
120845
120894
120943
120992
121041
121090
121139
121188
121237
121286
121335
121384
121433
121482
121531
121580
121629
121678
121727
121776
121825
121874
121923
121972
122021
122070
122119
122168
122217
122266
122315
122364
122413
122462
122511
122560
122609
122658
122707
122756
122805
122854
122903
122952
123001
123050
123099
123148
123197
123246
123295
123344
123393
123442
123491
123540
123589
123638
123687
123736
123777
123818
123859
123900
123949
123998
124047
124096
124145
124194
124243
124292
124341
124390
124439
124488
124537
124586
124635
124684
124733
124782
124831
124880
124929
124978
125027
125076
125125
125174
125223
125272
125321
125370
125419
125468
125517
125566
125615
125664
125713
125762
125811
125860
125901
125942
125983
126024
126065
126106
126147
126188
126237
126286
126335
126384
126433
126482
126531
126580
126621
126662
126703
126744
126785
126826
126867
126908
126949
126990
127031
127072
127113
127154
127195
127236
127285
127334
127383
127432
127473
127514
127555
127596
127637
127678
127719
127760
127809
127858
127907
127956
128005
128054
128103
128152
128201
128250
128299
128348
128397
128446
128495
128544
128593
128642
128691
128740
128781
128822
128863
128904
128953
129002
129051
129100
129149
129198
129247
129296
129337
129378
129419
129460
129501
129542
129583
129624
129665
129706
129747
129788
129837
129886
129935
129984
130025
130066
130107
130148
130189
130230
130271
130312
130353
130394
130435
130476
130525
130574
130623
130672
130721
130770
130819
130868
130917
130966
131015
131064
131113
131162
131211
131260
131301
131342
131383
131424
131473
131522
131571
131620
131661
131702
131743
131784
131825
131866
131907
131948
131989
132030
132071
132112
132153
132194
132235
132276
132325
132374
132423
132472
132521
132570
132619
132668
132717
132766
132815
132864
132913
132962
133011
133060
133109
133158
133207
133256
133305
133354
133403
133452
133501
133550
133599
133648
133697
133746
133795
133844
133893
133942
133991
134040
134089
134138
134187
134236
134285
134334
134383
134432
134481
134530
134579
134628
134669
134710
134751
134792
134841
134890
134939
134988
135037
135086
135135
135184
135233
135282
135331
135380
135437
135494
135551
135608
135657
135706
135755
135804
135853
135902
135951
136000
136049
136098
136147
136196
136245
136294
136343
136392
136441
136490
136539
136588
136637
136686
136735
136784
136833
136882
136931
136980
137029
137078
137127
137176
137225
137274
137323
137372
137421
137470
137519
137568
137617
137666
137715
137764
137813
137862
137911
137960
138009
138058
138107
138156
138205
138254
138303
138352
138393
138434
138475
138516
138573
138630
138687
138744
138785
138826
138867
138908
138957
139006
139055
139104
139153
139202
139251
139300
139349
139398
139447
139496
139537
139578
139619
139660
139709
139758
139807
139856
139913
139970
140027
140084
140133
140182
140231
140280
140337
140394
140451
140508
140557
140606
140655
140704
140753
140802
140851
140900
140949
140998
141047
141096
141153
141210
141267
141324
141373
141422
141471
141520
141577
141634
141691
141748
141805
141862
141919
141976
142025
142074
142123
142172
142221
142270
142319
142368
142417
142466
142515
142564
142613
142662
142711
142760
142809
142858
142907
142956
143005
143054
143103
143152
143201
143250
143299
143348
143397
143446
143495
143544
143593
143642
143691
143740
143789
143838
143887
143936
143985
144034
144083
144132
144181
144230
144279
144328
144377
144426
144475
144524
144573
144622
144671
144720
144761
144802
144843
144884
144933
144982
145031
145080
145129
145178
145227
145276
145317
145358
145399
145440
145473
145506
145539
145572
145629
145686
145743
145800
145841
145882
145923
145964
146021
146078
146135
146192
146241
146290
146339
146388
146437
146486
146535
146584
146633
146682
146731
146780
146829
146878
146927
146976
147025
147074
147123
147172
147221
147270
147319
147368
147417
147466
147515
147564
147613
147662
147711
147760
147809
147858
147907
147956
148005
148054
148103
148152
148193
148234
148275
148316
148365
148414
148463
148512
148569
148626
148683
148740
148797
148854
148911
148968
149017
149066
149115
149164
149221
149278
149335
149392
149441
149490
149539
149588
149629
149670
149711
149752
149801
149850
149899
149948
149997
150046
150095
150144
150193
150242
150291
150340
150389
150438
150487
150536
150585
150634
150683
150732
150789
150846
150903
150960
151009
151058
151107
151156
151213
151270
151327
151384
151433
151482
151531
151580
151629
151678
151727
151776
151817
151858
151899
151940
151989
152038
152087
152136
152185
152234
152283
152332
152389
152446
152503
152560
152609
152658
152707
152756
152805
152854
152903
152952
153001
153050
153099
153148
153197
153246
153295
153344
153393
153442
153491
153540
153589
153638
153687
153736
153785
153834
153883
153932
153981
154030
154079
154128
154177
154226
154275
154324
154373
154422
154471
154520
154561
154602
154643
154684
154733
154782
154831
154880
154929
154978
155027
155076
155125
155174
155223
155272
155313
155354
155395
155436
155485
155534
155583
155632
155689
155746
155803
155860
155909
155958
156007
156056
156105
156154
156203
156252
156301
156350
156399
156448
156497
156546
156595
156644
156701
156758
156815
156872
156921
156970
157019
157068
157109
157150
157191
157232
157273
157314
157355
157396
157445
157494
157543
157592
157641
157690
157739
157788
157837
157886
157935
157984
158033
158082
158131
158180
158229
158278
158327
158376
158417
158458
158499
158540
158589
158638
158687
158736
158785
158834
158883
158932
158981
159030
159079
159128
159169
159210
159251
159292
159349
159406
159463
159520
159577
159634
159691
159748
159797
159846
159895
159944
159993
160042
160091
160140
160189
160238
160287
160336
160385
160434
160483
160532
160581
160630
160679
160728
160777
160826
160875
160924
160965
161006
161047
161088
161137
161186
161235
161284
161333
161382
161431
161480
161529
161578
161627
161676
161725
161774
161823
161872
161929
161986
162043
162100
162157
162214
162271
162328
162377
162426
162475
162524
162573
162622
162671
162720
162777
162834
162891
162948
162997
163046
163095
163144
163201
163258
163315
163372
163429
163486
163543
163600
163649
163698
163747
163796
163845
163894
163943
163992
164041
164090
164139
164188
164237
164286
164335
164384
164433
164482
164531
164580
164629
164678
164727
164776
164817
164858
164899
164940
164989
165038
165087
165136
165185
165234
165283
165332
165389
165446
165503
165560
165609
165658
165707
165756
165805
165854
165903
165952
165993
166034
166075
166116
166157
166198
166239
166280
166337
166394
166451
166508
166557
166606
166655
166704
166761
166818
166875
166932
166989
167046
167103
167160
167209
167258
167307
167356
167405
167454
167503
167552
167601
167650
167699
167748
167797
167846
167895
167944
167993
168042
168091
168140
168181
168222
168263
168304
168353
168402
168451
168500
168541
168582
168623
168664
168713
168762
168811
168860
168909
168958
169007
169056
169097
169138
169179
169220
169261
169302
169343
169384
169433
169482
169531
169580
169637
169694
169751
169808
169849
169890
169931
169972
