         866
          1       280       233       119
          2       159        39       139
          5       156        33       133
          6       215        47       141
          8       252       137       159
         10       139        39        40
         12       135        35        36
         17       137        37        38
         21       147        37       137
         23       216       120        42
         25       141        47        48
         27       119        45        46
         28       244       135       147
         29       120        41        42
         33       133        33        34
         44       222       139       145
         47       234       207       224
         48       205        48        49
         49       225       209       212
         51       280       119       215
         53       173        62        63
         54       274       162       232
         61       170        60        61
         83       211        60       170
         84       214       170        61
         91       203        55       167
         94       165       162        50
         95       210        56        57
         98       163        53        54
        103       925       112       906
        104       925       111       112
        105       924       101       102
        106       924       919       101
        107       918       906       113
        108       918       902       906
        109       922       116       908
        110       922       115       116
        111       921       912       107
        112       921       896       912
        113       920       117       118
        114       920       914       117
        115       924       909       919
        116       924       102       913
        117       114       922       910
        118       923       915       921
        119       917       116       117
        120       917       908       116
        121       916       907       110
        122       916       898       907
        123       915       881       896
        124       915       894       881
        125       914       886       903
        126       914       911       886
        127       913       102       103
        128       924       913       909
        129       923       921       108
        130       922       908       897
        131       923       907       894
        132       907       888       894
        133       918       114       910
        134       922       897       910
        135       913       899       909
        136       919       909       884
        137       918       910       902
        138       922       114       115
        139       923       109       110
        140       907       898       888
        141       906       112       113
        142       912       901       106
        143       905       103       104
        144       905       900       103
        145       921       915       896
        146       894       893       881
        147       917       914       903
        148       920       101       919
        149       902       873       883
        150       902       889       873
        151       901       882       870
        152       901       896       882
        153       913       900       899
        154       913       103       900
        155       899       874       887
        156       899       885       874
        157       923       110       907
        158       905       891       900
        159       910       889       902
        160       906       883       895
        161       912       896       901
        162       901       892       106
        163       898       895       880
        164       895       883       880
        165       921       107       108
        166       920       911       914
        167       925       916       111
        168       893       876       881
        169       904       868       891
        170       892       870       868
        171       911       884       886
        172       920       118       101
        173       903       886       867
        174       886       884       878
        175       906       902       883
        176       910       897       889
        177       893       879       876
        178       893       888       872
        179       909       899       887
        180       920       919       911
        181       900       891       885
        182       886       878       869
        183       885       854       874
        184       885       864       854
        185       886       869       867
        186       890       867       856
        187       918       113       114
        188       916       895       898
        189       892       105       106
        190       894       888       893
        191       882       881       871
        192       881       876       871
        193       880       853       866
        194       880       865       853
        195       879       872       860
        196       893       872       879
        197       878       861       855
        198       878       877       861
        199       877       845       861
        201       877       858       845
        202       207        53       163
        203       123        45       119
        205       879       842       863
        207       879       863       876
        209       908       903       890
        210       917       117       914
        211       904       105       892
        212       210       167        56
        213       891       864       885
        215       873       851       865
        216       162        49        50
        217       873       862       851
        219       917       903       908
        220       882       859       870
        221       871       844       859
        222       123        44        45
        223       871       857       844
        224       205        49       162
        225       901       870       892
        226       232       162       165
        227       923       108       109
        228       149        35       135
        229       897       890       875
        230       903       867       890
        231       887       858       877
        233       104       105       904
        235       890       856       875
        236       889       862       873
        237       888       866       872
        238       866       853       839
        239       145        41       120
        240       252       244       137
        241       143        44       123
        242       241       123       233
        243       165        50        51
        244       345       317       223
        247       143        43        44
        248       216        42        43
        267       156        32        33
        271       149        34        35
        272       149       133        34
        275       147        36        37
        276       147       135        36
        279       159        38        39
        280       159       137        38
        283       215        46        47
        284       215       119        46
        285       253       141       205
        286       281       216       143
        287       222       159       139
        288       216        43       143
        289       252       159       222
        290       246       149       135
        291       145       139        40
        292       145        40        41
        294       281       143       241
        297       249       156       133
        302       246       135       244
        325       205       141        48
        326       254       206       234
        327       203        54        55
        328       301       224       296
        331       275       209       225
        332       258       173       213
        335       203       163        54
        336       167        55        56
        341       209        57        58
        342       210        57       209
        346       214        61        62
        348       214        62       173
        352       231       214       278
        403       258       213       230
        404       277       212       211
        407       276       272       167
        408       342       253       293
        411       306       281       241
        412       254       165       206
        413       206       165        51
        414       206        51        52
        415       207       206        52
        416       207        52        53
        419       212        59       211
        420       212        58        59
        421       226       224       163
        422       226       163       203
        423       212       209        58
        424       211        59        60
        425       276       210       275
        427       213       173        63
        428       213        63        64
        431       345       282       281
        432       279       141       253
        433       282       223       120
        434       233       123       119
        440       244       147       137
        446       246       133       149
        448       223       145       120
        449       224       207       163
        451       277       225       212
        452       231       170       214
        453       300       232       254
        454       338       276       294
        461       341       278       299
        462       296       224       226
        463       278       173       258
        464       231       277       211
        465       345       223       282
        466       350       297       338
        467       241       143       123
        468       282       120       216
        469       254       232       165
        470       234       206       207
        472       249       133       246
        480       345       281       306
        486       222       145       223
        493       315       246       310
        503       343       280       279
        504       343       279       342
        505       319       244       252
        506       399       342       352
        507       279       215       141
        508       280       215       279
        509       315       249       246
        510       293       274       288
        517       278       214       173
        518       231       211       170
        540       272       203       167
        543       272       226       203
        545       338       297       272
        547       338       272       276
        549       274       253       205
        550       274       205       162
        551       276       167       210
        552       275       210       209
        553       298       258       230
        557       294       276       275
        559       485       442       448
        560       428       376       378
        561       379       355       320
        562       293       253       274
        563       306       233       344
        564       282       216       281
        565       310       246       244
        566       317       222       223
        567       342       279       253
        577       288       274       232
        578       300       288       232
        588       398       344       343
        589       396       350       338
        590       294       275       225
        593       357       301       296
        594       357       296       297
        595       297       296       226
        596       297       226       272
        597       299       258       298
        598       299       278       258
        599       353       341       299
        600       339       277       231
        601       320       234       301
        602       320       254       234
        603       320       300       254
        604       301       234       224
        613       306       241       233
        614       344       233       280
        615       373       315       310
        617       407       398       399
        619       374       315       373
        621       318       222       317
        622       318       252       222
        632       316       249       315
        635       378       318       377
        636       319       252       318
        637       426       374       373
        638       319       310       244
        639       402       377       317
        640       408       373       376
        642       442       397       409
        669       441       409       395
        671       397       340       339
        675       353       299       298
        676       379       320       301
        677       355       300       320
        678       357       297       350
        679       340       277       339
        680       340       225       277
        681       395       339       341
        682       340       294       225
        683       341       339       231
        684       341       231       278
        685       402       317       345
        686       344       280       343
        687       526       484       455
        688       356       300       355
        689       443       417       350
        690       377       318       317
        691       401       345       306
        692       400       344       398
        701       396       338       294
        702       397       339       395
        705       352       342       293
        706       492       441       484
        708       395       341       353
        709       354       353       298
        711       356       288       300
        712       360       293       288
        713       360       352       293
        714       360       288       356
        721       412       355       379
        723       441       354       418
        724       379       301       357
        729       428       378       377
        730       447       377       402
        731       444       398       407
        733       426       373       408
        735       488       445       487
        747       374       316       315
        752       471       426       453
        753       376       373       310
        754       376       310       319
        755       378       319       318
        756       378       376       319
        759       429       357       417
        760       444       400       398
        788       498       473       486
        789       441       353       354
        792       429       412       379
        793       443       396       442
        794       527       485       496
        795       397       396       294
        796       397       294       340
        797       400       306       344
        798       401       306       400
        799       399       398       343
        800       399       343       342
        801       446       401       445
        802       428       408       376
        803       447       402       446
        804       402       345       401
        805       569       565       568
        815       416       356       355
        816       416       360       356
        817       474       429       473
        819       409       397       395
        820       441       395       353
        823       411       407       399
        824       411       399       352
        825       416       355       412
        826       413       352       360
        827       622       589       616
        828       413       411       352
        833       450       407       411
        834       416       413       360
        835       429       379       357
        836       417       357       350
        841       487       444       450
        856       488       446       445
        857       445       400       444
        858       514       471       501
        859       484       418       455
        860       547       448       492
        882       484       441       418
        883       486       443       485
        884       486       473       417
        885       443       350       396
        886       442       396       397
        887       474       464       412
        888       487       445       444
        889       445       401       400
        890       446       402       401
        891       450       444       407
        892       447       428       377
        893       530       489       529
        894       489       446       488
        897       448       442       409
        898       497       463       464
        901       516       464       474
        907       453       426       408
        908       490       428       447
        921       460       453       408
        922       460       408       428
        923       461       450       411
        924       461       411       413
        927       463       461       413
        928       463       413       416
        929       464       463       416
        930       464       416       412
        932       506       453       460
        939       553       514       537
        946       528       487       505
        947       474       412       429
        948       473       429       417
        949       529       488       528
        950       497       461       463
        961       585       537       544
        964       608       563       607
        965       539       492       484
        967       615       581       569
        969       530       490       489
        970       566       528       532
        971       486       417       443
        972       485       443       442
        973       504       461       497
        974       528       488       487
        975       490       447       489
        976       489       447       446
        977       531       490       530
        978       490       460       428
        979       504       450       461
        980       506       501       453
        981       505       487       450
        986       492       409       441
        993       496       485       448
        994       539       484       526
        995       531       460       490
        996       505       450       504
        997       516       473       498
        998       516       497       464
       1003       501       471       453
       1009       516       474       473
       1010       566       529       528
       1011       547       496       448
       1012       567       529       566
       1013       547       492       539
       1014       492       448       409
       1030       581       544       565
       1031       635       540       596
       1033       546       498       527
       1034       554       516       498
       1046       620       601       584
       1047       608       564       563
       1048       564       525       563
       1050       526       455       525
       1051       589       539       526
       1055       527       498       486
       1056       527       486       485
       1057       529       489       488
       1058       595       539       589
       1059       596       547       595
       1060       564       526       525
       1062       531       506       460
       1063       546       527       540
       1064       656       636       648
       1065       532       528       505
       1066       555       504       497
       1075       537       514       501
       1076       568       531       530
       1079       540       527       496
       1080       589       526       564
       1081       555       545       504
       1082       601       554       546
       1089       544       537       501
       1090       544       501       506
       1091       545       532       505
       1092       545       505       504
       1093       554       498       546
       1094       638       590       594
       1095       584       546       540
       1096       596       540       496
       1102       598       553       537
       1109       610       568       567
       1110       590       566       532
       1111       555       497       516
       1112       555       516       554
       1114       598       537       585
       1122       660       608       644
       1123       817       804       791
       1124       634       595       622
       1131       565       544       506
       1132       565       506       531
       1133       567       530       529
       1134       568       530       567
       1135       634       596       595
       1136       568       565       531
       1137       585       544       581
       1138       581       565       569
       1139       658       615       653
       1140       594       555       554
       1154       689       652       656
       1155       837       831       811
       1159       598       580       553
       1160       723       691       693
       1169       594       554       601
       1170       594       532       545
       1171       631       581       615
       1174       689       656       679
       1179       595       547       539
       1180       596       496       547
       1181       609       566       590
       1182       609       567       566
       1189       601       546       584
       1190       594       545       555
       1191       616       589       564
       1192       635       584       540
       1193       623       569       610
       1194       657       584       635
       1197       722       689       679
       1198       658       631       615
       1203       638       594       601
       1204       594       590       532
       1211       692       622       616
       1214       732       687       712
       1215       660       616       608
       1216       675       643       674
       1218       644       607       643
       1219       610       569       568
       1220       610       567       609
       1221       631       585       581
       1222       683       666       671
       1223       645       609       611
       1224       611       609       590
       1228       632       580       598
       1231       616       564       608
       1232       672       638       620
       1234       644       608       607
       1241       622       595       589
       1242       638       601       620
       1245       623       615       569
       1246       666       623       645
       1247       700       657       667
       1248       671       666       645
       1261       690       651       652
       1263       632       621       580
       1264       636       585       631
       1269       708       680       660
       1270       653       615       623
       1271       635       596       634
       1272       657       634       667
       1273       636       632       598
       1274       636       598       585
       1275       750       735       736
       1277       671       645       611
       1278       638       611       590
       1281       730       703       728
       1283       698       666       683
       1284       732       708       687
       1285       733       703       730
       1287       687       644       675
       1288       711       693       698
       1290       680       616       660
       1291       645       623       610
       1292       645       610       609
       1293       656       632       636
       1294       656       652       632
       1297       648       636       631
       1298       672       671       611
       1303       781       761       757
       1305       652       651       621
       1306       652       621       632
       1307       658       648       631
       1308       735       705       690
       1315       700       672       657
       1316       667       634       622
       1317       723       693       711
       1318       723       715       691
       1321       675       644       643
       1322       687       660       644
       1333       692       616       680
       1334       666       653       623
       1335       657       620       584
       1336       657       635       634
       1343       672       611       638
       1344       672       620       657
       1345       747       710       726
       1346       691       648       658
       1347       746       680       708
       1351       754       730       728
       1352       733       712       703
       1359       679       656       648
       1360       715       679       691
       1361       708       660       687
       1362       726       710       683
       1367       766       732       752
       1368       691       679       648
       1375       827       806       824
       1376       728       703       674
       1379       722       679       715
       1380       737       689       722
       1382       761       737       722
       1383       709       692       680
       1384       709       667       692
       1385       709       700       667
       1386       692       667       622
       1387       693       691       658
       1388       693       658       653
       1397       698       693       653
       1398       698       653       666
       1401       701       672       700
       1402       701       671       672
       1403       711       698       710
       1404       701       683       671
       1407       703       675       674
       1412       705       651       690
       1413       706       690       652
       1414       706       652       689
       1417       726       701       700
       1418       726       700       709
       1419       710       698       683
       1420       758       735       750
       1421       761       722       757
       1422       737       706       689
       1423       746       709       680
       1424       738       711       710
       1425       712       687       675
       1426       712       675       703
       1431       763       739       762
       1432       739       723       711
       1433       780       760       730
       1434       769       733       760
       1445       740       715       723
       1446       774       750       736
       1447       765       747       746
       1448       726       683       701
       1450       757       722       715
       1453       739       711       738
       1454       777       757       740
       1456       757       715       740
       1458       785       752       769
       1459       780       730       754
       1462       754       728       753
       1465       765       738       747
       1466       755       708       732
       1467       785       766       752
       1468       810       799       801
       1471       758       705       735
       1473       736       735       690
       1474       736       690       706
       1475       770       737       761
       1476       751       736       706
       1477       822       801       795
       1478       740       723       739
       1479       762       739       738
       1480       786       760       780
       1481       836       820       818
       1482       771       755       732
       1485       774       736       751
       1493       747       709       746
       1494       747       726       709
       1495       755       746       708
       1496       747       738       710
       1500       813       774       797
       1501       763       740       739
       1502       751       706       737
       1503       770       751       737
       1504       811       789       804
       1505       752       732       712
       1506       752       712       733
       1509       798       780       787
       1510       776       754       753
       1511       797       770       788
       1512       765       746       755
       1515       776       753       775
       1521       760       733       730
       1522       824       806       819
       1523       825       799       810
       1524       829       822       809
       1525       777       740       763
       1526       801       799       781
       1527       769       752       733
       1528       809       782       796
       1531       771       732       766
       1532       765       762       738
       1533       783       765       755
       1534       783       755       771
       1537       787       754       776
       1539       825       816       799
       1540       790       760       786
       1542       774       751       770
       1543       783       782       762
       1544       783       762       765
       1546       830       814       807
       1548       798       786       780
       1549       797       774       770
       1550       801       777       795
       1551       841       828       837
       1553       805       775       793
       1554       787       780       754
       1555       817       791       813
       1556       781       757       777
       1558       804       789       791
       1561       819       806       786
       1562       812       785       800
       1563       853       850       825
       1564       796       783       771
       1565       826       804       817
       1566       782       763       762
       1567       796       782       783
       1568       796       771       766
       1569       789       758       750
       1571       846       829       840
       1572       790       769       760
       1575       854       847       823
       1576       807       776       805
       1577       788       770       761
       1578       788       761       781
       1579       820       807       805
       1581       832       800       815
       1582       827       815       806
       1583       791       789       750
       1584       791       750       774
       1585       805       776       775
       1587       831       758       789
       1588       807       787       776
       1591       795       777       763
       1592       795       763       782
       1593       802       766       785
       1594       802       796       766
       1595       853       825       839
       1597       852       833       838
       1598       905       904       891
       1599       799       788       781
       1600       801       781       777
       1601       800       785       769
       1602       800       769       790
       1603       842       822       829
       1604       925       895       916
       1605       854       823       849
       1606       809       796       802
       1607       816       797       788
       1608       816       788       799
       1609       813       791       774
       1610       828       818       803
       1611       820       805       818
       1612       830       807       820
       1613       806       790       786
       1614       819       786       798
       1615       864       848       824
       1616       874       849       858
       1617       831       789       811
       1619       822       795       809
       1620       809       795       782
       1621       822       810       801
       1622       832       812       800
       1623       833       804       826
       1624       856       826       843
       1625       840       802       812
       1626       812       802       785
       1627       912       106       107
       1628       855       852       838
       1629       814       798       787
       1630       814       787       807
       1631       815       800       790
       1632       815       790       806
       1633       869       855       838
       1634       835       813       834
       1635       867       838       856
       1636       834       813       797
       1637       818       805       793
       1638       818       793       803
       1639       868       848       864
       1640       900       885       899
       1641       861       836       841
       1642       841       836       828
       1643       849       823       814
       1645       898       880       866
       1646       842       810       822
       1647       823       819       798
       1648       823       798       814
       1649       858       849       830
       1650       857       832       844
       1651       923       894       915
       1652       834       797       816
       1653       835       817       813
       1654       843       826       817
       1655       870       859       848
       1656       896       881       882
       1657       872       839       860
       1658       856       838       826
       1659       876       863       857
       1660       882       871       859
       1661       869       838       867
       1662       849       814       830
       1665       860       810       842
       1666       864       824       847
       1667       828       836       818
       1668       833       811       804
       1669       850       834       816
       1670       850       816       825
       1671       908       890       897
       1672       878       855       869
       1673       828       803       821
       1674       852       811       833
       1675       837       828       821
       1676       837       821       831
       1677       838       833       826
       1678       843       817       835
       1679       839       825       810
       1680       846       812       832
       1681       898       866       888
       1682       846       840       812
       1683       855       841       852
       1684       887       877       884
       1685       840       829       809
       1686       840       809       802
       1687       916       110       111
       1688       851       835       834
       1689       844       832       815
       1690       844       815       827
       1691       845       830       820
       1692       845       820       836
       1693       860       839       810
       1694       863       829       846
       1695       847       824       819
       1696       847       819       823
       1697       848       827       824
       1698       870       848       868
       1699       884       877       878
       1700       864       847       854
       1701       875       856       843
       1702       851       834       850
       1703       889       875       862
       1704       865       851       850
       1705       852       841       837
       1706       852       837       811
       1707       875       843       862
       1708       865       850       853
       1709       858       830       845
       1710       874       854       849
       1711       861       845       836
       1712       905       104       904
       1713       883       865       880
       1714       897       875       889
       1715       925       906       895
       1716       857       846       832
       1717       904       892       868
       1718       861       841       855
       1719       859       844       827
       1720       859       827       848
       1721       863       846       857
       1722       872       866       839
       1723       909       887       884
       1724       919       884       911
       1725       862       843       835
       1726       862       835       851
       1727       879       860       842
       1728       863       842       829
       1729       887       874       858
       1730       891       868       864
       1731       876       857       871
       1732       883       873       865
