         866
          3       180        90        91
          4       188        94       182
          7       138        23        24
          9       158       152         4
         11       208        11       151
         13       124         2         3
         14       125        31        32
         15       153         9        10
         16       161        17       146
         18       217        15       148
         19       218        31       125
         20       131        28       129
         22       148        15        16
         24       144        19        20
         26       142        21        22
         30       130        12        13
         31       150       130        13
         32       286       186       100
         34       283       157       124
         35       348       157       283
         36       220       124       152
         37       140        22        23
         38       152         3         4
         39       153       126         9
         40       238       138       136
         41       285       230       259
         42       164        19       144
         43       150        13        14
         45       131        27        28
         46       146        17        18
         50       151        11        12
         52       126         8         9
         55       183       122        92
         56       174        78        79
         57       204        68        69
         58       190       178        87
         59       263       168       184
         60       197        73        74
         62       189        86       178
         63       195        75        76
         64       176        82        83
         65       122        91        92
         66       227       179       189
         67       184        98       171
         68       168        96        97
         69       171        98        99
         70       261       182       185
         71       347       186       286
         72       187        90       180
         73       185        96       168
         74       178        86        87
         75       286       100       284
         76       229       185       168
         77       180        91       122
         78       183        92        93
         79       194       174        79
         80       265       179       227
         81       269       197       198
         82       361       336       335
         85       172        64        65
         86       172        65       121
         87       175        66        67
         88       175       121        66
         89       199        71        72
         90       204       169        68
         92       196        77       193
         93       134        25        26
         96       152       124         3
         97       121        65        66
         99       169        67        68
        100       175        67       169
        101       191        82       176
        102       200        73       197
        200       204        69       201
        204       284       100       128
        206       287       229       263
        208       201        69        70
        214       267       194       177
        218       128       100         1
        232       155         8       126
        234       157         2       124
        245       269       198       268
        246       192       176        83
        249       166       154         6
        250       283       124       220
        251       236       131       129
        252       127        29        30
        253       129        29       127
        254       166         7       155
        255       129        28        29
        256       160        21       142
        257       256       250       154
        258       221       126       153
        259       245       150       217
        260       240       160       142
        261       132        27       131
        262       151        12       130
        263       132        26        27
        264       136        24        25
        265       236       127       219
        266       134        26       132
        268       156       125        32
        269       312       247       245
        270       136        25       134
        273       248       151       247
        274       138        24       136
        277       249       125       156
        278       140        23       138
        281       403       220       295
        282       142        22       140
        293       249       219       125
        295       221       153       248
        296       239       140       138
        298       240       142       239
        299       219       127       218
        300       238       134       237
        301       237       134       132
        303       247       130       150
        304       248       153       208
        305       158         5       154
        306       236       129       127
        307       245       148       243
        308       242       144       240
        309       158         4         5
        310       154         5         6
        311       166         6         7
        312       155         7         8
        313       237       132       131
        314       240       144       160
        315       157       128         1
        316       157         1         2
        317       327       264       326
        318       346       284       128
        319       243       146       242
        320       321       255       314
        321       160       144        20
        322       160        20        21
        323       161       148        16
        324       161        16        17
        329       164       146        18
        330       164        18        19
        333       239       138       238
        334       238       136       134
        337       182        94        95
        338       326       264       260
        339       193        78       174
        340       202        71       199
        343       184        97        98
        344       184       168        97
        345       213        64       172
        347       259       121       175
        349       193        77        78
        350       198        75       195
        351       259       230       121
        353       177        80        81
        354       194        79        80
        355       268       196       266
        356       194        80       177
        357       179        84        85
        358       192        83        84
        359       268       198       195
        360       192        84       179
        361       181        88        89
        362       190        87        88
        363       235       177       191
        364       190        88       181
        365       349       171       186
        366       324       262       323
        367       230       172       121
        368       273       259       169
        369       325       228       324
        370       257       183       188
        371       185       182        95
        372       185        95        96
        373       186       171        99
        374       186        99       100
        375       187       181        89
        376       187        89        90
        377       188       183        93
        378       188        93        94
        379       189       179        85
        380       189        85        86
        381       270       199       200
        382       265       176       192
        383       191       177        81
        384       191        81        82
        385       273       169       204
        386       266       193       174
        387       228       180       122
        388       292       184       171
        389       267       174       194
        390       270       202       199
        391       261       185       229
        392       264       178       190
        393       196       195        76
        394       196        76        77
        395       227       189       178
        396       262       228       122
        397       198       197        74
        398       198        74        75
        399       268       195       196
        400       230       213       172
        401       200       199        72
        402       200        72        73
        405       202       201        70
        406       202        70        71
        409       266       196       193
        410       271       201       202
        417       208       153        10
        418       208        10        11
        426       331       266       267
        429       259       175       169
        430       235       191       176
        435       217       150        14
        436       217        14        15
        437       218       127        30
        438       218        30        31
        439       237       131       236
        441       289       295       251
        442       251       152       158
        443       250       158       154
        444       221       155       126
        445       267       177       235
        447       403       283       220
        450       362       354       285
        455       265       235       176
        456       263       229       168
        457       228       187       180
        458       264       190       260
        459       257       188       182
        460       260       181       187
        471       219       218       125
        473       304       237       303
        474       307       240       239
        475       303       237       236
        476       239       142       140
        477       305       239       238
        478       242       146       164
        479       290       248       247
        481       242       164       144
        482       243       148       161
        483       351       290       312
        484       243       161       146
        485       312       245       311
        487       248       208       151
        488       245       217       148
        489       308       242       240
        490       303       236       302
        491       251       158       250
        492       247       150       245
        494       247       151       130
        495       311       245       243
        496       255       155       221
        497       313       248       290
        498       313       221       248
        499       309       243       242
        500       304       238       237
        501       256       166       255
        502       251       220       152
        511       256       154       166
        512       255       166       155
        513       535       508       459
        514       451       348       283
        515       262       122       183
        516       257       182       261
        519       260       187       228
        520       265       192       179
        521       264       227       178
        522       260       190       181
        523       291       229       287
        524       262       183       257
        525       322       261       291
        526       392       332       391
        527       291       261       229
        528       334       269       333
        529       322       257       261
        530       326       260       325
        531       323       262       257
        532       334       270       269
        533       267       266       174
        534       269       200       197
        535       324       228       262
        536       335       271       270
        537       333       268       332
        538       270       200       269
        539       328       265       227
        541       325       260       228
        542       271       204       201
        544       271       202       270
        546       273       204       271
        548       298       230       285
        554       392       333       332
        555       332       268       266
        556       333       269       268
        558       361       337       336
        568       316       219       249
        569       314       255       221
        570       295       220       251
        571       337       285       259
        572       337       259       273
        573       449       349       347
        574       323       257       322
        575       384       323       383
        576       405       347       286
        579       289       251       250
        580       289       250       256
        581       289       256       321
        582       314       221       313
        583       386       326       325
        584       382       291       359
        585       406       263       292
        586       292       263       184
        587       427       374       426
        591       371       313       290
        592       381       289       321
        605       302       236       219
        606       316       302       219
        607       365       304       364
        608       368       309       308
        609       364       304       303
        610       305       238       304
        611       369       309       368
        612       307       239       305
        616       308       240       307
        618       309       242       308
        620       311       243       309
        623       367       308       307
        624       312       290       247
        625       371       290       351
        626       372       313       371
        627       381       321       380
        628       321       256       255
        629       380       314       372
        630       380       321       314
        631       364       303       363
        633       368       308       367
        634       365       305       304
        641       456       455       440
        643       372       314       313
        644       366       307       305
        645       383       322       382
        646       330       267       235
        647       404       295       289
        648       449       292       349
        649       382       322       291
        650       327       227       264
        651       387       327       386
        652       328       227       327
        653       385       324       384
        654       329       235       265
        655       383       323       322
        656       386       325       385
        657       384       324       323
        658       329       265       328
        659       388       328       387
        660       330       235       329
        661       385       325       324
        662       331       267       330
        663       389       330       329
        664       332       266       331
        665       391       332       331
        666       335       270       334
        667       386       327       326
        668       336       273       271
        670       393       334       333
        672       336       271       335
        673       439       394       410
        674       337       273       336
        693       388       329       328
        694       406       287       263
        695       414       358       284
        696       349       186       347
        697       348       346       128
        698       348       128       157
        699       405       286       358
        700       349       292       171
        703       370       351       312
        704       369       311       309
        707       393       333       392
        710       354       298       285
        715       361       335       394
        716       362       285       337
        717       358       286       284
        718       451       346       348
        719       359       291       287
        720       449       347       405
        722       525       455       456
        725       394       335       334
        726       435       387       386
        727       363       303       302
        728       375       363       302
        732       366       305       365
        734       367       307       366
        736       370       311       369
        737       570       381       380
        738       370       312       311
        739       423       370       422
        740       420       367       366
        741       420       365       419
        742       420       366       365
        743       421       369       368
        744       424       351       423
        745       422       369       421
        746       404       289       381
        748       375       302       316
        749       424       371       351
        750       375       316       374
        751       421       367       420
        757       427       375       374
        758       425       371       424
        761       422       370       369
        762       423       351       370
        763       430       372       425
        764       457       295       404
        765       508       507       449
        766       494       454       415
        767       433       384       432
        768       432       383       431
        769       434       385       433
        770       387       328       327
        771       470       425       424
        772       495       404       381
        773       432       384       383
        774       389       329       388
        775       438       393       392
        776       390       331       330
        777       437       391       390
        778       437       389       436
        779       436       387       435
        780       390       330       389
        781       438       410       393
        782       391       331       390
        783       434       386       385
        784       394       334       393
        785       418       354       362
        786       361       362       337
        787       455       418       440
        790       479       435       434
        791       433       385       384
        806       465       420       419
        807       493       451       458
        808       458       283       403
        809       425       372       371
        810       570       380       541
        811       459       405       358
        812       414       284       346
        813       436       389       388
        814       436       388       387
        818       521       479       520
        821       410       394       393
        822       438       391       437
        829       597       406       452
        830       415       359       287
        831       430       380       372
        832       435       386       434
        837       440       361       439
        838       440       362       361
        839       419       365       364
        840       419       364       363
        842       421       368       367
        843       471       427       426
        844       467       421       466
        845       466       420       465
        846       475       430       425
        847       468       423       422
        848       466       421       420
        849       469       423       468
        850       541       430       500
        851       467       422       421
        852       470       424       469
        853       427       419       363
        854       427       363       375
        855       475       425       470
        861       468       422       467
        862       469       424       423
        863       431       383       382
        864       454       359       415
        865       500       430       475
        866       481       436       480
        867       479       434       478
        868       478       433       477
        869       481       437       436
        870       437       390       389
        871       508       449       405
        872       586       536       494
        873       478       434       433
        874       438       392       391
        875       480       436       435
        876       483       410       438
        877       482       438       437
        878       525       456       524
        879       440       418       362
        880       439       361       394
        881       522       481       480
        895       511       466       510
        896       512       469       468
        899       452       292       449
        900       452       406       292
        902       513       469       512
        903       548       452       507
        904       451       414       346
        905       459       358       414
        906       577       548       507
        909       573       454       476
        910       573       359       454
        911       524       483       503
        912       456       439       410
        913       456       440       439
        914       456       410       483
        915       597       452       548
        916       458       451       283
        917       508       405       459
        918       535       459       509
        919       509       414       451
        920       597       548       462
        925       491       295       457
        926       543       493       458
        931       472       427       471
        933       517       470       513
        934       512       467       511
        935       583       519       557
        936       515       465       472
        937       476       431       382
        938       536       533       476
        940       515       472       514
        941       511       467       466
        942       518       431       502
        943       472       419       427
        944       472       465       419
        945       556       517       513
        951       517       475       470
        952       536       454       494
        953       513       470       469
        954       480       435       479
        955       477       433       432
        956       518       477       432
        957       538       503       523
        958       482       437       481
        959       522       480       521
        960       521       480       479
        962       558       520       519
        963       523       482       481
        966       483       438       482
        968       520       479       478
        982       599       549       579
        983       586       571       536
        984       491       403       295
        985       524       456       483
        987       499       403       491
        988       494       415       462
        989       541       380       430
        990       512       468       467
        991       713       617       612
        992       495       457       404
        999       612       586       534
       1000       499       458       403
       1001       647       556       574
       1002       502       431       476
       1004       614       602       605
       1005       518       432       431
       1006       582       557       518
       1007       503       483       482
       1008       523       503       482
       1015       577       507       572
       1016       507       452       449
       1017       509       459       414
       1018       572       508       535
       1019       509       451       493
       1020       534       494       462
       1021       510       466       465
       1022       514       472       471
       1023       578       517       556
       1024       550       511       549
       1025       669       599       613
       1026       579       549       552
       1027       688       677       630
       1028       551       475       517
       1029       515       510       465
       1032       748       727       716
       1035       550       512       511
       1036       574       513       512
       1037       523       481       522
       1038       520       478       519
       1039       519       478       477
       1040       557       477       518
       1041       576       502       533
       1042       583       558       519
       1043       560       521       559
       1044       559       520       558
       1045       561       522       560
       1049       562       503       538
       1052       561       523       522
       1053       562       524       503
       1054       563       524       562
       1061       563       525       524
       1067       557       519       477
       1068       533       502       476
       1069       536       476       454
       1070       627       591       542
       1071       591       457       542
       1072       587       535       509
       1073       543       458       499
       1074       542       457       495
       1077       561       538       523
       1078       560       522       521
       1083       577       534       548
       1084       570       495       381
       1085       654       571       617
       1086       673       641       640
       1087       586       494       534
       1088       572       507       508
       1097       548       534       462
       1098       597       287       406
       1099       549       511       510
       1100       688       647       650
       1101       650       647       574
       1103       619       593       618
       1104       551       500       475
       1105       552       549       510
       1106       552       510       515
       1107       553       552       515
       1108       553       515       514
       1113       574       556       513
       1115       637       574       550
       1116       559       521       520
       1117       604       560       559
       1118       602       538       561
       1119       605       560       604
       1120       604       559       603
       1121       651       613       621
       1125       606       538       602
       1126       642       606       602
       1127       605       561       560
       1128       606       562       538
       1129       607       562       606
       1130       607       563       562
       1141       624       541       593
       1142       592       495       570
       1143       714       678       695
       1144       571       533       536
       1145       626       575       591
       1146       626       543       575
       1147       573       476       382
       1148       573       382       359
       1149       574       512       550
       1150       630       578       556
       1151       575       543       499
       1152       575       499       491
       1153       578       551       517
       1156       587       509       493
       1157       576       518       502
       1158       600       551       578
       1161       580       579       552
       1162       580       552       553
       1163       629       557       582
       1164       582       518       576
       1165       625       576       533
       1166       618       593       600
       1167       617       571       586
       1168       655       578       630
       1172       669       637       599
       1173       625       533       571
       1175       628       535       587
       1176       646       577       628
       1177       588       587       493
       1178       588       493       543
       1183       591       575       491
       1184       591       491       457
       1185       624       570       541
       1186       592       542       495
       1187       699       626       591
       1188       593       541       500
       1195       597       462       415
       1196       597       415       287
       1199       640       604       603
       1200       599       550       549
       1201       600       593       500
       1202       600       500       551
       1205       605       602       561
       1206       682       665       618
       1207       603       559       558
       1208       639       558       583
       1209       659       583       629
       1210       641       605       604
       1212       642       602       614
       1213       643       606       642
       1217       643       607       606
       1225       661       627       633
       1226       617       586       612
       1227       613       599       579
       1229       662       614       641
       1230       663       603       639
       1233       702       674       642
       1235       654       625       571
       1236       624       593       619
       1237       664       600       578
       1238       629       583       557
       1239       707       649       684
       1240       633       592       619
       1243       621       613       579
       1244       621       579       580
       1249       624       619       592
       1250       624       592       570
       1251       714       665       684
       1252       684       668       654
       1253       628       572       535
       1254       626       588       543
       1255       676       612       646
       1256       670       628       588
       1257       628       577       572
       1258       628       587       588
       1259       685       637       669
       1260       713       627       661
       1262       637       550       599
       1265       670       646       628
       1266       670       588       626
       1267       633       627       542
       1268       633       542       592
       1276       681       642       614
       1279       641       614       605
       1280       639       603       558
       1282       641       604       640
       1286       718       650       685
       1289       702       642       681
       1295       650       574       637
       1296       647       630       556
       1299       659       629       649
       1300       649       629       582
       1301       663       640       603
       1302       685       650       637
       1304       731       685       719
       1309       668       576       625
       1310       668       625       654
       1311       664       618       600
       1312       664       578       655
       1313       646       612       534
       1314       646       534       577
       1319       725       694       659
       1320       659       639       583
       1323       678       617       661
       1324       665       619       618
       1325       673       662       641
       1326       677       655       630
       1327       696       673       640
       1328       696       640       663
       1329       682       618       664
       1330       684       649       668
       1331       695       619       665
       1332       695       633       619
       1337       668       649       582
       1338       668       582       576
       1339       704       662       673
       1340       720       688       718
       1341       699       591       627
       1342       676       646       670
       1348       686       613       651
       1349       674       643       642
       1350       681       614       662
       1353       713       612       676
       1354       713       661       617
       1355       697       664       655
       1356       697       682       664
       1357       714       695       665
       1358       678       654       617
       1363       728       674       702
       1364       727       702       681
       1365       724       704       673
       1366       694       639       659
       1369       684       665       682
       1370       717       697       655
       1371       688       630       647
       1372       734       677       720
       1373       719       669       686
       1374       686       669       613
       1377       718       688       650
       1378       720       677       688
       1381       742       686       705
       1389       721       696       663
       1390       694       663       639
       1391       695       678       661
       1392       695       661       633
       1393       734       717       677
       1394       727       681       716
       1395       707       682       697
       1396       725       697       717
       1399       699       676       670
       1400       699       670       626
       1405       716       662       704
       1406       716       681       662
       1408       728       702       727
       1409       729       704       724
       1410       784       778       773
       1411       705       686       651
       1415       707       697       725
       1416       717       655       677
       1427       713       676       699
       1428       713       699       627
       1429       714       684       654
       1430       714       654       678
       1435       707       684       682
       1436       741       717       734
       1437       724       673       696
       1438       719       685       669
       1439       749       719       742
       1440       731       718       685
       1441       734       720       721
       1442       743       694       741
       1443       759       718       731
       1444       745       696       721
       1449       745       724       696
       1451       707       725       659
       1452       707       659       649
       1455       753       727       748
       1457       753       728       727
       1460       742       719       686
       1461       775       753       748
       1463       744       720       718
       1464       775       748       772
       1469       743       721       663
       1470       743       663       694
       1472       756       716       704
       1483       741       694       725
       1484       741       725       717
       1486       794       767       758
       1487       743       741       734
       1488       743       734       721
       1489       745       721       744
       1490       744       721       720
       1491       759       744       718
       1492       764       745       744
       1497       749       731       719
       1498       803       793       792
       1499       779       742       767
       1507       778       772       756
       1508       773       729       764
       1513       756       704       729
       1514       756       748       716
       1516       794       779       767
       1517       767       705       758
       1518       767       742       705
       1519       768       773       764
       1520       764       744       759
       1529       764       729       724
       1530       764       724       745
       1535       778       729       773
       1536       772       748       756
       1538       768       764       759
       1541       821       808       794
       1545       784       773       768
       1547       778       756       729
       1552       793       775       772
       1557       779       749       742
       1559       768       759       731
       1560       768       731       749
       1570       784       749       779
       1573       784       768       749
       1574       792       772       778
       1580       792       778       784
       1586       793       772       792
       1589       808       792       784
       1590       808       779       794
       1596       808       784       779
       1618       808       803       792
       1644       821       803       808
       1663       831       821       794
       1664       831       794       758
