1352 
1 28 2 
28 55 29 
55 82 56 
82 109 83 
109 136 110 
136 163 137 
163 190 164 
190 217 191 
217 244 218 
244 271 245 
271 298 272 
298 325 299 
325 352 326 
352 379 353 
379 406 380 
406 433 407 
433 460 434 
460 487 461 
487 514 488 
514 541 515 
541 568 542 
568 595 569 
595 622 596 
622 649 623 
649 676 650 
676 703 677 
2 29 3 
29 56 30 
56 83 57 
83 110 84 
110 137 111 
137 164 138 
164 191 165 
191 218 192 
218 245 219 
245 272 246 
272 299 273 
299 326 300 
326 353 327 
353 380 354 
380 407 381 
407 434 408 
434 461 435 
461 488 462 
488 515 489 
515 542 516 
542 569 543 
569 596 570 
596 623 597 
623 650 624 
650 677 651 
677 704 678 
3 30 4 
30 57 31 
57 84 58 
84 111 85 
111 138 112 
138 165 139 
165 192 166 
192 219 193 
219 246 220 
246 273 247 
273 300 274 
300 327 301 
327 354 328 
354 381 355 
381 408 382 
408 435 409 
435 462 436 
462 489 463 
489 516 490 
516 543 517 
543 570 544 
570 597 571 
597 624 598 
624 651 625 
651 678 652 
678 705 679 
4 31 5 
31 58 32 
58 85 59 
85 112 86 
112 139 113 
139 166 140 
166 193 167 
193 220 194 
220 247 221 
247 274 248 
274 301 275 
301 328 302 
328 355 329 
355 382 356 
382 409 383 
409 436 410 
436 463 437 
463 490 464 
490 517 491 
517 544 518 
544 571 545 
571 598 572 
598 625 599 
625 652 626 
652 679 653 
679 706 680 
5 32 6 
32 59 33 
59 86 60 
86 113 87 
113 140 114 
140 167 141 
167 194 168 
194 221 195 
221 248 222 
248 275 249 
275 302 276 
302 329 303 
329 356 330 
356 383 357 
383 410 384 
410 437 411 
437 464 438 
464 491 465 
491 518 492 
518 545 519 
545 572 546 
572 599 573 
599 626 600 
626 653 627 
653 680 654 
680 707 681 
6 33 7 
33 60 34 
60 87 61 
87 114 88 
114 141 115 
141 168 142 
168 195 169 
195 222 196 
222 249 223 
249 276 250 
276 303 277 
303 330 304 
330 357 331 
357 384 358 
384 411 385 
411 438 412 
438 465 439 
465 492 466 
492 519 493 
519 546 520 
546 573 547 
573 600 574 
600 627 601 
627 654 628 
654 681 655 
681 708 682 
7 34 8 
34 61 35 
61 88 62 
88 115 89 
115 142 116 
142 169 143 
169 196 170 
196 223 197 
223 250 224 
250 277 251 
277 304 278 
304 331 305 
331 358 332 
358 385 359 
385 412 386 
412 439 413 
439 466 440 
466 493 467 
493 520 494 
520 547 521 
547 574 548 
574 601 575 
601 628 602 
628 655 629 
655 682 656 
682 709 683 
8 35 9 
35 62 36 
62 89 63 
89 116 90 
116 143 117 
143 170 144 
170 197 171 
197 224 198 
224 251 225 
251 278 252 
278 305 279 
305 332 306 
332 359 333 
359 386 360 
386 413 387 
413 440 414 
440 467 441 
467 494 468 
494 521 495 
521 548 522 
548 575 549 
575 602 576 
602 629 603 
629 656 630 
656 683 657 
683 710 684 
9 36 10 
36 63 37 
63 90 64 
90 117 91 
117 144 118 
144 171 145 
171 198 172 
198 225 199 
225 252 226 
252 279 253 
279 306 280 
306 333 307 
333 360 334 
360 387 361 
387 414 388 
414 441 415 
441 468 442 
468 495 469 
495 522 496 
522 549 523 
549 576 550 
576 603 577 
603 630 604 
630 657 631 
657 684 658 
684 711 685 
10 37 11 
37 64 38 
64 91 65 
91 118 92 
118 145 119 
145 172 146 
172 199 173 
199 226 200 
226 253 227 
253 280 254 
280 307 281 
307 334 308 
334 361 335 
361 388 362 
388 415 389 
415 442 416 
442 469 443 
469 496 470 
496 523 497 
523 550 524 
550 577 551 
577 604 578 
604 631 605 
631 658 632 
658 685 659 
685 712 686 
11 38 12 
38 65 39 
65 92 66 
92 119 93 
119 146 120 
146 173 147 
173 200 174 
200 227 201 
227 254 228 
254 281 255 
281 308 282 
308 335 309 
335 362 336 
362 389 363 
389 416 390 
416 443 417 
443 470 444 
470 497 471 
497 524 498 
524 551 525 
551 578 552 
578 605 579 
605 632 606 
632 659 633 
659 686 660 
686 713 687 
12 39 13 
39 66 40 
66 93 67 
93 120 94 
120 147 121 
147 174 148 
174 201 175 
201 228 202 
228 255 229 
255 282 256 
282 309 283 
309 336 310 
336 363 337 
363 390 364 
390 417 391 
417 444 418 
444 471 445 
471 498 472 
498 525 499 
525 552 526 
552 579 553 
579 606 580 
606 633 607 
633 660 634 
660 687 661 
687 714 688 
13 40 14 
40 67 41 
67 94 68 
94 121 95 
121 148 122 
148 175 149 
175 202 176 
202 229 203 
229 256 230 
256 283 257 
283 310 284 
310 337 311 
337 364 338 
364 391 365 
391 418 392 
418 445 419 
445 472 446 
472 499 473 
499 526 500 
526 553 527 
553 580 554 
580 607 581 
607 634 608 
634 661 635 
661 688 662 
688 715 689 
14 41 15 
41 68 42 
68 95 69 
95 122 96 
122 149 123 
149 176 150 
176 203 177 
203 230 204 
230 257 231 
257 284 258 
284 311 285 
311 338 312 
338 365 339 
365 392 366 
392 419 393 
419 446 420 
446 473 447 
473 500 474 
500 527 501 
527 554 528 
554 581 555 
581 608 582 
608 635 609 
635 662 636 
662 689 663 
689 716 690 
15 42 16 
42 69 43 
69 96 70 
96 123 97 
123 150 124 
150 177 151 
177 204 178 
204 231 205 
231 258 232 
258 285 259 
285 312 286 
312 339 313 
339 366 340 
366 393 367 
393 420 394 
420 447 421 
447 474 448 
474 501 475 
501 528 502 
528 555 529 
555 582 556 
582 609 583 
609 636 610 
636 663 637 
663 690 664 
690 717 691 
16 43 17 
43 70 44 
70 97 71 
97 124 98 
124 151 125 
151 178 152 
178 205 179 
205 232 206 
232 259 233 
259 286 260 
286 313 287 
313 340 314 
340 367 341 
367 394 368 
394 421 395 
421 448 422 
448 475 449 
475 502 476 
502 529 503 
529 556 530 
556 583 557 
583 610 584 
610 637 611 
637 664 638 
664 691 665 
691 718 692 
17 44 18 
44 71 45 
71 98 72 
98 125 99 
125 152 126 
152 179 153 
179 206 180 
206 233 207 
233 260 234 
260 287 261 
287 314 288 
314 341 315 
341 368 342 
368 395 369 
395 422 396 
422 449 423 
449 476 450 
476 503 477 
503 530 504 
530 557 531 
557 584 558 
584 611 585 
611 638 612 
638 665 639 
665 692 666 
692 719 693 
18 45 19 
45 72 46 
72 99 73 
99 126 100 
126 153 127 
153 180 154 
180 207 181 
207 234 208 
234 261 235 
261 288 262 
288 315 289 
315 342 316 
342 369 343 
369 396 370 
396 423 397 
423 450 424 
450 477 451 
477 504 478 
504 531 505 
531 558 532 
558 585 559 
585 612 586 
612 639 613 
639 666 640 
666 693 667 
693 720 694 
19 46 20 
46 73 47 
73 100 74 
100 127 101 
127 154 128 
154 181 155 
181 208 182 
208 235 209 
235 262 236 
262 289 263 
289 316 290 
316 343 317 
343 370 344 
370 397 371 
397 424 398 
424 451 425 
451 478 452 
478 505 479 
505 532 506 
532 559 533 
559 586 560 
586 613 587 
613 640 614 
640 667 641 
667 694 668 
694 721 695 
20 47 21 
47 74 48 
74 101 75 
101 128 102 
128 155 129 
155 182 156 
182 209 183 
209 236 210 
236 263 237 
263 290 264 
290 317 291 
317 344 318 
344 371 345 
371 398 372 
398 425 399 
425 452 426 
452 479 453 
479 506 480 
506 533 507 
533 560 534 
560 587 561 
587 614 588 
614 641 615 
641 668 642 
668 695 669 
695 722 696 
21 48 22 
48 75 49 
75 102 76 
102 129 103 
129 156 130 
156 183 157 
183 210 184 
210 237 211 
237 264 238 
264 291 265 
291 318 292 
318 345 319 
345 372 346 
372 399 373 
399 426 400 
426 453 427 
453 480 454 
480 507 481 
507 534 508 
534 561 535 
561 588 562 
588 615 589 
615 642 616 
642 669 643 
669 696 670 
696 723 697 
22 49 23 
49 76 50 
76 103 77 
103 130 104 
130 157 131 
157 184 158 
184 211 185 
211 238 212 
238 265 239 
265 292 266 
292 319 293 
319 346 320 
346 373 347 
373 400 374 
400 427 401 
427 454 428 
454 481 455 
481 508 482 
508 535 509 
535 562 536 
562 589 563 
589 616 590 
616 643 617 
643 670 644 
670 697 671 
697 724 698 
23 50 24 
50 77 51 
77 104 78 
104 131 105 
131 158 132 
158 185 159 
185 212 186 
212 239 213 
239 266 240 
266 293 267 
293 320 294 
320 347 321 
347 374 348 
374 401 375 
401 428 402 
428 455 429 
455 482 456 
482 509 483 
509 536 510 
536 563 537 
563 590 564 
590 617 591 
617 644 618 
644 671 645 
671 698 672 
698 725 699 
24 51 25 
51 78 52 
78 105 79 
105 132 106 
132 159 133 
159 186 160 
186 213 187 
213 240 214 
240 267 241 
267 294 268 
294 321 295 
321 348 322 
348 375 349 
375 402 376 
402 429 403 
429 456 430 
456 483 457 
483 510 484 
510 537 511 
537 564 538 
564 591 565 
591 618 592 
618 645 619 
645 672 646 
672 699 673 
699 726 700 
25 52 26 
52 79 53 
79 106 80 
106 133 107 
133 160 134 
160 187 161 
187 214 188 
214 241 215 
241 268 242 
268 295 269 
295 322 296 
322 349 323 
349 376 350 
376 403 377 
403 430 404 
430 457 431 
457 484 458 
484 511 485 
511 538 512 
538 565 539 
565 592 566 
592 619 593 
619 646 620 
646 673 647 
673 700 674 
700 727 701 
26 53 27 
53 80 54 
80 107 81 
107 134 108 
134 161 135 
161 188 162 
188 215 189 
215 242 216 
242 269 243 
269 296 270 
296 323 297 
323 350 324 
350 377 351 
377 404 378 
404 431 405 
431 458 432 
458 485 459 
485 512 486 
512 539 513 
539 566 540 
566 593 567 
593 620 594 
620 647 621 
647 674 648 
674 701 675 
701 728 702 
2 28 29 
29 55 56 
56 82 83 
83 109 110 
110 136 137 
137 163 164 
164 190 191 
191 217 218 
218 244 245 
245 271 272 
272 298 299 
299 325 326 
326 352 353 
353 379 380 
380 406 407 
407 433 434 
434 460 461 
461 487 488 
488 514 515 
515 541 542 
542 568 569 
569 595 596 
596 622 623 
623 649 650 
650 676 677 
677 703 704 
3 29 30 
30 56 57 
57 83 84 
84 110 111 
111 137 138 
138 164 165 
165 191 192 
192 218 219 
219 245 246 
246 272 273 
273 299 300 
300 326 327 
327 353 354 
354 380 381 
381 407 408 
408 434 435 
435 461 462 
462 488 489 
489 515 516 
516 542 543 
543 569 570 
570 596 597 
597 623 624 
624 650 651 
651 677 678 
678 704 705 
4 30 31 
31 57 58 
58 84 85 
85 111 112 
112 138 139 
139 165 166 
166 192 193 
193 219 220 
220 246 247 
247 273 274 
274 300 301 
301 327 328 
328 354 355 
355 381 382 
382 408 409 
409 435 436 
436 462 463 
463 489 490 
490 516 517 
517 543 544 
544 570 571 
571 597 598 
598 624 625 
625 651 652 
652 678 679 
679 705 706 
5 31 32 
32 58 59 
59 85 86 
86 112 113 
113 139 140 
140 166 167 
167 193 194 
194 220 221 
221 247 248 
248 274 275 
275 301 302 
302 328 329 
329 355 356 
356 382 383 
383 409 410 
410 436 437 
437 463 464 
464 490 491 
491 517 518 
518 544 545 
545 571 572 
572 598 599 
599 625 626 
626 652 653 
653 679 680 
680 706 707 
6 32 33 
33 59 60 
60 86 87 
87 113 114 
114 140 141 
141 167 168 
168 194 195 
195 221 222 
222 248 249 
249 275 276 
276 302 303 
303 329 330 
330 356 357 
357 383 384 
384 410 411 
411 437 438 
438 464 465 
465 491 492 
492 518 519 
519 545 546 
546 572 573 
573 599 600 
600 626 627 
627 653 654 
654 680 681 
681 707 708 
7 33 34 
34 60 61 
61 87 88 
88 114 115 
115 141 142 
142 168 169 
169 195 196 
196 222 223 
223 249 250 
250 276 277 
277 303 304 
304 330 331 
331 357 358 
358 384 385 
385 411 412 
412 438 439 
439 465 466 
466 492 493 
493 519 520 
520 546 547 
547 573 574 
574 600 601 
601 627 628 
628 654 655 
655 681 682 
682 708 709 
8 34 35 
35 61 62 
62 88 89 
89 115 116 
116 142 143 
143 169 170 
170 196 197 
197 223 224 
224 250 251 
251 277 278 
278 304 305 
305 331 332 
332 358 359 
359 385 386 
386 412 413 
413 439 440 
440 466 467 
467 493 494 
494 520 521 
521 547 548 
548 574 575 
575 601 602 
602 628 629 
629 655 656 
656 682 683 
683 709 710 
9 35 36 
36 62 63 
63 89 90 
90 116 117 
117 143 144 
144 170 171 
171 197 198 
198 224 225 
225 251 252 
252 278 279 
279 305 306 
306 332 333 
333 359 360 
360 386 387 
387 413 414 
414 440 441 
441 467 468 
468 494 495 
495 521 522 
522 548 549 
549 575 576 
576 602 603 
603 629 630 
630 656 657 
657 683 684 
684 710 711 
10 36 37 
37 63 64 
64 90 91 
91 117 118 
118 144 145 
145 171 172 
172 198 199 
199 225 226 
226 252 253 
253 279 280 
280 306 307 
307 333 334 
334 360 361 
361 387 388 
388 414 415 
415 441 442 
442 468 469 
469 495 496 
496 522 523 
523 549 550 
550 576 577 
577 603 604 
604 630 631 
631 657 658 
658 684 685 
685 711 712 
11 37 38 
38 64 65 
65 91 92 
92 118 119 
119 145 146 
146 172 173 
173 199 200 
200 226 227 
227 253 254 
254 280 281 
281 307 308 
308 334 335 
335 361 362 
362 388 389 
389 415 416 
416 442 443 
443 469 470 
470 496 497 
497 523 524 
524 550 551 
551 577 578 
578 604 605 
605 631 632 
632 658 659 
659 685 686 
686 712 713 
12 38 39 
39 65 66 
66 92 93 
93 119 120 
120 146 147 
147 173 174 
174 200 201 
201 227 228 
228 254 255 
255 281 282 
282 308 309 
309 335 336 
336 362 363 
363 389 390 
390 416 417 
417 443 444 
444 470 471 
471 497 498 
498 524 525 
525 551 552 
552 578 579 
579 605 606 
606 632 633 
633 659 660 
660 686 687 
687 713 714 
13 39 40 
40 66 67 
67 93 94 
94 120 121 
121 147 148 
148 174 175 
175 201 202 
202 228 229 
229 255 256 
256 282 283 
283 309 310 
310 336 337 
337 363 364 
364 390 391 
391 417 418 
418 444 445 
445 471 472 
472 498 499 
499 525 526 
526 552 553 
553 579 580 
580 606 607 
607 633 634 
634 660 661 
661 687 688 
688 714 715 
14 40 41 
41 67 68 
68 94 95 
95 121 122 
122 148 149 
149 175 176 
176 202 203 
203 229 230 
230 256 257 
257 283 284 
284 310 311 
311 337 338 
338 364 365 
365 391 392 
392 418 419 
419 445 446 
446 472 473 
473 499 500 
500 526 527 
527 553 554 
554 580 581 
581 607 608 
608 634 635 
635 661 662 
662 688 689 
689 715 716 
15 41 42 
42 68 69 
69 95 96 
96 122 123 
123 149 150 
150 176 177 
177 203 204 
204 230 231 
231 257 258 
258 284 285 
285 311 312 
312 338 339 
339 365 366 
366 392 393 
393 419 420 
420 446 447 
447 473 474 
474 500 501 
501 527 528 
528 554 555 
555 581 582 
582 608 609 
609 635 636 
636 662 663 
663 689 690 
690 716 717 
16 42 43 
43 69 70 
70 96 97 
97 123 124 
124 150 151 
151 177 178 
178 204 205 
205 231 232 
232 258 259 
259 285 286 
286 312 313 
313 339 340 
340 366 367 
367 393 394 
394 420 421 
421 447 448 
448 474 475 
475 501 502 
502 528 529 
529 555 556 
556 582 583 
583 609 610 
610 636 637 
637 663 664 
664 690 691 
691 717 718 
17 43 44 
44 70 71 
71 97 98 
98 124 125 
125 151 152 
152 178 179 
179 205 206 
206 232 233 
233 259 260 
260 286 287 
287 313 314 
314 340 341 
341 367 368 
368 394 395 
395 421 422 
422 448 449 
449 475 476 
476 502 503 
503 529 530 
530 556 557 
557 583 584 
584 610 611 
611 637 638 
638 664 665 
665 691 692 
692 718 719 
18 44 45 
45 71 72 
72 98 99 
99 125 126 
126 152 153 
153 179 180 
180 206 207 
207 233 234 
234 260 261 
261 287 288 
288 314 315 
315 341 342 
342 368 369 
369 395 396 
396 422 423 
423 449 450 
450 476 477 
477 503 504 
504 530 531 
531 557 558 
558 584 585 
585 611 612 
612 638 639 
639 665 666 
666 692 693 
693 719 720 
19 45 46 
46 72 73 
73 99 100 
100 126 127 
127 153 154 
154 180 181 
181 207 208 
208 234 235 
235 261 262 
262 288 289 
289 315 316 
316 342 343 
343 369 370 
370 396 397 
397 423 424 
424 450 451 
451 477 478 
478 504 505 
505 531 532 
532 558 559 
559 585 586 
586 612 613 
613 639 640 
640 666 667 
667 693 694 
694 720 721 
20 46 47 
47 73 74 
74 100 101 
101 127 128 
128 154 155 
155 181 182 
182 208 209 
209 235 236 
236 262 263 
263 289 290 
290 316 317 
317 343 344 
344 370 371 
371 397 398 
398 424 425 
425 451 452 
452 478 479 
479 505 506 
506 532 533 
533 559 560 
560 586 587 
587 613 614 
614 640 641 
641 667 668 
668 694 695 
695 721 722 
21 47 48 
48 74 75 
75 101 102 
102 128 129 
129 155 156 
156 182 183 
183 209 210 
210 236 237 
237 263 264 
264 290 291 
291 317 318 
318 344 345 
345 371 372 
372 398 399 
399 425 426 
426 452 453 
453 479 480 
480 506 507 
507 533 534 
534 560 561 
561 587 588 
588 614 615 
615 641 642 
642 668 669 
669 695 696 
696 722 723 
22 48 49 
49 75 76 
76 102 103 
103 129 130 
130 156 157 
157 183 184 
184 210 211 
211 237 238 
238 264 265 
265 291 292 
292 318 319 
319 345 346 
346 372 373 
373 399 400 
400 426 427 
427 453 454 
454 480 481 
481 507 508 
508 534 535 
535 561 562 
562 588 589 
589 615 616 
616 642 643 
643 669 670 
670 696 697 
697 723 724 
23 49 50 
50 76 77 
77 103 104 
104 130 131 
131 157 158 
158 184 185 
185 211 212 
212 238 239 
239 265 266 
266 292 293 
293 319 320 
320 346 347 
347 373 374 
374 400 401 
401 427 428 
428 454 455 
455 481 482 
482 508 509 
509 535 536 
536 562 563 
563 589 590 
590 616 617 
617 643 644 
644 670 671 
671 697 698 
698 724 725 
24 50 51 
51 77 78 
78 104 105 
105 131 132 
132 158 159 
159 185 186 
186 212 213 
213 239 240 
240 266 267 
267 293 294 
294 320 321 
321 347 348 
348 374 375 
375 401 402 
402 428 429 
429 455 456 
456 482 483 
483 509 510 
510 536 537 
537 563 564 
564 590 591 
591 617 618 
618 644 645 
645 671 672 
672 698 699 
699 725 726 
25 51 52 
52 78 79 
79 105 106 
106 132 133 
133 159 160 
160 186 187 
187 213 214 
214 240 241 
241 267 268 
268 294 295 
295 321 322 
322 348 349 
349 375 376 
376 402 403 
403 429 430 
430 456 457 
457 483 484 
484 510 511 
511 537 538 
538 564 565 
565 591 592 
592 618 619 
619 645 646 
646 672 673 
673 699 700 
700 726 727 
26 52 53 
53 79 80 
80 106 107 
107 133 134 
134 160 161 
161 187 188 
188 214 215 
215 241 242 
242 268 269 
269 295 296 
296 322 323 
323 349 350 
350 376 377 
377 403 404 
404 430 431 
431 457 458 
458 484 485 
485 511 512 
512 538 539 
539 565 566 
566 592 593 
593 619 620 
620 646 647 
647 673 674 
674 700 701 
701 727 728 
27 53 54 
54 80 81 
81 107 108 
108 134 135 
135 161 162 
162 188 189 
189 215 216 
216 242 243 
243 269 270 
270 296 297 
297 323 324 
324 350 351 
351 377 378 
378 404 405 
405 431 432 
432 458 459 
459 485 486 
486 512 513 
513 539 540 
540 566 567 
567 593 594 
594 620 621 
621 647 648 
648 674 675 
675 701 702 
702 728 729 
