5408 
1 54 2 
54 107 55 
107 160 108 
160 213 161 
213 266 214 
266 319 267 
319 372 320 
372 425 373 
425 478 426 
478 531 479 
531 584 532 
584 637 585 
637 690 638 
690 743 691 
743 796 744 
796 849 797 
849 902 850 
902 955 903 
955 1008 956 
1008 1061 1009 
1061 1114 1062 
1114 1167 1115 
1167 1220 1168 
1220 1273 1221 
1273 1326 1274 
1326 1379 1327 
1379 1432 1380 
1432 1485 1433 
1485 1538 1486 
1538 1591 1539 
1591 1644 1592 
1644 1697 1645 
1697 1750 1698 
1750 1803 1751 
1803 1856 1804 
1856 1909 1857 
1909 1962 1910 
1962 2015 1963 
2015 2068 2016 
2068 2121 2069 
2121 2174 2122 
2174 2227 2175 
2227 2280 2228 
2280 2333 2281 
2333 2386 2334 
2386 2439 2387 
2439 2492 2440 
2492 2545 2493 
2545 2598 2546 
2598 2651 2599 
2651 2704 2652 
2704 2757 2705 
2 55 3 
55 108 56 
108 161 109 
161 214 162 
214 267 215 
267 320 268 
320 373 321 
373 426 374 
426 479 427 
479 532 480 
532 585 533 
585 638 586 
638 691 639 
691 744 692 
744 797 745 
797 850 798 
850 903 851 
903 956 904 
956 1009 957 
1009 1062 1010 
1062 1115 1063 
1115 1168 1116 
1168 1221 1169 
1221 1274 1222 
1274 1327 1275 
1327 1380 1328 
1380 1433 1381 
1433 1486 1434 
1486 1539 1487 
1539 1592 1540 
1592 1645 1593 
1645 1698 1646 
1698 1751 1699 
1751 1804 1752 
1804 1857 1805 
1857 1910 1858 
1910 1963 1911 
1963 2016 1964 
2016 2069 2017 
2069 2122 2070 
2122 2175 2123 
2175 2228 2176 
2228 2281 2229 
2281 2334 2282 
2334 2387 2335 
2387 2440 2388 
2440 2493 2441 
2493 2546 2494 
2546 2599 2547 
2599 2652 2600 
2652 2705 2653 
2705 2758 2706 
3 56 4 
56 109 57 
109 162 110 
162 215 163 
215 268 216 
268 321 269 
321 374 322 
374 427 375 
427 480 428 
480 533 481 
533 586 534 
586 639 587 
639 692 640 
692 745 693 
745 798 746 
798 851 799 
851 904 852 
904 957 905 
957 1010 958 
1010 1063 1011 
1063 1116 1064 
1116 1169 1117 
1169 1222 1170 
1222 1275 1223 
1275 1328 1276 
1328 1381 1329 
1381 1434 1382 
1434 1487 1435 
1487 1540 1488 
1540 1593 1541 
1593 1646 1594 
1646 1699 1647 
1699 1752 1700 
1752 1805 1753 
1805 1858 1806 
1858 1911 1859 
1911 1964 1912 
1964 2017 1965 
2017 2070 2018 
2070 2123 2071 
2123 2176 2124 
2176 2229 2177 
2229 2282 2230 
2282 2335 2283 
2335 2388 2336 
2388 2441 2389 
2441 2494 2442 
2494 2547 2495 
2547 2600 2548 
2600 2653 2601 
2653 2706 2654 
2706 2759 2707 
4 57 5 
57 110 58 
110 163 111 
163 216 164 
216 269 217 
269 322 270 
322 375 323 
375 428 376 
428 481 429 
481 534 482 
534 587 535 
587 640 588 
640 693 641 
693 746 694 
746 799 747 
799 852 800 
852 905 853 
905 958 906 
958 1011 959 
1011 1064 1012 
1064 1117 1065 
1117 1170 1118 
1170 1223 1171 
1223 1276 1224 
1276 1329 1277 
1329 1382 1330 
1382 1435 1383 
1435 1488 1436 
1488 1541 1489 
1541 1594 1542 
1594 1647 1595 
1647 1700 1648 
1700 1753 1701 
1753 1806 1754 
1806 1859 1807 
1859 1912 1860 
1912 1965 1913 
1965 2018 1966 
2018 2071 2019 
2071 2124 2072 
2124 2177 2125 
2177 2230 2178 
2230 2283 2231 
2283 2336 2284 
2336 2389 2337 
2389 2442 2390 
2442 2495 2443 
2495 2548 2496 
2548 2601 2549 
2601 2654 2602 
2654 2707 2655 
2707 2760 2708 
5 58 6 
58 111 59 
111 164 112 
164 217 165 
217 270 218 
270 323 271 
323 376 324 
376 429 377 
429 482 430 
482 535 483 
535 588 536 
588 641 589 
641 694 642 
694 747 695 
747 800 748 
800 853 801 
853 906 854 
906 959 907 
959 1012 960 
1012 1065 1013 
1065 1118 1066 
1118 1171 1119 
1171 1224 1172 
1224 1277 1225 
1277 1330 1278 
1330 1383 1331 
1383 1436 1384 
1436 1489 1437 
1489 1542 1490 
1542 1595 1543 
1595 1648 1596 
1648 1701 1649 
1701 1754 1702 
1754 1807 1755 
1807 1860 1808 
1860 1913 1861 
1913 1966 1914 
1966 2019 1967 
2019 2072 2020 
2072 2125 2073 
2125 2178 2126 
2178 2231 2179 
2231 2284 2232 
2284 2337 2285 
2337 2390 2338 
2390 2443 2391 
2443 2496 2444 
2496 2549 2497 
2549 2602 2550 
2602 2655 2603 
2655 2708 2656 
2708 2761 2709 
6 59 7 
59 112 60 
112 165 113 
165 218 166 
218 271 219 
271 324 272 
324 377 325 
377 430 378 
430 483 431 
483 536 484 
536 589 537 
589 642 590 
642 695 643 
695 748 696 
748 801 749 
801 854 802 
854 907 855 
907 960 908 
960 1013 961 
1013 1066 1014 
1066 1119 1067 
1119 1172 1120 
1172 1225 1173 
1225 1278 1226 
1278 1331 1279 
1331 1384 1332 
1384 1437 1385 
1437 1490 1438 
1490 1543 1491 
1543 1596 1544 
1596 1649 1597 
1649 1702 1650 
1702 1755 1703 
1755 1808 1756 
1808 1861 1809 
1861 1914 1862 
1914 1967 1915 
1967 2020 1968 
2020 2073 2021 
2073 2126 2074 
2126 2179 2127 
2179 2232 2180 
2232 2285 2233 
2285 2338 2286 
2338 2391 2339 
2391 2444 2392 
2444 2497 2445 
2497 2550 2498 
2550 2603 2551 
2603 2656 2604 
2656 2709 2657 
2709 2762 2710 
7 60 8 
60 113 61 
113 166 114 
166 219 167 
219 272 220 
272 325 273 
325 378 326 
378 431 379 
431 484 432 
484 537 485 
537 590 538 
590 643 591 
643 696 644 
696 749 697 
749 802 750 
802 855 803 
855 908 856 
908 961 909 
961 1014 962 
1014 1067 1015 
1067 1120 1068 
1120 1173 1121 
1173 1226 1174 
1226 1279 1227 
1279 1332 1280 
1332 1385 1333 
1385 1438 1386 
1438 1491 1439 
1491 1544 1492 
1544 1597 1545 
1597 1650 1598 
1650 1703 1651 
1703 1756 1704 
1756 1809 1757 
1809 1862 1810 
1862 1915 1863 
1915 1968 1916 
1968 2021 1969 
2021 2074 2022 
2074 2127 2075 
2127 2180 2128 
2180 2233 2181 
2233 2286 2234 
2286 2339 2287 
2339 2392 2340 
2392 2445 2393 
2445 2498 2446 
2498 2551 2499 
2551 2604 2552 
2604 2657 2605 
2657 2710 2658 
2710 2763 2711 
8 61 9 
61 114 62 
114 167 115 
167 220 168 
220 273 221 
273 326 274 
326 379 327 
379 432 380 
432 485 433 
485 538 486 
538 591 539 
591 644 592 
644 697 645 
697 750 698 
750 803 751 
803 856 804 
856 909 857 
909 962 910 
962 1015 963 
1015 1068 1016 
1068 1121 1069 
1121 1174 1122 
1174 1227 1175 
1227 1280 1228 
1280 1333 1281 
1333 1386 1334 
1386 1439 1387 
1439 1492 1440 
1492 1545 1493 
1545 1598 1546 
1598 1651 1599 
1651 1704 1652 
1704 1757 1705 
1757 1810 1758 
1810 1863 1811 
1863 1916 1864 
1916 1969 1917 
1969 2022 1970 
2022 2075 2023 
2075 2128 2076 
2128 2181 2129 
2181 2234 2182 
2234 2287 2235 
2287 2340 2288 
2340 2393 2341 
2393 2446 2394 
2446 2499 2447 
2499 2552 2500 
2552 2605 2553 
2605 2658 2606 
2658 2711 2659 
2711 2764 2712 
9 62 10 
62 115 63 
115 168 116 
168 221 169 
221 274 222 
274 327 275 
327 380 328 
380 433 381 
433 486 434 
486 539 487 
539 592 540 
592 645 593 
645 698 646 
698 751 699 
751 804 752 
804 857 805 
857 910 858 
910 963 911 
963 1016 964 
1016 1069 1017 
1069 1122 1070 
1122 1175 1123 
1175 1228 1176 
1228 1281 1229 
1281 1334 1282 
1334 1387 1335 
1387 1440 1388 
1440 1493 1441 
1493 1546 1494 
1546 1599 1547 
1599 1652 1600 
1652 1705 1653 
1705 1758 1706 
1758 1811 1759 
1811 1864 1812 
1864 1917 1865 
1917 1970 1918 
1970 2023 1971 
2023 2076 2024 
2076 2129 2077 
2129 2182 2130 
2182 2235 2183 
2235 2288 2236 
2288 2341 2289 
2341 2394 2342 
2394 2447 2395 
2447 2500 2448 
2500 2553 2501 
2553 2606 2554 
2606 2659 2607 
2659 2712 2660 
2712 2765 2713 
10 63 11 
63 116 64 
116 169 117 
169 222 170 
222 275 223 
275 328 276 
328 381 329 
381 434 382 
434 487 435 
487 540 488 
540 593 541 
593 646 594 
646 699 647 
699 752 700 
752 805 753 
805 858 806 
858 911 859 
911 964 912 
964 1017 965 
1017 1070 1018 
1070 1123 1071 
1123 1176 1124 
1176 1229 1177 
1229 1282 1230 
1282 1335 1283 
1335 1388 1336 
1388 1441 1389 
1441 1494 1442 
1494 1547 1495 
1547 1600 1548 
1600 1653 1601 
1653 1706 1654 
1706 1759 1707 
1759 1812 1760 
1812 1865 1813 
1865 1918 1866 
1918 1971 1919 
1971 2024 1972 
2024 2077 2025 
2077 2130 2078 
2130 2183 2131 
2183 2236 2184 
2236 2289 2237 
2289 2342 2290 
2342 2395 2343 
2395 2448 2396 
2448 2501 2449 
2501 2554 2502 
2554 2607 2555 
2607 2660 2608 
2660 2713 2661 
2713 2766 2714 
11 64 12 
64 117 65 
117 170 118 
170 223 171 
223 276 224 
276 329 277 
329 382 330 
382 435 383 
435 488 436 
488 541 489 
541 594 542 
594 647 595 
647 700 648 
700 753 701 
753 806 754 
806 859 807 
859 912 860 
912 965 913 
965 1018 966 
1018 1071 1019 
1071 1124 1072 
1124 1177 1125 
1177 1230 1178 
1230 1283 1231 
1283 1336 1284 
1336 1389 1337 
1389 1442 1390 
1442 1495 1443 
1495 1548 1496 
1548 1601 1549 
1601 1654 1602 
1654 1707 1655 
1707 1760 1708 
1760 1813 1761 
1813 1866 1814 
1866 1919 1867 
1919 1972 1920 
1972 2025 1973 
2025 2078 2026 
2078 2131 2079 
2131 2184 2132 
2184 2237 2185 
2237 2290 2238 
2290 2343 2291 
2343 2396 2344 
2396 2449 2397 
2449 2502 2450 
2502 2555 2503 
2555 2608 2556 
2608 2661 2609 
2661 2714 2662 
2714 2767 2715 
12 65 13 
65 118 66 
118 171 119 
171 224 172 
224 277 225 
277 330 278 
330 383 331 
383 436 384 
436 489 437 
489 542 490 
542 595 543 
595 648 596 
648 701 649 
701 754 702 
754 807 755 
807 860 808 
860 913 861 
913 966 914 
966 1019 967 
1019 1072 1020 
1072 1125 1073 
1125 1178 1126 
1178 1231 1179 
1231 1284 1232 
1284 1337 1285 
1337 1390 1338 
1390 1443 1391 
1443 1496 1444 
1496 1549 1497 
1549 1602 1550 
1602 1655 1603 
1655 1708 1656 
1708 1761 1709 
1761 1814 1762 
1814 1867 1815 
1867 1920 1868 
1920 1973 1921 
1973 2026 1974 
2026 2079 2027 
2079 2132 2080 
2132 2185 2133 
2185 2238 2186 
2238 2291 2239 
2291 2344 2292 
2344 2397 2345 
2397 2450 2398 
2450 2503 2451 
2503 2556 2504 
2556 2609 2557 
2609 2662 2610 
2662 2715 2663 
2715 2768 2716 
13 66 14 
66 119 67 
119 172 120 
172 225 173 
225 278 226 
278 331 279 
331 384 332 
384 437 385 
437 490 438 
490 543 491 
543 596 544 
596 649 597 
649 702 650 
702 755 703 
755 808 756 
808 861 809 
861 914 862 
914 967 915 
967 1020 968 
1020 1073 1021 
1073 1126 1074 
1126 1179 1127 
1179 1232 1180 
1232 1285 1233 
1285 1338 1286 
1338 1391 1339 
1391 1444 1392 
1444 1497 1445 
1497 1550 1498 
1550 1603 1551 
1603 1656 1604 
1656 1709 1657 
1709 1762 1710 
1762 1815 1763 
1815 1868 1816 
1868 1921 1869 
1921 1974 1922 
1974 2027 1975 
2027 2080 2028 
2080 2133 2081 
2133 2186 2134 
2186 2239 2187 
2239 2292 2240 
2292 2345 2293 
2345 2398 2346 
2398 2451 2399 
2451 2504 2452 
2504 2557 2505 
2557 2610 2558 
2610 2663 2611 
2663 2716 2664 
2716 2769 2717 
14 67 15 
67 120 68 
120 173 121 
173 226 174 
226 279 227 
279 332 280 
332 385 333 
385 438 386 
438 491 439 
491 544 492 
544 597 545 
597 650 598 
650 703 651 
703 756 704 
756 809 757 
809 862 810 
862 915 863 
915 968 916 
968 1021 969 
1021 1074 1022 
1074 1127 1075 
1127 1180 1128 
1180 1233 1181 
1233 1286 1234 
1286 1339 1287 
1339 1392 1340 
1392 1445 1393 
1445 1498 1446 
1498 1551 1499 
1551 1604 1552 
1604 1657 1605 
1657 1710 1658 
1710 1763 1711 
1763 1816 1764 
1816 1869 1817 
1869 1922 1870 
1922 1975 1923 
1975 2028 1976 
2028 2081 2029 
2081 2134 2082 
2134 2187 2135 
2187 2240 2188 
2240 2293 2241 
2293 2346 2294 
2346 2399 2347 
2399 2452 2400 
2452 2505 2453 
2505 2558 2506 
2558 2611 2559 
2611 2664 2612 
2664 2717 2665 
2717 2770 2718 
15 68 16 
68 121 69 
121 174 122 
174 227 175 
227 280 228 
280 333 281 
333 386 334 
386 439 387 
439 492 440 
492 545 493 
545 598 546 
598 651 599 
651 704 652 
704 757 705 
757 810 758 
810 863 811 
863 916 864 
916 969 917 
969 1022 970 
1022 1075 1023 
1075 1128 1076 
1128 1181 1129 
1181 1234 1182 
1234 1287 1235 
1287 1340 1288 
1340 1393 1341 
1393 1446 1394 
1446 1499 1447 
1499 1552 1500 
1552 1605 1553 
1605 1658 1606 
1658 1711 1659 
1711 1764 1712 
1764 1817 1765 
1817 1870 1818 
1870 1923 1871 
1923 1976 1924 
1976 2029 1977 
2029 2082 2030 
2082 2135 2083 
2135 2188 2136 
2188 2241 2189 
2241 2294 2242 
2294 2347 2295 
2347 2400 2348 
2400 2453 2401 
2453 2506 2454 
2506 2559 2507 
2559 2612 2560 
2612 2665 2613 
2665 2718 2666 
2718 2771 2719 
16 69 17 
69 122 70 
122 175 123 
175 228 176 
228 281 229 
281 334 282 
334 387 335 
387 440 388 
440 493 441 
493 546 494 
546 599 547 
599 652 600 
652 705 653 
705 758 706 
758 811 759 
811 864 812 
864 917 865 
917 970 918 
970 1023 971 
1023 1076 1024 
1076 1129 1077 
1129 1182 1130 
1182 1235 1183 
1235 1288 1236 
1288 1341 1289 
1341 1394 1342 
1394 1447 1395 
1447 1500 1448 
1500 1553 1501 
1553 1606 1554 
1606 1659 1607 
1659 1712 1660 
1712 1765 1713 
1765 1818 1766 
1818 1871 1819 
1871 1924 1872 
1924 1977 1925 
1977 2030 1978 
2030 2083 2031 
2083 2136 2084 
2136 2189 2137 
2189 2242 2190 
2242 2295 2243 
2295 2348 2296 
2348 2401 2349 
2401 2454 2402 
2454 2507 2455 
2507 2560 2508 
2560 2613 2561 
2613 2666 2614 
2666 2719 2667 
2719 2772 2720 
17 70 18 
70 123 71 
123 176 124 
176 229 177 
229 282 230 
282 335 283 
335 388 336 
388 441 389 
441 494 442 
494 547 495 
547 600 548 
600 653 601 
653 706 654 
706 759 707 
759 812 760 
812 865 813 
865 918 866 
918 971 919 
971 1024 972 
1024 1077 1025 
1077 1130 1078 
1130 1183 1131 
1183 1236 1184 
1236 1289 1237 
1289 1342 1290 
1342 1395 1343 
1395 1448 1396 
1448 1501 1449 
1501 1554 1502 
1554 1607 1555 
1607 1660 1608 
1660 1713 1661 
1713 1766 1714 
1766 1819 1767 
1819 1872 1820 
1872 1925 1873 
1925 1978 1926 
1978 2031 1979 
2031 2084 2032 
2084 2137 2085 
2137 2190 2138 
2190 2243 2191 
2243 2296 2244 
2296 2349 2297 
2349 2402 2350 
2402 2455 2403 
2455 2508 2456 
2508 2561 2509 
2561 2614 2562 
2614 2667 2615 
2667 2720 2668 
2720 2773 2721 
18 71 19 
71 124 72 
124 177 125 
177 230 178 
230 283 231 
283 336 284 
336 389 337 
389 442 390 
442 495 443 
495 548 496 
548 601 549 
601 654 602 
654 707 655 
707 760 708 
760 813 761 
813 866 814 
866 919 867 
919 972 920 
972 1025 973 
1025 1078 1026 
1078 1131 1079 
1131 1184 1132 
1184 1237 1185 
1237 1290 1238 
1290 1343 1291 
1343 1396 1344 
1396 1449 1397 
1449 1502 1450 
1502 1555 1503 
1555 1608 1556 
1608 1661 1609 
1661 1714 1662 
1714 1767 1715 
1767 1820 1768 
1820 1873 1821 
1873 1926 1874 
1926 1979 1927 
1979 2032 1980 
2032 2085 2033 
2085 2138 2086 
2138 2191 2139 
2191 2244 2192 
2244 2297 2245 
2297 2350 2298 
2350 2403 2351 
2403 2456 2404 
2456 2509 2457 
2509 2562 2510 
2562 2615 2563 
2615 2668 2616 
2668 2721 2669 
2721 2774 2722 
19 72 20 
72 125 73 
125 178 126 
178 231 179 
231 284 232 
284 337 285 
337 390 338 
390 443 391 
443 496 444 
496 549 497 
549 602 550 
602 655 603 
655 708 656 
708 761 709 
761 814 762 
814 867 815 
867 920 868 
920 973 921 
973 1026 974 
1026 1079 1027 
1079 1132 1080 
1132 1185 1133 
1185 1238 1186 
1238 1291 1239 
1291 1344 1292 
1344 1397 1345 
1397 1450 1398 
1450 1503 1451 
1503 1556 1504 
1556 1609 1557 
1609 1662 1610 
1662 1715 1663 
1715 1768 1716 
1768 1821 1769 
1821 1874 1822 
1874 1927 1875 
1927 1980 1928 
1980 2033 1981 
2033 2086 2034 
2086 2139 2087 
2139 2192 2140 
2192 2245 2193 
2245 2298 2246 
2298 2351 2299 
2351 2404 2352 
2404 2457 2405 
2457 2510 2458 
2510 2563 2511 
2563 2616 2564 
2616 2669 2617 
2669 2722 2670 
2722 2775 2723 
20 73 21 
73 126 74 
126 179 127 
179 232 180 
232 285 233 
285 338 286 
338 391 339 
391 444 392 
444 497 445 
497 550 498 
550 603 551 
603 656 604 
656 709 657 
709 762 710 
762 815 763 
815 868 816 
868 921 869 
921 974 922 
974 1027 975 
1027 1080 1028 
1080 1133 1081 
1133 1186 1134 
1186 1239 1187 
1239 1292 1240 
1292 1345 1293 
1345 1398 1346 
1398 1451 1399 
1451 1504 1452 
1504 1557 1505 
1557 1610 1558 
1610 1663 1611 
1663 1716 1664 
1716 1769 1717 
1769 1822 1770 
1822 1875 1823 
1875 1928 1876 
1928 1981 1929 
1981 2034 1982 
2034 2087 2035 
2087 2140 2088 
2140 2193 2141 
2193 2246 2194 
2246 2299 2247 
2299 2352 2300 
2352 2405 2353 
2405 2458 2406 
2458 2511 2459 
2511 2564 2512 
2564 2617 2565 
2617 2670 2618 
2670 2723 2671 
2723 2776 2724 
21 74 22 
74 127 75 
127 180 128 
180 233 181 
233 286 234 
286 339 287 
339 392 340 
392 445 393 
445 498 446 
498 551 499 
551 604 552 
604 657 605 
657 710 658 
710 763 711 
763 816 764 
816 869 817 
869 922 870 
922 975 923 
975 1028 976 
1028 1081 1029 
1081 1134 1082 
1134 1187 1135 
1187 1240 1188 
1240 1293 1241 
1293 1346 1294 
1346 1399 1347 
1399 1452 1400 
1452 1505 1453 
1505 1558 1506 
1558 1611 1559 
1611 1664 1612 
1664 1717 1665 
1717 1770 1718 
1770 1823 1771 
1823 1876 1824 
1876 1929 1877 
1929 1982 1930 
1982 2035 1983 
2035 2088 2036 
2088 2141 2089 
2141 2194 2142 
2194 2247 2195 
2247 2300 2248 
2300 2353 2301 
2353 2406 2354 
2406 2459 2407 
2459 2512 2460 
2512 2565 2513 
2565 2618 2566 
2618 2671 2619 
2671 2724 2672 
2724 2777 2725 
22 75 23 
75 128 76 
128 181 129 
181 234 182 
234 287 235 
287 340 288 
340 393 341 
393 446 394 
446 499 447 
499 552 500 
552 605 553 
605 658 606 
658 711 659 
711 764 712 
764 817 765 
817 870 818 
870 923 871 
923 976 924 
976 1029 977 
1029 1082 1030 
1082 1135 1083 
1135 1188 1136 
1188 1241 1189 
1241 1294 1242 
1294 1347 1295 
1347 1400 1348 
1400 1453 1401 
1453 1506 1454 
1506 1559 1507 
1559 1612 1560 
1612 1665 1613 
1665 1718 1666 
1718 1771 1719 
1771 1824 1772 
1824 1877 1825 
1877 1930 1878 
1930 1983 1931 
1983 2036 1984 
2036 2089 2037 
2089 2142 2090 
2142 2195 2143 
2195 2248 2196 
2248 2301 2249 
2301 2354 2302 
2354 2407 2355 
2407 2460 2408 
2460 2513 2461 
2513 2566 2514 
2566 2619 2567 
2619 2672 2620 
2672 2725 2673 
2725 2778 2726 
23 76 24 
76 129 77 
129 182 130 
182 235 183 
235 288 236 
288 341 289 
341 394 342 
394 447 395 
447 500 448 
500 553 501 
553 606 554 
606 659 607 
659 712 660 
712 765 713 
765 818 766 
818 871 819 
871 924 872 
924 977 925 
977 1030 978 
1030 1083 1031 
1083 1136 1084 
1136 1189 1137 
1189 1242 1190 
1242 1295 1243 
1295 1348 1296 
1348 1401 1349 
1401 1454 1402 
1454 1507 1455 
1507 1560 1508 
1560 1613 1561 
1613 1666 1614 
1666 1719 1667 
1719 1772 1720 
1772 1825 1773 
1825 1878 1826 
1878 1931 1879 
1931 1984 1932 
1984 2037 1985 
2037 2090 2038 
2090 2143 2091 
2143 2196 2144 
2196 2249 2197 
2249 2302 2250 
2302 2355 2303 
2355 2408 2356 
2408 2461 2409 
2461 2514 2462 
2514 2567 2515 
2567 2620 2568 
2620 2673 2621 
2673 2726 2674 
2726 2779 2727 
24 77 25 
77 130 78 
130 183 131 
183 236 184 
236 289 237 
289 342 290 
342 395 343 
395 448 396 
448 501 449 
501 554 502 
554 607 555 
607 660 608 
660 713 661 
713 766 714 
766 819 767 
819 872 820 
872 925 873 
925 978 926 
978 1031 979 
1031 1084 1032 
1084 1137 1085 
1137 1190 1138 
1190 1243 1191 
1243 1296 1244 
1296 1349 1297 
1349 1402 1350 
1402 1455 1403 
1455 1508 1456 
1508 1561 1509 
1561 1614 1562 
1614 1667 1615 
1667 1720 1668 
1720 1773 1721 
1773 1826 1774 
1826 1879 1827 
1879 1932 1880 
1932 1985 1933 
1985 2038 1986 
2038 2091 2039 
2091 2144 2092 
2144 2197 2145 
2197 2250 2198 
2250 2303 2251 
2303 2356 2304 
2356 2409 2357 
2409 2462 2410 
2462 2515 2463 
2515 2568 2516 
2568 2621 2569 
2621 2674 2622 
2674 2727 2675 
2727 2780 2728 
25 78 26 
78 131 79 
131 184 132 
184 237 185 
237 290 238 
290 343 291 
343 396 344 
396 449 397 
449 502 450 
502 555 503 
555 608 556 
608 661 609 
661 714 662 
714 767 715 
767 820 768 
820 873 821 
873 926 874 
926 979 927 
979 1032 980 
1032 1085 1033 
1085 1138 1086 
1138 1191 1139 
1191 1244 1192 
1244 1297 1245 
1297 1350 1298 
1350 1403 1351 
1403 1456 1404 
1456 1509 1457 
1509 1562 1510 
1562 1615 1563 
1615 1668 1616 
1668 1721 1669 
1721 1774 1722 
1774 1827 1775 
1827 1880 1828 
1880 1933 1881 
1933 1986 1934 
1986 2039 1987 
2039 2092 2040 
2092 2145 2093 
2145 2198 2146 
2198 2251 2199 
2251 2304 2252 
2304 2357 2305 
2357 2410 2358 
2410 2463 2411 
2463 2516 2464 
2516 2569 2517 
2569 2622 2570 
2622 2675 2623 
2675 2728 2676 
2728 2781 2729 
26 79 27 
79 132 80 
132 185 133 
185 238 186 
238 291 239 
291 344 292 
344 397 345 
397 450 398 
450 503 451 
503 556 504 
556 609 557 
609 662 610 
662 715 663 
715 768 716 
768 821 769 
821 874 822 
874 927 875 
927 980 928 
980 1033 981 
1033 1086 1034 
1086 1139 1087 
1139 1192 1140 
1192 1245 1193 
1245 1298 1246 
1298 1351 1299 
1351 1404 1352 
1404 1457 1405 
1457 1510 1458 
1510 1563 1511 
1563 1616 1564 
1616 1669 1617 
1669 1722 1670 
1722 1775 1723 
1775 1828 1776 
1828 1881 1829 
1881 1934 1882 
1934 1987 1935 
1987 2040 1988 
2040 2093 2041 
2093 2146 2094 
2146 2199 2147 
2199 2252 2200 
2252 2305 2253 
2305 2358 2306 
2358 2411 2359 
2411 2464 2412 
2464 2517 2465 
2517 2570 2518 
2570 2623 2571 
2623 2676 2624 
2676 2729 2677 
2729 2782 2730 
27 80 28 
80 133 81 
133 186 134 
186 239 187 
239 292 240 
292 345 293 
345 398 346 
398 451 399 
451 504 452 
504 557 505 
557 610 558 
610 663 611 
663 716 664 
716 769 717 
769 822 770 
822 875 823 
875 928 876 
928 981 929 
981 1034 982 
1034 1087 1035 
1087 1140 1088 
1140 1193 1141 
1193 1246 1194 
1246 1299 1247 
1299 1352 1300 
1352 1405 1353 
1405 1458 1406 
1458 1511 1459 
1511 1564 1512 
1564 1617 1565 
1617 1670 1618 
1670 1723 1671 
1723 1776 1724 
1776 1829 1777 
1829 1882 1830 
1882 1935 1883 
1935 1988 1936 
1988 2041 1989 
2041 2094 2042 
2094 2147 2095 
2147 2200 2148 
2200 2253 2201 
2253 2306 2254 
2306 2359 2307 
2359 2412 2360 
2412 2465 2413 
2465 2518 2466 
2518 2571 2519 
2571 2624 2572 
2624 2677 2625 
2677 2730 2678 
2730 2783 2731 
28 81 29 
81 134 82 
134 187 135 
187 240 188 
240 293 241 
293 346 294 
346 399 347 
399 452 400 
452 505 453 
505 558 506 
558 611 559 
611 664 612 
664 717 665 
717 770 718 
770 823 771 
823 876 824 
876 929 877 
929 982 930 
982 1035 983 
1035 1088 1036 
1088 1141 1089 
1141 1194 1142 
1194 1247 1195 
1247 1300 1248 
1300 1353 1301 
1353 1406 1354 
1406 1459 1407 
1459 1512 1460 
1512 1565 1513 
1565 1618 1566 
1618 1671 1619 
1671 1724 1672 
1724 1777 1725 
1777 1830 1778 
1830 1883 1831 
1883 1936 1884 
1936 1989 1937 
1989 2042 1990 
2042 2095 2043 
2095 2148 2096 
2148 2201 2149 
2201 2254 2202 
2254 2307 2255 
2307 2360 2308 
2360 2413 2361 
2413 2466 2414 
2466 2519 2467 
2519 2572 2520 
2572 2625 2573 
2625 2678 2626 
2678 2731 2679 
2731 2784 2732 
29 82 30 
82 135 83 
135 188 136 
188 241 189 
241 294 242 
294 347 295 
347 400 348 
400 453 401 
453 506 454 
506 559 507 
559 612 560 
612 665 613 
665 718 666 
718 771 719 
771 824 772 
824 877 825 
877 930 878 
930 983 931 
983 1036 984 
1036 1089 1037 
1089 1142 1090 
1142 1195 1143 
1195 1248 1196 
1248 1301 1249 
1301 1354 1302 
1354 1407 1355 
1407 1460 1408 
1460 1513 1461 
1513 1566 1514 
1566 1619 1567 
1619 1672 1620 
1672 1725 1673 
1725 1778 1726 
1778 1831 1779 
1831 1884 1832 
1884 1937 1885 
1937 1990 1938 
1990 2043 1991 
2043 2096 2044 
2096 2149 2097 
2149 2202 2150 
2202 2255 2203 
2255 2308 2256 
2308 2361 2309 
2361 2414 2362 
2414 2467 2415 
2467 2520 2468 
2520 2573 2521 
2573 2626 2574 
2626 2679 2627 
2679 2732 2680 
2732 2785 2733 
30 83 31 
83 136 84 
136 189 137 
189 242 190 
242 295 243 
295 348 296 
348 401 349 
401 454 402 
454 507 455 
507 560 508 
560 613 561 
613 666 614 
666 719 667 
719 772 720 
772 825 773 
825 878 826 
878 931 879 
931 984 932 
984 1037 985 
1037 1090 1038 
1090 1143 1091 
1143 1196 1144 
1196 1249 1197 
1249 1302 1250 
1302 1355 1303 
1355 1408 1356 
1408 1461 1409 
1461 1514 1462 
1514 1567 1515 
1567 1620 1568 
1620 1673 1621 
1673 1726 1674 
1726 1779 1727 
1779 1832 1780 
1832 1885 1833 
1885 1938 1886 
1938 1991 1939 
1991 2044 1992 
2044 2097 2045 
2097 2150 2098 
2150 2203 2151 
2203 2256 2204 
2256 2309 2257 
2309 2362 2310 
2362 2415 2363 
2415 2468 2416 
2468 2521 2469 
2521 2574 2522 
2574 2627 2575 
2627 2680 2628 
2680 2733 2681 
2733 2786 2734 
31 84 32 
84 137 85 
137 190 138 
190 243 191 
243 296 244 
296 349 297 
349 402 350 
402 455 403 
455 508 456 
508 561 509 
561 614 562 
614 667 615 
667 720 668 
720 773 721 
773 826 774 
826 879 827 
879 932 880 
932 985 933 
985 1038 986 
1038 1091 1039 
1091 1144 1092 
1144 1197 1145 
1197 1250 1198 
1250 1303 1251 
1303 1356 1304 
1356 1409 1357 
1409 1462 1410 
1462 1515 1463 
1515 1568 1516 
1568 1621 1569 
1621 1674 1622 
1674 1727 1675 
1727 1780 1728 
1780 1833 1781 
1833 1886 1834 
1886 1939 1887 
1939 1992 1940 
1992 2045 1993 
2045 2098 2046 
2098 2151 2099 
2151 2204 2152 
2204 2257 2205 
2257 2310 2258 
2310 2363 2311 
2363 2416 2364 
2416 2469 2417 
2469 2522 2470 
2522 2575 2523 
2575 2628 2576 
2628 2681 2629 
2681 2734 2682 
2734 2787 2735 
32 85 33 
85 138 86 
138 191 139 
191 244 192 
244 297 245 
297 350 298 
350 403 351 
403 456 404 
456 509 457 
509 562 510 
562 615 563 
615 668 616 
668 721 669 
721 774 722 
774 827 775 
827 880 828 
880 933 881 
933 986 934 
986 1039 987 
1039 1092 1040 
1092 1145 1093 
1145 1198 1146 
1198 1251 1199 
1251 1304 1252 
1304 1357 1305 
1357 1410 1358 
1410 1463 1411 
1463 1516 1464 
1516 1569 1517 
1569 1622 1570 
1622 1675 1623 
1675 1728 1676 
1728 1781 1729 
1781 1834 1782 
1834 1887 1835 
1887 1940 1888 
1940 1993 1941 
1993 2046 1994 
2046 2099 2047 
2099 2152 2100 
2152 2205 2153 
2205 2258 2206 
2258 2311 2259 
2311 2364 2312 
2364 2417 2365 
2417 2470 2418 
2470 2523 2471 
2523 2576 2524 
2576 2629 2577 
2629 2682 2630 
2682 2735 2683 
2735 2788 2736 
33 86 34 
86 139 87 
139 192 140 
192 245 193 
245 298 246 
298 351 299 
351 404 352 
404 457 405 
457 510 458 
510 563 511 
563 616 564 
616 669 617 
669 722 670 
722 775 723 
775 828 776 
828 881 829 
881 934 882 
934 987 935 
987 1040 988 
1040 1093 1041 
1093 1146 1094 
1146 1199 1147 
1199 1252 1200 
1252 1305 1253 
1305 1358 1306 
1358 1411 1359 
1411 1464 1412 
1464 1517 1465 
1517 1570 1518 
1570 1623 1571 
1623 1676 1624 
1676 1729 1677 
1729 1782 1730 
1782 1835 1783 
1835 1888 1836 
1888 1941 1889 
1941 1994 1942 
1994 2047 1995 
2047 2100 2048 
2100 2153 2101 
2153 2206 2154 
2206 2259 2207 
2259 2312 2260 
2312 2365 2313 
2365 2418 2366 
2418 2471 2419 
2471 2524 2472 
2524 2577 2525 
2577 2630 2578 
2630 2683 2631 
2683 2736 2684 
2736 2789 2737 
34 87 35 
87 140 88 
140 193 141 
193 246 194 
246 299 247 
299 352 300 
352 405 353 
405 458 406 
458 511 459 
511 564 512 
564 617 565 
617 670 618 
670 723 671 
723 776 724 
776 829 777 
829 882 830 
882 935 883 
935 988 936 
988 1041 989 
1041 1094 1042 
1094 1147 1095 
1147 1200 1148 
1200 1253 1201 
1253 1306 1254 
1306 1359 1307 
1359 1412 1360 
1412 1465 1413 
1465 1518 1466 
1518 1571 1519 
1571 1624 1572 
1624 1677 1625 
1677 1730 1678 
1730 1783 1731 
1783 1836 1784 
1836 1889 1837 
1889 1942 1890 
1942 1995 1943 
1995 2048 1996 
2048 2101 2049 
2101 2154 2102 
2154 2207 2155 
2207 2260 2208 
2260 2313 2261 
2313 2366 2314 
2366 2419 2367 
2419 2472 2420 
2472 2525 2473 
2525 2578 2526 
2578 2631 2579 
2631 2684 2632 
2684 2737 2685 
2737 2790 2738 
35 88 36 
88 141 89 
141 194 142 
194 247 195 
247 300 248 
300 353 301 
353 406 354 
406 459 407 
459 512 460 
512 565 513 
565 618 566 
618 671 619 
671 724 672 
724 777 725 
777 830 778 
830 883 831 
883 936 884 
936 989 937 
989 1042 990 
1042 1095 1043 
1095 1148 1096 
1148 1201 1149 
1201 1254 1202 
1254 1307 1255 
1307 1360 1308 
1360 1413 1361 
1413 1466 1414 
1466 1519 1467 
1519 1572 1520 
1572 1625 1573 
1625 1678 1626 
1678 1731 1679 
1731 1784 1732 
1784 1837 1785 
1837 1890 1838 
1890 1943 1891 
1943 1996 1944 
1996 2049 1997 
2049 2102 2050 
2102 2155 2103 
2155 2208 2156 
2208 2261 2209 
2261 2314 2262 
2314 2367 2315 
2367 2420 2368 
2420 2473 2421 
2473 2526 2474 
2526 2579 2527 
2579 2632 2580 
2632 2685 2633 
2685 2738 2686 
2738 2791 2739 
36 89 37 
89 142 90 
142 195 143 
195 248 196 
248 301 249 
301 354 302 
354 407 355 
407 460 408 
460 513 461 
513 566 514 
566 619 567 
619 672 620 
672 725 673 
725 778 726 
778 831 779 
831 884 832 
884 937 885 
937 990 938 
990 1043 991 
1043 1096 1044 
1096 1149 1097 
1149 1202 1150 
1202 1255 1203 
1255 1308 1256 
1308 1361 1309 
1361 1414 1362 
1414 1467 1415 
1467 1520 1468 
1520 1573 1521 
1573 1626 1574 
1626 1679 1627 
1679 1732 1680 
1732 1785 1733 
1785 1838 1786 
1838 1891 1839 
1891 1944 1892 
1944 1997 1945 
1997 2050 1998 
2050 2103 2051 
2103 2156 2104 
2156 2209 2157 
2209 2262 2210 
2262 2315 2263 
2315 2368 2316 
2368 2421 2369 
2421 2474 2422 
2474 2527 2475 
2527 2580 2528 
2580 2633 2581 
2633 2686 2634 
2686 2739 2687 
2739 2792 2740 
37 90 38 
90 143 91 
143 196 144 
196 249 197 
249 302 250 
302 355 303 
355 408 356 
408 461 409 
461 514 462 
514 567 515 
567 620 568 
620 673 621 
673 726 674 
726 779 727 
779 832 780 
832 885 833 
885 938 886 
938 991 939 
991 1044 992 
1044 1097 1045 
1097 1150 1098 
1150 1203 1151 
1203 1256 1204 
1256 1309 1257 
1309 1362 1310 
1362 1415 1363 
1415 1468 1416 
1468 1521 1469 
1521 1574 1522 
1574 1627 1575 
1627 1680 1628 
1680 1733 1681 
1733 1786 1734 
1786 1839 1787 
1839 1892 1840 
1892 1945 1893 
1945 1998 1946 
1998 2051 1999 
2051 2104 2052 
2104 2157 2105 
2157 2210 2158 
2210 2263 2211 
2263 2316 2264 
2316 2369 2317 
2369 2422 2370 
2422 2475 2423 
2475 2528 2476 
2528 2581 2529 
2581 2634 2582 
2634 2687 2635 
2687 2740 2688 
2740 2793 2741 
38 91 39 
91 144 92 
144 197 145 
197 250 198 
250 303 251 
303 356 304 
356 409 357 
409 462 410 
462 515 463 
515 568 516 
568 621 569 
621 674 622 
674 727 675 
727 780 728 
780 833 781 
833 886 834 
886 939 887 
939 992 940 
992 1045 993 
1045 1098 1046 
1098 1151 1099 
1151 1204 1152 
1204 1257 1205 
1257 1310 1258 
1310 1363 1311 
1363 1416 1364 
1416 1469 1417 
1469 1522 1470 
1522 1575 1523 
1575 1628 1576 
1628 1681 1629 
1681 1734 1682 
1734 1787 1735 
1787 1840 1788 
1840 1893 1841 
1893 1946 1894 
1946 1999 1947 
1999 2052 2000 
2052 2105 2053 
2105 2158 2106 
2158 2211 2159 
2211 2264 2212 
2264 2317 2265 
2317 2370 2318 
2370 2423 2371 
2423 2476 2424 
2476 2529 2477 
2529 2582 2530 
2582 2635 2583 
2635 2688 2636 
2688 2741 2689 
2741 2794 2742 
39 92 40 
92 145 93 
145 198 146 
198 251 199 
251 304 252 
304 357 305 
357 410 358 
410 463 411 
463 516 464 
516 569 517 
569 622 570 
622 675 623 
675 728 676 
728 781 729 
781 834 782 
834 887 835 
887 940 888 
940 993 941 
993 1046 994 
1046 1099 1047 
1099 1152 1100 
1152 1205 1153 
1205 1258 1206 
1258 1311 1259 
1311 1364 1312 
1364 1417 1365 
1417 1470 1418 
1470 1523 1471 
1523 1576 1524 
1576 1629 1577 
1629 1682 1630 
1682 1735 1683 
1735 1788 1736 
1788 1841 1789 
1841 1894 1842 
1894 1947 1895 
1947 2000 1948 
2000 2053 2001 
2053 2106 2054 
2106 2159 2107 
2159 2212 2160 
2212 2265 2213 
2265 2318 2266 
2318 2371 2319 
2371 2424 2372 
2424 2477 2425 
2477 2530 2478 
2530 2583 2531 
2583 2636 2584 
2636 2689 2637 
2689 2742 2690 
2742 2795 2743 
40 93 41 
93 146 94 
146 199 147 
199 252 200 
252 305 253 
305 358 306 
358 411 359 
411 464 412 
464 517 465 
517 570 518 
570 623 571 
623 676 624 
676 729 677 
729 782 730 
782 835 783 
835 888 836 
888 941 889 
941 994 942 
994 1047 995 
1047 1100 1048 
1100 1153 1101 
1153 1206 1154 
1206 1259 1207 
1259 1312 1260 
1312 1365 1313 
1365 1418 1366 
1418 1471 1419 
1471 1524 1472 
1524 1577 1525 
1577 1630 1578 
1630 1683 1631 
1683 1736 1684 
1736 1789 1737 
1789 1842 1790 
1842 1895 1843 
1895 1948 1896 
1948 2001 1949 
2001 2054 2002 
2054 2107 2055 
2107 2160 2108 
2160 2213 2161 
2213 2266 2214 
2266 2319 2267 
2319 2372 2320 
2372 2425 2373 
2425 2478 2426 
2478 2531 2479 
2531 2584 2532 
2584 2637 2585 
2637 2690 2638 
2690 2743 2691 
2743 2796 2744 
41 94 42 
94 147 95 
147 200 148 
200 253 201 
253 306 254 
306 359 307 
359 412 360 
412 465 413 
465 518 466 
518 571 519 
571 624 572 
624 677 625 
677 730 678 
730 783 731 
783 836 784 
836 889 837 
889 942 890 
942 995 943 
995 1048 996 
1048 1101 1049 
1101 1154 1102 
1154 1207 1155 
1207 1260 1208 
1260 1313 1261 
1313 1366 1314 
1366 1419 1367 
1419 1472 1420 
1472 1525 1473 
1525 1578 1526 
1578 1631 1579 
1631 1684 1632 
1684 1737 1685 
1737 1790 1738 
1790 1843 1791 
1843 1896 1844 
1896 1949 1897 
1949 2002 1950 
2002 2055 2003 
2055 2108 2056 
2108 2161 2109 
2161 2214 2162 
2214 2267 2215 
2267 2320 2268 
2320 2373 2321 
2373 2426 2374 
2426 2479 2427 
2479 2532 2480 
2532 2585 2533 
2585 2638 2586 
2638 2691 2639 
2691 2744 2692 
2744 2797 2745 
42 95 43 
95 148 96 
148 201 149 
201 254 202 
254 307 255 
307 360 308 
360 413 361 
413 466 414 
466 519 467 
519 572 520 
572 625 573 
625 678 626 
678 731 679 
731 784 732 
784 837 785 
837 890 838 
890 943 891 
943 996 944 
996 1049 997 
1049 1102 1050 
1102 1155 1103 
1155 1208 1156 
1208 1261 1209 
1261 1314 1262 
1314 1367 1315 
1367 1420 1368 
1420 1473 1421 
1473 1526 1474 
1526 1579 1527 
1579 1632 1580 
1632 1685 1633 
1685 1738 1686 
1738 1791 1739 
1791 1844 1792 
1844 1897 1845 
1897 1950 1898 
1950 2003 1951 
2003 2056 2004 
2056 2109 2057 
2109 2162 2110 
2162 2215 2163 
2215 2268 2216 
2268 2321 2269 
2321 2374 2322 
2374 2427 2375 
2427 2480 2428 
2480 2533 2481 
2533 2586 2534 
2586 2639 2587 
2639 2692 2640 
2692 2745 2693 
2745 2798 2746 
43 96 44 
96 149 97 
149 202 150 
202 255 203 
255 308 256 
308 361 309 
361 414 362 
414 467 415 
467 520 468 
520 573 521 
573 626 574 
626 679 627 
679 732 680 
732 785 733 
785 838 786 
838 891 839 
891 944 892 
944 997 945 
997 1050 998 
1050 1103 1051 
1103 1156 1104 
1156 1209 1157 
1209 1262 1210 
1262 1315 1263 
1315 1368 1316 
1368 1421 1369 
1421 1474 1422 
1474 1527 1475 
1527 1580 1528 
1580 1633 1581 
1633 1686 1634 
1686 1739 1687 
1739 1792 1740 
1792 1845 1793 
1845 1898 1846 
1898 1951 1899 
1951 2004 1952 
2004 2057 2005 
2057 2110 2058 
2110 2163 2111 
2163 2216 2164 
2216 2269 2217 
2269 2322 2270 
2322 2375 2323 
2375 2428 2376 
2428 2481 2429 
2481 2534 2482 
2534 2587 2535 
2587 2640 2588 
2640 2693 2641 
2693 2746 2694 
2746 2799 2747 
44 97 45 
97 150 98 
150 203 151 
203 256 204 
256 309 257 
309 362 310 
362 415 363 
415 468 416 
468 521 469 
521 574 522 
574 627 575 
627 680 628 
680 733 681 
733 786 734 
786 839 787 
839 892 840 
892 945 893 
945 998 946 
998 1051 999 
1051 1104 1052 
1104 1157 1105 
1157 1210 1158 
1210 1263 1211 
1263 1316 1264 
1316 1369 1317 
1369 1422 1370 
1422 1475 1423 
1475 1528 1476 
1528 1581 1529 
1581 1634 1582 
1634 1687 1635 
1687 1740 1688 
1740 1793 1741 
1793 1846 1794 
1846 1899 1847 
1899 1952 1900 
1952 2005 1953 
2005 2058 2006 
2058 2111 2059 
2111 2164 2112 
2164 2217 2165 
2217 2270 2218 
2270 2323 2271 
2323 2376 2324 
2376 2429 2377 
2429 2482 2430 
2482 2535 2483 
2535 2588 2536 
2588 2641 2589 
2641 2694 2642 
2694 2747 2695 
2747 2800 2748 
45 98 46 
98 151 99 
151 204 152 
204 257 205 
257 310 258 
310 363 311 
363 416 364 
416 469 417 
469 522 470 
522 575 523 
575 628 576 
628 681 629 
681 734 682 
734 787 735 
787 840 788 
840 893 841 
893 946 894 
946 999 947 
999 1052 1000 
1052 1105 1053 
1105 1158 1106 
1158 1211 1159 
1211 1264 1212 
1264 1317 1265 
1317 1370 1318 
1370 1423 1371 
1423 1476 1424 
1476 1529 1477 
1529 1582 1530 
1582 1635 1583 
1635 1688 1636 
1688 1741 1689 
1741 1794 1742 
1794 1847 1795 
1847 1900 1848 
1900 1953 1901 
1953 2006 1954 
2006 2059 2007 
2059 2112 2060 
2112 2165 2113 
2165 2218 2166 
2218 2271 2219 
2271 2324 2272 
2324 2377 2325 
2377 2430 2378 
2430 2483 2431 
2483 2536 2484 
2536 2589 2537 
2589 2642 2590 
2642 2695 2643 
2695 2748 2696 
2748 2801 2749 
46 99 47 
99 152 100 
152 205 153 
205 258 206 
258 311 259 
311 364 312 
364 417 365 
417 470 418 
470 523 471 
523 576 524 
576 629 577 
629 682 630 
682 735 683 
735 788 736 
788 841 789 
841 894 842 
894 947 895 
947 1000 948 
1000 1053 1001 
1053 1106 1054 
1106 1159 1107 
1159 1212 1160 
1212 1265 1213 
1265 1318 1266 
1318 1371 1319 
1371 1424 1372 
1424 1477 1425 
1477 1530 1478 
1530 1583 1531 
1583 1636 1584 
1636 1689 1637 
1689 1742 1690 
1742 1795 1743 
1795 1848 1796 
1848 1901 1849 
1901 1954 1902 
1954 2007 1955 
2007 2060 2008 
2060 2113 2061 
2113 2166 2114 
2166 2219 2167 
2219 2272 2220 
2272 2325 2273 
2325 2378 2326 
2378 2431 2379 
2431 2484 2432 
2484 2537 2485 
2537 2590 2538 
2590 2643 2591 
2643 2696 2644 
2696 2749 2697 
2749 2802 2750 
47 100 48 
100 153 101 
153 206 154 
206 259 207 
259 312 260 
312 365 313 
365 418 366 
418 471 419 
471 524 472 
524 577 525 
577 630 578 
630 683 631 
683 736 684 
736 789 737 
789 842 790 
842 895 843 
895 948 896 
948 1001 949 
1001 1054 1002 
1054 1107 1055 
1107 1160 1108 
1160 1213 1161 
1213 1266 1214 
1266 1319 1267 
1319 1372 1320 
1372 1425 1373 
1425 1478 1426 
1478 1531 1479 
1531 1584 1532 
1584 1637 1585 
1637 1690 1638 
1690 1743 1691 
1743 1796 1744 
1796 1849 1797 
1849 1902 1850 
1902 1955 1903 
1955 2008 1956 
2008 2061 2009 
2061 2114 2062 
2114 2167 2115 
2167 2220 2168 
2220 2273 2221 
2273 2326 2274 
2326 2379 2327 
2379 2432 2380 
2432 2485 2433 
2485 2538 2486 
2538 2591 2539 
2591 2644 2592 
2644 2697 2645 
2697 2750 2698 
2750 2803 2751 
48 101 49 
101 154 102 
154 207 155 
207 260 208 
260 313 261 
313 366 314 
366 419 367 
419 472 420 
472 525 473 
525 578 526 
578 631 579 
631 684 632 
684 737 685 
737 790 738 
790 843 791 
843 896 844 
896 949 897 
949 1002 950 
1002 1055 1003 
1055 1108 1056 
1108 1161 1109 
1161 1214 1162 
1214 1267 1215 
1267 1320 1268 
1320 1373 1321 
1373 1426 1374 
1426 1479 1427 
1479 1532 1480 
1532 1585 1533 
1585 1638 1586 
1638 1691 1639 
1691 1744 1692 
1744 1797 1745 
1797 1850 1798 
1850 1903 1851 
1903 1956 1904 
1956 2009 1957 
2009 2062 2010 
2062 2115 2063 
2115 2168 2116 
2168 2221 2169 
2221 2274 2222 
2274 2327 2275 
2327 2380 2328 
2380 2433 2381 
2433 2486 2434 
2486 2539 2487 
2539 2592 2540 
2592 2645 2593 
2645 2698 2646 
2698 2751 2699 
2751 2804 2752 
49 102 50 
102 155 103 
155 208 156 
208 261 209 
261 314 262 
314 367 315 
367 420 368 
420 473 421 
473 526 474 
526 579 527 
579 632 580 
632 685 633 
685 738 686 
738 791 739 
791 844 792 
844 897 845 
897 950 898 
950 1003 951 
1003 1056 1004 
1056 1109 1057 
1109 1162 1110 
1162 1215 1163 
1215 1268 1216 
1268 1321 1269 
1321 1374 1322 
1374 1427 1375 
1427 1480 1428 
1480 1533 1481 
1533 1586 1534 
1586 1639 1587 
1639 1692 1640 
1692 1745 1693 
1745 1798 1746 
1798 1851 1799 
1851 1904 1852 
1904 1957 1905 
1957 2010 1958 
2010 2063 2011 
2063 2116 2064 
2116 2169 2117 
2169 2222 2170 
2222 2275 2223 
2275 2328 2276 
2328 2381 2329 
2381 2434 2382 
2434 2487 2435 
2487 2540 2488 
2540 2593 2541 
2593 2646 2594 
2646 2699 2647 
2699 2752 2700 
2752 2805 2753 
50 103 51 
103 156 104 
156 209 157 
209 262 210 
262 315 263 
315 368 316 
368 421 369 
421 474 422 
474 527 475 
527 580 528 
580 633 581 
633 686 634 
686 739 687 
739 792 740 
792 845 793 
845 898 846 
898 951 899 
951 1004 952 
1004 1057 1005 
1057 1110 1058 
1110 1163 1111 
1163 1216 1164 
1216 1269 1217 
1269 1322 1270 
1322 1375 1323 
1375 1428 1376 
1428 1481 1429 
1481 1534 1482 
1534 1587 1535 
1587 1640 1588 
1640 1693 1641 
1693 1746 1694 
1746 1799 1747 
1799 1852 1800 
1852 1905 1853 
1905 1958 1906 
1958 2011 1959 
2011 2064 2012 
2064 2117 2065 
2117 2170 2118 
2170 2223 2171 
2223 2276 2224 
2276 2329 2277 
2329 2382 2330 
2382 2435 2383 
2435 2488 2436 
2488 2541 2489 
2541 2594 2542 
2594 2647 2595 
2647 2700 2648 
2700 2753 2701 
2753 2806 2754 
51 104 52 
104 157 105 
157 210 158 
210 263 211 
263 316 264 
316 369 317 
369 422 370 
422 475 423 
475 528 476 
528 581 529 
581 634 582 
634 687 635 
687 740 688 
740 793 741 
793 846 794 
846 899 847 
899 952 900 
952 1005 953 
1005 1058 1006 
1058 1111 1059 
1111 1164 1112 
1164 1217 1165 
1217 1270 1218 
1270 1323 1271 
1323 1376 1324 
1376 1429 1377 
1429 1482 1430 
1482 1535 1483 
1535 1588 1536 
1588 1641 1589 
1641 1694 1642 
1694 1747 1695 
1747 1800 1748 
1800 1853 1801 
1853 1906 1854 
1906 1959 1907 
1959 2012 1960 
2012 2065 2013 
2065 2118 2066 
2118 2171 2119 
2171 2224 2172 
2224 2277 2225 
2277 2330 2278 
2330 2383 2331 
2383 2436 2384 
2436 2489 2437 
2489 2542 2490 
2542 2595 2543 
2595 2648 2596 
2648 2701 2649 
2701 2754 2702 
2754 2807 2755 
52 105 53 
105 158 106 
158 211 159 
211 264 212 
264 317 265 
317 370 318 
370 423 371 
423 476 424 
476 529 477 
529 582 530 
582 635 583 
635 688 636 
688 741 689 
741 794 742 
794 847 795 
847 900 848 
900 953 901 
953 1006 954 
1006 1059 1007 
1059 1112 1060 
1112 1165 1113 
1165 1218 1166 
1218 1271 1219 
1271 1324 1272 
1324 1377 1325 
1377 1430 1378 
1430 1483 1431 
1483 1536 1484 
1536 1589 1537 
1589 1642 1590 
1642 1695 1643 
1695 1748 1696 
1748 1801 1749 
1801 1854 1802 
1854 1907 1855 
1907 1960 1908 
1960 2013 1961 
2013 2066 2014 
2066 2119 2067 
2119 2172 2120 
2172 2225 2173 
2225 2278 2226 
2278 2331 2279 
2331 2384 2332 
2384 2437 2385 
2437 2490 2438 
2490 2543 2491 
2543 2596 2544 
2596 2649 2597 
2649 2702 2650 
2702 2755 2703 
2755 2808 2756 
2 54 55 
55 107 108 
108 160 161 
161 213 214 
214 266 267 
267 319 320 
320 372 373 
373 425 426 
426 478 479 
479 531 532 
532 584 585 
585 637 638 
638 690 691 
691 743 744 
744 796 797 
797 849 850 
850 902 903 
903 955 956 
956 1008 1009 
1009 1061 1062 
1062 1114 1115 
1115 1167 1168 
1168 1220 1221 
1221 1273 1274 
1274 1326 1327 
1327 1379 1380 
1380 1432 1433 
1433 1485 1486 
1486 1538 1539 
1539 1591 1592 
1592 1644 1645 
1645 1697 1698 
1698 1750 1751 
1751 1803 1804 
1804 1856 1857 
1857 1909 1910 
1910 1962 1963 
1963 2015 2016 
2016 2068 2069 
2069 2121 2122 
2122 2174 2175 
2175 2227 2228 
2228 2280 2281 
2281 2333 2334 
2334 2386 2387 
2387 2439 2440 
2440 2492 2493 
2493 2545 2546 
2546 2598 2599 
2599 2651 2652 
2652 2704 2705 
2705 2757 2758 
3 55 56 
56 108 109 
109 161 162 
162 214 215 
215 267 268 
268 320 321 
321 373 374 
374 426 427 
427 479 480 
480 532 533 
533 585 586 
586 638 639 
639 691 692 
692 744 745 
745 797 798 
798 850 851 
851 903 904 
904 956 957 
957 1009 1010 
1010 1062 1063 
1063 1115 1116 
1116 1168 1169 
1169 1221 1222 
1222 1274 1275 
1275 1327 1328 
1328 1380 1381 
1381 1433 1434 
1434 1486 1487 
1487 1539 1540 
1540 1592 1593 
1593 1645 1646 
1646 1698 1699 
1699 1751 1752 
1752 1804 1805 
1805 1857 1858 
1858 1910 1911 
1911 1963 1964 
1964 2016 2017 
2017 2069 2070 
2070 2122 2123 
2123 2175 2176 
2176 2228 2229 
2229 2281 2282 
2282 2334 2335 
2335 2387 2388 
2388 2440 2441 
2441 2493 2494 
2494 2546 2547 
2547 2599 2600 
2600 2652 2653 
2653 2705 2706 
2706 2758 2759 
4 56 57 
57 109 110 
110 162 163 
163 215 216 
216 268 269 
269 321 322 
322 374 375 
375 427 428 
428 480 481 
481 533 534 
534 586 587 
587 639 640 
640 692 693 
693 745 746 
746 798 799 
799 851 852 
852 904 905 
905 957 958 
958 1010 1011 
1011 1063 1064 
1064 1116 1117 
1117 1169 1170 
1170 1222 1223 
1223 1275 1276 
1276 1328 1329 
1329 1381 1382 
1382 1434 1435 
1435 1487 1488 
1488 1540 1541 
1541 1593 1594 
1594 1646 1647 
1647 1699 1700 
1700 1752 1753 
1753 1805 1806 
1806 1858 1859 
1859 1911 1912 
1912 1964 1965 
1965 2017 2018 
2018 2070 2071 
2071 2123 2124 
2124 2176 2177 
2177 2229 2230 
2230 2282 2283 
2283 2335 2336 
2336 2388 2389 
2389 2441 2442 
2442 2494 2495 
2495 2547 2548 
2548 2600 2601 
2601 2653 2654 
2654 2706 2707 
2707 2759 2760 
5 57 58 
58 110 111 
111 163 164 
164 216 217 
217 269 270 
270 322 323 
323 375 376 
376 428 429 
429 481 482 
482 534 535 
535 587 588 
588 640 641 
641 693 694 
694 746 747 
747 799 800 
800 852 853 
853 905 906 
906 958 959 
959 1011 1012 
1012 1064 1065 
1065 1117 1118 
1118 1170 1171 
1171 1223 1224 
1224 1276 1277 
1277 1329 1330 
1330 1382 1383 
1383 1435 1436 
1436 1488 1489 
1489 1541 1542 
1542 1594 1595 
1595 1647 1648 
1648 1700 1701 
1701 1753 1754 
1754 1806 1807 
1807 1859 1860 
1860 1912 1913 
1913 1965 1966 
1966 2018 2019 
2019 2071 2072 
2072 2124 2125 
2125 2177 2178 
2178 2230 2231 
2231 2283 2284 
2284 2336 2337 
2337 2389 2390 
2390 2442 2443 
2443 2495 2496 
2496 2548 2549 
2549 2601 2602 
2602 2654 2655 
2655 2707 2708 
2708 2760 2761 
6 58 59 
59 111 112 
112 164 165 
165 217 218 
218 270 271 
271 323 324 
324 376 377 
377 429 430 
430 482 483 
483 535 536 
536 588 589 
589 641 642 
642 694 695 
695 747 748 
748 800 801 
801 853 854 
854 906 907 
907 959 960 
960 1012 1013 
1013 1065 1066 
1066 1118 1119 
1119 1171 1172 
1172 1224 1225 
1225 1277 1278 
1278 1330 1331 
1331 1383 1384 
1384 1436 1437 
1437 1489 1490 
1490 1542 1543 
1543 1595 1596 
1596 1648 1649 
1649 1701 1702 
1702 1754 1755 
1755 1807 1808 
1808 1860 1861 
1861 1913 1914 
1914 1966 1967 
1967 2019 2020 
2020 2072 2073 
2073 2125 2126 
2126 2178 2179 
2179 2231 2232 
2232 2284 2285 
2285 2337 2338 
2338 2390 2391 
2391 2443 2444 
2444 2496 2497 
2497 2549 2550 
2550 2602 2603 
2603 2655 2656 
2656 2708 2709 
2709 2761 2762 
7 59 60 
60 112 113 
113 165 166 
166 218 219 
219 271 272 
272 324 325 
325 377 378 
378 430 431 
431 483 484 
484 536 537 
537 589 590 
590 642 643 
643 695 696 
696 748 749 
749 801 802 
802 854 855 
855 907 908 
908 960 961 
961 1013 1014 
1014 1066 1067 
1067 1119 1120 
1120 1172 1173 
1173 1225 1226 
1226 1278 1279 
1279 1331 1332 
1332 1384 1385 
1385 1437 1438 
1438 1490 1491 
1491 1543 1544 
1544 1596 1597 
1597 1649 1650 
1650 1702 1703 
1703 1755 1756 
1756 1808 1809 
1809 1861 1862 
1862 1914 1915 
1915 1967 1968 
1968 2020 2021 
2021 2073 2074 
2074 2126 2127 
2127 2179 2180 
2180 2232 2233 
2233 2285 2286 
2286 2338 2339 
2339 2391 2392 
2392 2444 2445 
2445 2497 2498 
2498 2550 2551 
2551 2603 2604 
2604 2656 2657 
2657 2709 2710 
2710 2762 2763 
8 60 61 
61 113 114 
114 166 167 
167 219 220 
220 272 273 
273 325 326 
326 378 379 
379 431 432 
432 484 485 
485 537 538 
538 590 591 
591 643 644 
644 696 697 
697 749 750 
750 802 803 
803 855 856 
856 908 909 
909 961 962 
962 1014 1015 
1015 1067 1068 
1068 1120 1121 
1121 1173 1174 
1174 1226 1227 
1227 1279 1280 
1280 1332 1333 
1333 1385 1386 
1386 1438 1439 
1439 1491 1492 
1492 1544 1545 
1545 1597 1598 
1598 1650 1651 
1651 1703 1704 
1704 1756 1757 
1757 1809 1810 
1810 1862 1863 
1863 1915 1916 
1916 1968 1969 
1969 2021 2022 
2022 2074 2075 
2075 2127 2128 
2128 2180 2181 
2181 2233 2234 
2234 2286 2287 
2287 2339 2340 
2340 2392 2393 
2393 2445 2446 
2446 2498 2499 
2499 2551 2552 
2552 2604 2605 
2605 2657 2658 
2658 2710 2711 
2711 2763 2764 
9 61 62 
62 114 115 
115 167 168 
168 220 221 
221 273 274 
274 326 327 
327 379 380 
380 432 433 
433 485 486 
486 538 539 
539 591 592 
592 644 645 
645 697 698 
698 750 751 
751 803 804 
804 856 857 
857 909 910 
910 962 963 
963 1015 1016 
1016 1068 1069 
1069 1121 1122 
1122 1174 1175 
1175 1227 1228 
1228 1280 1281 
1281 1333 1334 
1334 1386 1387 
1387 1439 1440 
1440 1492 1493 
1493 1545 1546 
1546 1598 1599 
1599 1651 1652 
1652 1704 1705 
1705 1757 1758 
1758 1810 1811 
1811 1863 1864 
1864 1916 1917 
1917 1969 1970 
1970 2022 2023 
2023 2075 2076 
2076 2128 2129 
2129 2181 2182 
2182 2234 2235 
2235 2287 2288 
2288 2340 2341 
2341 2393 2394 
2394 2446 2447 
2447 2499 2500 
2500 2552 2553 
2553 2605 2606 
2606 2658 2659 
2659 2711 2712 
2712 2764 2765 
10 62 63 
63 115 116 
116 168 169 
169 221 222 
222 274 275 
275 327 328 
328 380 381 
381 433 434 
434 486 487 
487 539 540 
540 592 593 
593 645 646 
646 698 699 
699 751 752 
752 804 805 
805 857 858 
858 910 911 
911 963 964 
964 1016 1017 
1017 1069 1070 
1070 1122 1123 
1123 1175 1176 
1176 1228 1229 
1229 1281 1282 
1282 1334 1335 
1335 1387 1388 
1388 1440 1441 
1441 1493 1494 
1494 1546 1547 
1547 1599 1600 
1600 1652 1653 
1653 1705 1706 
1706 1758 1759 
1759 1811 1812 
1812 1864 1865 
1865 1917 1918 
1918 1970 1971 
1971 2023 2024 
2024 2076 2077 
2077 2129 2130 
2130 2182 2183 
2183 2235 2236 
2236 2288 2289 
2289 2341 2342 
2342 2394 2395 
2395 2447 2448 
2448 2500 2501 
2501 2553 2554 
2554 2606 2607 
2607 2659 2660 
2660 2712 2713 
2713 2765 2766 
11 63 64 
64 116 117 
117 169 170 
170 222 223 
223 275 276 
276 328 329 
329 381 382 
382 434 435 
435 487 488 
488 540 541 
541 593 594 
594 646 647 
647 699 700 
700 752 753 
753 805 806 
806 858 859 
859 911 912 
912 964 965 
965 1017 1018 
1018 1070 1071 
1071 1123 1124 
1124 1176 1177 
1177 1229 1230 
1230 1282 1283 
1283 1335 1336 
1336 1388 1389 
1389 1441 1442 
1442 1494 1495 
1495 1547 1548 
1548 1600 1601 
1601 1653 1654 
1654 1706 1707 
1707 1759 1760 
1760 1812 1813 
1813 1865 1866 
1866 1918 1919 
1919 1971 1972 
1972 2024 2025 
2025 2077 2078 
2078 2130 2131 
2131 2183 2184 
2184 2236 2237 
2237 2289 2290 
2290 2342 2343 
2343 2395 2396 
2396 2448 2449 
2449 2501 2502 
2502 2554 2555 
2555 2607 2608 
2608 2660 2661 
2661 2713 2714 
2714 2766 2767 
12 64 65 
65 117 118 
118 170 171 
171 223 224 
224 276 277 
277 329 330 
330 382 383 
383 435 436 
436 488 489 
489 541 542 
542 594 595 
595 647 648 
648 700 701 
701 753 754 
754 806 807 
807 859 860 
860 912 913 
913 965 966 
966 1018 1019 
1019 1071 1072 
1072 1124 1125 
1125 1177 1178 
1178 1230 1231 
1231 1283 1284 
1284 1336 1337 
1337 1389 1390 
1390 1442 1443 
1443 1495 1496 
1496 1548 1549 
1549 1601 1602 
1602 1654 1655 
1655 1707 1708 
1708 1760 1761 
1761 1813 1814 
1814 1866 1867 
1867 1919 1920 
1920 1972 1973 
1973 2025 2026 
2026 2078 2079 
2079 2131 2132 
2132 2184 2185 
2185 2237 2238 
2238 2290 2291 
2291 2343 2344 
2344 2396 2397 
2397 2449 2450 
2450 2502 2503 
2503 2555 2556 
2556 2608 2609 
2609 2661 2662 
2662 2714 2715 
2715 2767 2768 
13 65 66 
66 118 119 
119 171 172 
172 224 225 
225 277 278 
278 330 331 
331 383 384 
384 436 437 
437 489 490 
490 542 543 
543 595 596 
596 648 649 
649 701 702 
702 754 755 
755 807 808 
808 860 861 
861 913 914 
914 966 967 
967 1019 1020 
1020 1072 1073 
1073 1125 1126 
1126 1178 1179 
1179 1231 1232 
1232 1284 1285 
1285 1337 1338 
1338 1390 1391 
1391 1443 1444 
1444 1496 1497 
1497 1549 1550 
1550 1602 1603 
1603 1655 1656 
1656 1708 1709 
1709 1761 1762 
1762 1814 1815 
1815 1867 1868 
1868 1920 1921 
1921 1973 1974 
1974 2026 2027 
2027 2079 2080 
2080 2132 2133 
2133 2185 2186 
2186 2238 2239 
2239 2291 2292 
2292 2344 2345 
2345 2397 2398 
2398 2450 2451 
2451 2503 2504 
2504 2556 2557 
2557 2609 2610 
2610 2662 2663 
2663 2715 2716 
2716 2768 2769 
14 66 67 
67 119 120 
120 172 173 
173 225 226 
226 278 279 
279 331 332 
332 384 385 
385 437 438 
438 490 491 
491 543 544 
544 596 597 
597 649 650 
650 702 703 
703 755 756 
756 808 809 
809 861 862 
862 914 915 
915 967 968 
968 1020 1021 
1021 1073 1074 
1074 1126 1127 
1127 1179 1180 
1180 1232 1233 
1233 1285 1286 
1286 1338 1339 
1339 1391 1392 
1392 1444 1445 
1445 1497 1498 
1498 1550 1551 
1551 1603 1604 
1604 1656 1657 
1657 1709 1710 
1710 1762 1763 
1763 1815 1816 
1816 1868 1869 
1869 1921 1922 
1922 1974 1975 
1975 2027 2028 
2028 2080 2081 
2081 2133 2134 
2134 2186 2187 
2187 2239 2240 
2240 2292 2293 
2293 2345 2346 
2346 2398 2399 
2399 2451 2452 
2452 2504 2505 
2505 2557 2558 
2558 2610 2611 
2611 2663 2664 
2664 2716 2717 
2717 2769 2770 
15 67 68 
68 120 121 
121 173 174 
174 226 227 
227 279 280 
280 332 333 
333 385 386 
386 438 439 
439 491 492 
492 544 545 
545 597 598 
598 650 651 
651 703 704 
704 756 757 
757 809 810 
810 862 863 
863 915 916 
916 968 969 
969 1021 1022 
1022 1074 1075 
1075 1127 1128 
1128 1180 1181 
1181 1233 1234 
1234 1286 1287 
1287 1339 1340 
1340 1392 1393 
1393 1445 1446 
1446 1498 1499 
1499 1551 1552 
1552 1604 1605 
1605 1657 1658 
1658 1710 1711 
1711 1763 1764 
1764 1816 1817 
1817 1869 1870 
1870 1922 1923 
1923 1975 1976 
1976 2028 2029 
2029 2081 2082 
2082 2134 2135 
2135 2187 2188 
2188 2240 2241 
2241 2293 2294 
2294 2346 2347 
2347 2399 2400 
2400 2452 2453 
2453 2505 2506 
2506 2558 2559 
2559 2611 2612 
2612 2664 2665 
2665 2717 2718 
2718 2770 2771 
16 68 69 
69 121 122 
122 174 175 
175 227 228 
228 280 281 
281 333 334 
334 386 387 
387 439 440 
440 492 493 
493 545 546 
546 598 599 
599 651 652 
652 704 705 
705 757 758 
758 810 811 
811 863 864 
864 916 917 
917 969 970 
970 1022 1023 
1023 1075 1076 
1076 1128 1129 
1129 1181 1182 
1182 1234 1235 
1235 1287 1288 
1288 1340 1341 
1341 1393 1394 
1394 1446 1447 
1447 1499 1500 
1500 1552 1553 
1553 1605 1606 
1606 1658 1659 
1659 1711 1712 
1712 1764 1765 
1765 1817 1818 
1818 1870 1871 
1871 1923 1924 
1924 1976 1977 
1977 2029 2030 
2030 2082 2083 
2083 2135 2136 
2136 2188 2189 
2189 2241 2242 
2242 2294 2295 
2295 2347 2348 
2348 2400 2401 
2401 2453 2454 
2454 2506 2507 
2507 2559 2560 
2560 2612 2613 
2613 2665 2666 
2666 2718 2719 
2719 2771 2772 
17 69 70 
70 122 123 
123 175 176 
176 228 229 
229 281 282 
282 334 335 
335 387 388 
388 440 441 
441 493 494 
494 546 547 
547 599 600 
600 652 653 
653 705 706 
706 758 759 
759 811 812 
812 864 865 
865 917 918 
918 970 971 
971 1023 1024 
1024 1076 1077 
1077 1129 1130 
1130 1182 1183 
1183 1235 1236 
1236 1288 1289 
1289 1341 1342 
1342 1394 1395 
1395 1447 1448 
1448 1500 1501 
1501 1553 1554 
1554 1606 1607 
1607 1659 1660 
1660 1712 1713 
1713 1765 1766 
1766 1818 1819 
1819 1871 1872 
1872 1924 1925 
1925 1977 1978 
1978 2030 2031 
2031 2083 2084 
2084 2136 2137 
2137 2189 2190 
2190 2242 2243 
2243 2295 2296 
2296 2348 2349 
2349 2401 2402 
2402 2454 2455 
2455 2507 2508 
2508 2560 2561 
2561 2613 2614 
2614 2666 2667 
2667 2719 2720 
2720 2772 2773 
18 70 71 
71 123 124 
124 176 177 
177 229 230 
230 282 283 
283 335 336 
336 388 389 
389 441 442 
442 494 495 
495 547 548 
548 600 601 
601 653 654 
654 706 707 
707 759 760 
760 812 813 
813 865 866 
866 918 919 
919 971 972 
972 1024 1025 
1025 1077 1078 
1078 1130 1131 
1131 1183 1184 
1184 1236 1237 
1237 1289 1290 
1290 1342 1343 
1343 1395 1396 
1396 1448 1449 
1449 1501 1502 
1502 1554 1555 
1555 1607 1608 
1608 1660 1661 
1661 1713 1714 
1714 1766 1767 
1767 1819 1820 
1820 1872 1873 
1873 1925 1926 
1926 1978 1979 
1979 2031 2032 
2032 2084 2085 
2085 2137 2138 
2138 2190 2191 
2191 2243 2244 
2244 2296 2297 
2297 2349 2350 
2350 2402 2403 
2403 2455 2456 
2456 2508 2509 
2509 2561 2562 
2562 2614 2615 
2615 2667 2668 
2668 2720 2721 
2721 2773 2774 
19 71 72 
72 124 125 
125 177 178 
178 230 231 
231 283 284 
284 336 337 
337 389 390 
390 442 443 
443 495 496 
496 548 549 
549 601 602 
602 654 655 
655 707 708 
708 760 761 
761 813 814 
814 866 867 
867 919 920 
920 972 973 
973 1025 1026 
1026 1078 1079 
1079 1131 1132 
1132 1184 1185 
1185 1237 1238 
1238 1290 1291 
1291 1343 1344 
1344 1396 1397 
1397 1449 1450 
1450 1502 1503 
1503 1555 1556 
1556 1608 1609 
1609 1661 1662 
1662 1714 1715 
1715 1767 1768 
1768 1820 1821 
1821 1873 1874 
1874 1926 1927 
1927 1979 1980 
1980 2032 2033 
2033 2085 2086 
2086 2138 2139 
2139 2191 2192 
2192 2244 2245 
2245 2297 2298 
2298 2350 2351 
2351 2403 2404 
2404 2456 2457 
2457 2509 2510 
2510 2562 2563 
2563 2615 2616 
2616 2668 2669 
2669 2721 2722 
2722 2774 2775 
20 72 73 
73 125 126 
126 178 179 
179 231 232 
232 284 285 
285 337 338 
338 390 391 
391 443 444 
444 496 497 
497 549 550 
550 602 603 
603 655 656 
656 708 709 
709 761 762 
762 814 815 
815 867 868 
868 920 921 
921 973 974 
974 1026 1027 
1027 1079 1080 
1080 1132 1133 
1133 1185 1186 
1186 1238 1239 
1239 1291 1292 
1292 1344 1345 
1345 1397 1398 
1398 1450 1451 
1451 1503 1504 
1504 1556 1557 
1557 1609 1610 
1610 1662 1663 
1663 1715 1716 
1716 1768 1769 
1769 1821 1822 
1822 1874 1875 
1875 1927 1928 
1928 1980 1981 
1981 2033 2034 
2034 2086 2087 
2087 2139 2140 
2140 2192 2193 
2193 2245 2246 
2246 2298 2299 
2299 2351 2352 
2352 2404 2405 
2405 2457 2458 
2458 2510 2511 
2511 2563 2564 
2564 2616 2617 
2617 2669 2670 
2670 2722 2723 
2723 2775 2776 
21 73 74 
74 126 127 
127 179 180 
180 232 233 
233 285 286 
286 338 339 
339 391 392 
392 444 445 
445 497 498 
498 550 551 
551 603 604 
604 656 657 
657 709 710 
710 762 763 
763 815 816 
816 868 869 
869 921 922 
922 974 975 
975 1027 1028 
1028 1080 1081 
1081 1133 1134 
1134 1186 1187 
1187 1239 1240 
1240 1292 1293 
1293 1345 1346 
1346 1398 1399 
1399 1451 1452 
1452 1504 1505 
1505 1557 1558 
1558 1610 1611 
1611 1663 1664 
1664 1716 1717 
1717 1769 1770 
1770 1822 1823 
1823 1875 1876 
1876 1928 1929 
1929 1981 1982 
1982 2034 2035 
2035 2087 2088 
2088 2140 2141 
2141 2193 2194 
2194 2246 2247 
2247 2299 2300 
2300 2352 2353 
2353 2405 2406 
2406 2458 2459 
2459 2511 2512 
2512 2564 2565 
2565 2617 2618 
2618 2670 2671 
2671 2723 2724 
2724 2776 2777 
22 74 75 
75 127 128 
128 180 181 
181 233 234 
234 286 287 
287 339 340 
340 392 393 
393 445 446 
446 498 499 
499 551 552 
552 604 605 
605 657 658 
658 710 711 
711 763 764 
764 816 817 
817 869 870 
870 922 923 
923 975 976 
976 1028 1029 
1029 1081 1082 
1082 1134 1135 
1135 1187 1188 
1188 1240 1241 
1241 1293 1294 
1294 1346 1347 
1347 1399 1400 
1400 1452 1453 
1453 1505 1506 
1506 1558 1559 
1559 1611 1612 
1612 1664 1665 
1665 1717 1718 
1718 1770 1771 
1771 1823 1824 
1824 1876 1877 
1877 1929 1930 
1930 1982 1983 
1983 2035 2036 
2036 2088 2089 
2089 2141 2142 
2142 2194 2195 
2195 2247 2248 
2248 2300 2301 
2301 2353 2354 
2354 2406 2407 
2407 2459 2460 
2460 2512 2513 
2513 2565 2566 
2566 2618 2619 
2619 2671 2672 
2672 2724 2725 
2725 2777 2778 
23 75 76 
76 128 129 
129 181 182 
182 234 235 
235 287 288 
288 340 341 
341 393 394 
394 446 447 
447 499 500 
500 552 553 
553 605 606 
606 658 659 
659 711 712 
712 764 765 
765 817 818 
818 870 871 
871 923 924 
924 976 977 
977 1029 1030 
1030 1082 1083 
1083 1135 1136 
1136 1188 1189 
1189 1241 1242 
1242 1294 1295 
1295 1347 1348 
1348 1400 1401 
1401 1453 1454 
1454 1506 1507 
1507 1559 1560 
1560 1612 1613 
1613 1665 1666 
1666 1718 1719 
1719 1771 1772 
1772 1824 1825 
1825 1877 1878 
1878 1930 1931 
1931 1983 1984 
1984 2036 2037 
2037 2089 2090 
2090 2142 2143 
2143 2195 2196 
2196 2248 2249 
2249 2301 2302 
2302 2354 2355 
2355 2407 2408 
2408 2460 2461 
2461 2513 2514 
2514 2566 2567 
2567 2619 2620 
2620 2672 2673 
2673 2725 2726 
2726 2778 2779 
24 76 77 
77 129 130 
130 182 183 
183 235 236 
236 288 289 
289 341 342 
342 394 395 
395 447 448 
448 500 501 
501 553 554 
554 606 607 
607 659 660 
660 712 713 
713 765 766 
766 818 819 
819 871 872 
872 924 925 
925 977 978 
978 1030 1031 
1031 1083 1084 
1084 1136 1137 
1137 1189 1190 
1190 1242 1243 
1243 1295 1296 
1296 1348 1349 
1349 1401 1402 
1402 1454 1455 
1455 1507 1508 
1508 1560 1561 
1561 1613 1614 
1614 1666 1667 
1667 1719 1720 
1720 1772 1773 
1773 1825 1826 
1826 1878 1879 
1879 1931 1932 
1932 1984 1985 
1985 2037 2038 
2038 2090 2091 
2091 2143 2144 
2144 2196 2197 
2197 2249 2250 
2250 2302 2303 
2303 2355 2356 
2356 2408 2409 
2409 2461 2462 
2462 2514 2515 
2515 2567 2568 
2568 2620 2621 
2621 2673 2674 
2674 2726 2727 
2727 2779 2780 
25 77 78 
78 130 131 
131 183 184 
184 236 237 
237 289 290 
290 342 343 
343 395 396 
396 448 449 
449 501 502 
502 554 555 
555 607 608 
608 660 661 
661 713 714 
714 766 767 
767 819 820 
820 872 873 
873 925 926 
926 978 979 
979 1031 1032 
1032 1084 1085 
1085 1137 1138 
1138 1190 1191 
1191 1243 1244 
1244 1296 1297 
1297 1349 1350 
1350 1402 1403 
1403 1455 1456 
1456 1508 1509 
1509 1561 1562 
1562 1614 1615 
1615 1667 1668 
1668 1720 1721 
1721 1773 1774 
1774 1826 1827 
1827 1879 1880 
1880 1932 1933 
1933 1985 1986 
1986 2038 2039 
2039 2091 2092 
2092 2144 2145 
2145 2197 2198 
2198 2250 2251 
2251 2303 2304 
2304 2356 2357 
2357 2409 2410 
2410 2462 2463 
2463 2515 2516 
2516 2568 2569 
2569 2621 2622 
2622 2674 2675 
2675 2727 2728 
2728 2780 2781 
26 78 79 
79 131 132 
132 184 185 
185 237 238 
238 290 291 
291 343 344 
344 396 397 
397 449 450 
450 502 503 
503 555 556 
556 608 609 
609 661 662 
662 714 715 
715 767 768 
768 820 821 
821 873 874 
874 926 927 
927 979 980 
980 1032 1033 
1033 1085 1086 
1086 1138 1139 
1139 1191 1192 
1192 1244 1245 
1245 1297 1298 
1298 1350 1351 
1351 1403 1404 
1404 1456 1457 
1457 1509 1510 
1510 1562 1563 
1563 1615 1616 
1616 1668 1669 
1669 1721 1722 
1722 1774 1775 
1775 1827 1828 
1828 1880 1881 
1881 1933 1934 
1934 1986 1987 
1987 2039 2040 
2040 2092 2093 
2093 2145 2146 
2146 2198 2199 
2199 2251 2252 
2252 2304 2305 
2305 2357 2358 
2358 2410 2411 
2411 2463 2464 
2464 2516 2517 
2517 2569 2570 
2570 2622 2623 
2623 2675 2676 
2676 2728 2729 
2729 2781 2782 
27 79 80 
80 132 133 
133 185 186 
186 238 239 
239 291 292 
292 344 345 
345 397 398 
398 450 451 
451 503 504 
504 556 557 
557 609 610 
610 662 663 
663 715 716 
716 768 769 
769 821 822 
822 874 875 
875 927 928 
928 980 981 
981 1033 1034 
1034 1086 1087 
1087 1139 1140 
1140 1192 1193 
1193 1245 1246 
1246 1298 1299 
1299 1351 1352 
1352 1404 1405 
1405 1457 1458 
1458 1510 1511 
1511 1563 1564 
1564 1616 1617 
1617 1669 1670 
1670 1722 1723 
1723 1775 1776 
1776 1828 1829 
1829 1881 1882 
1882 1934 1935 
1935 1987 1988 
1988 2040 2041 
2041 2093 2094 
2094 2146 2147 
2147 2199 2200 
2200 2252 2253 
2253 2305 2306 
2306 2358 2359 
2359 2411 2412 
2412 2464 2465 
2465 2517 2518 
2518 2570 2571 
2571 2623 2624 
2624 2676 2677 
2677 2729 2730 
2730 2782 2783 
28 80 81 
81 133 134 
134 186 187 
187 239 240 
240 292 293 
293 345 346 
346 398 399 
399 451 452 
452 504 505 
505 557 558 
558 610 611 
611 663 664 
664 716 717 
717 769 770 
770 822 823 
823 875 876 
876 928 929 
929 981 982 
982 1034 1035 
1035 1087 1088 
1088 1140 1141 
1141 1193 1194 
1194 1246 1247 
1247 1299 1300 
1300 1352 1353 
1353 1405 1406 
1406 1458 1459 
1459 1511 1512 
1512 1564 1565 
1565 1617 1618 
1618 1670 1671 
1671 1723 1724 
1724 1776 1777 
1777 1829 1830 
1830 1882 1883 
1883 1935 1936 
1936 1988 1989 
1989 2041 2042 
2042 2094 2095 
2095 2147 2148 
2148 2200 2201 
2201 2253 2254 
2254 2306 2307 
2307 2359 2360 
2360 2412 2413 
2413 2465 2466 
2466 2518 2519 
2519 2571 2572 
2572 2624 2625 
2625 2677 2678 
2678 2730 2731 
2731 2783 2784 
29 81 82 
82 134 135 
135 187 188 
188 240 241 
241 293 294 
294 346 347 
347 399 400 
400 452 453 
453 505 506 
506 558 559 
559 611 612 
612 664 665 
665 717 718 
718 770 771 
771 823 824 
824 876 877 
877 929 930 
930 982 983 
983 1035 1036 
1036 1088 1089 
1089 1141 1142 
1142 1194 1195 
1195 1247 1248 
1248 1300 1301 
1301 1353 1354 
1354 1406 1407 
1407 1459 1460 
1460 1512 1513 
1513 1565 1566 
1566 1618 1619 
1619 1671 1672 
1672 1724 1725 
1725 1777 1778 
1778 1830 1831 
1831 1883 1884 
1884 1936 1937 
1937 1989 1990 
1990 2042 2043 
2043 2095 2096 
2096 2148 2149 
2149 2201 2202 
2202 2254 2255 
2255 2307 2308 
2308 2360 2361 
2361 2413 2414 
2414 2466 2467 
2467 2519 2520 
2520 2572 2573 
2573 2625 2626 
2626 2678 2679 
2679 2731 2732 
2732 2784 2785 
30 82 83 
83 135 136 
136 188 189 
189 241 242 
242 294 295 
295 347 348 
348 400 401 
401 453 454 
454 506 507 
507 559 560 
560 612 613 
613 665 666 
666 718 719 
719 771 772 
772 824 825 
825 877 878 
878 930 931 
931 983 984 
984 1036 1037 
1037 1089 1090 
1090 1142 1143 
1143 1195 1196 
1196 1248 1249 
1249 1301 1302 
1302 1354 1355 
1355 1407 1408 
1408 1460 1461 
1461 1513 1514 
1514 1566 1567 
1567 1619 1620 
1620 1672 1673 
1673 1725 1726 
1726 1778 1779 
1779 1831 1832 
1832 1884 1885 
1885 1937 1938 
1938 1990 1991 
1991 2043 2044 
2044 2096 2097 
2097 2149 2150 
2150 2202 2203 
2203 2255 2256 
2256 2308 2309 
2309 2361 2362 
2362 2414 2415 
2415 2467 2468 
2468 2520 2521 
2521 2573 2574 
2574 2626 2627 
2627 2679 2680 
2680 2732 2733 
2733 2785 2786 
31 83 84 
84 136 137 
137 189 190 
190 242 243 
243 295 296 
296 348 349 
349 401 402 
402 454 455 
455 507 508 
508 560 561 
561 613 614 
614 666 667 
667 719 720 
720 772 773 
773 825 826 
826 878 879 
879 931 932 
932 984 985 
985 1037 1038 
1038 1090 1091 
1091 1143 1144 
1144 1196 1197 
1197 1249 1250 
1250 1302 1303 
1303 1355 1356 
1356 1408 1409 
1409 1461 1462 
1462 1514 1515 
1515 1567 1568 
1568 1620 1621 
1621 1673 1674 
1674 1726 1727 
1727 1779 1780 
1780 1832 1833 
1833 1885 1886 
1886 1938 1939 
1939 1991 1992 
1992 2044 2045 
2045 2097 2098 
2098 2150 2151 
2151 2203 2204 
2204 2256 2257 
2257 2309 2310 
2310 2362 2363 
2363 2415 2416 
2416 2468 2469 
2469 2521 2522 
2522 2574 2575 
2575 2627 2628 
2628 2680 2681 
2681 2733 2734 
2734 2786 2787 
32 84 85 
85 137 138 
138 190 191 
191 243 244 
244 296 297 
297 349 350 
350 402 403 
403 455 456 
456 508 509 
509 561 562 
562 614 615 
615 667 668 
668 720 721 
721 773 774 
774 826 827 
827 879 880 
880 932 933 
933 985 986 
986 1038 1039 
1039 1091 1092 
1092 1144 1145 
1145 1197 1198 
1198 1250 1251 
1251 1303 1304 
1304 1356 1357 
1357 1409 1410 
1410 1462 1463 
1463 1515 1516 
1516 1568 1569 
1569 1621 1622 
1622 1674 1675 
1675 1727 1728 
1728 1780 1781 
1781 1833 1834 
1834 1886 1887 
1887 1939 1940 
1940 1992 1993 
1993 2045 2046 
2046 2098 2099 
2099 2151 2152 
2152 2204 2205 
2205 2257 2258 
2258 2310 2311 
2311 2363 2364 
2364 2416 2417 
2417 2469 2470 
2470 2522 2523 
2523 2575 2576 
2576 2628 2629 
2629 2681 2682 
2682 2734 2735 
2735 2787 2788 
33 85 86 
86 138 139 
139 191 192 
192 244 245 
245 297 298 
298 350 351 
351 403 404 
404 456 457 
457 509 510 
510 562 563 
563 615 616 
616 668 669 
669 721 722 
722 774 775 
775 827 828 
828 880 881 
881 933 934 
934 986 987 
987 1039 1040 
1040 1092 1093 
1093 1145 1146 
1146 1198 1199 
1199 1251 1252 
1252 1304 1305 
1305 1357 1358 
1358 1410 1411 
1411 1463 1464 
1464 1516 1517 
1517 1569 1570 
1570 1622 1623 
1623 1675 1676 
1676 1728 1729 
1729 1781 1782 
1782 1834 1835 
1835 1887 1888 
1888 1940 1941 
1941 1993 1994 
1994 2046 2047 
2047 2099 2100 
2100 2152 2153 
2153 2205 2206 
2206 2258 2259 
2259 2311 2312 
2312 2364 2365 
2365 2417 2418 
2418 2470 2471 
2471 2523 2524 
2524 2576 2577 
2577 2629 2630 
2630 2682 2683 
2683 2735 2736 
2736 2788 2789 
34 86 87 
87 139 140 
140 192 193 
193 245 246 
246 298 299 
299 351 352 
352 404 405 
405 457 458 
458 510 511 
511 563 564 
564 616 617 
617 669 670 
670 722 723 
723 775 776 
776 828 829 
829 881 882 
882 934 935 
935 987 988 
988 1040 1041 
1041 1093 1094 
1094 1146 1147 
1147 1199 1200 
1200 1252 1253 
1253 1305 1306 
1306 1358 1359 
1359 1411 1412 
1412 1464 1465 
1465 1517 1518 
1518 1570 1571 
1571 1623 1624 
1624 1676 1677 
1677 1729 1730 
1730 1782 1783 
1783 1835 1836 
1836 1888 1889 
1889 1941 1942 
1942 1994 1995 
1995 2047 2048 
2048 2100 2101 
2101 2153 2154 
2154 2206 2207 
2207 2259 2260 
2260 2312 2313 
2313 2365 2366 
2366 2418 2419 
2419 2471 2472 
2472 2524 2525 
2525 2577 2578 
2578 2630 2631 
2631 2683 2684 
2684 2736 2737 
2737 2789 2790 
35 87 88 
88 140 141 
141 193 194 
194 246 247 
247 299 300 
300 352 353 
353 405 406 
406 458 459 
459 511 512 
512 564 565 
565 617 618 
618 670 671 
671 723 724 
724 776 777 
777 829 830 
830 882 883 
883 935 936 
936 988 989 
989 1041 1042 
1042 1094 1095 
1095 1147 1148 
1148 1200 1201 
1201 1253 1254 
1254 1306 1307 
1307 1359 1360 
1360 1412 1413 
1413 1465 1466 
1466 1518 1519 
1519 1571 1572 
1572 1624 1625 
1625 1677 1678 
1678 1730 1731 
1731 1783 1784 
1784 1836 1837 
1837 1889 1890 
1890 1942 1943 
1943 1995 1996 
1996 2048 2049 
2049 2101 2102 
2102 2154 2155 
2155 2207 2208 
2208 2260 2261 
2261 2313 2314 
2314 2366 2367 
2367 2419 2420 
2420 2472 2473 
2473 2525 2526 
2526 2578 2579 
2579 2631 2632 
2632 2684 2685 
2685 2737 2738 
2738 2790 2791 
36 88 89 
89 141 142 
142 194 195 
195 247 248 
248 300 301 
301 353 354 
354 406 407 
407 459 460 
460 512 513 
513 565 566 
566 618 619 
619 671 672 
672 724 725 
725 777 778 
778 830 831 
831 883 884 
884 936 937 
937 989 990 
990 1042 1043 
1043 1095 1096 
1096 1148 1149 
1149 1201 1202 
1202 1254 1255 
1255 1307 1308 
1308 1360 1361 
1361 1413 1414 
1414 1466 1467 
1467 1519 1520 
1520 1572 1573 
1573 1625 1626 
1626 1678 1679 
1679 1731 1732 
1732 1784 1785 
1785 1837 1838 
1838 1890 1891 
1891 1943 1944 
1944 1996 1997 
1997 2049 2050 
2050 2102 2103 
2103 2155 2156 
2156 2208 2209 
2209 2261 2262 
2262 2314 2315 
2315 2367 2368 
2368 2420 2421 
2421 2473 2474 
2474 2526 2527 
2527 2579 2580 
2580 2632 2633 
2633 2685 2686 
2686 2738 2739 
2739 2791 2792 
37 89 90 
90 142 143 
143 195 196 
196 248 249 
249 301 302 
302 354 355 
355 407 408 
408 460 461 
461 513 514 
514 566 567 
567 619 620 
620 672 673 
673 725 726 
726 778 779 
779 831 832 
832 884 885 
885 937 938 
938 990 991 
991 1043 1044 
1044 1096 1097 
1097 1149 1150 
1150 1202 1203 
1203 1255 1256 
1256 1308 1309 
1309 1361 1362 
1362 1414 1415 
1415 1467 1468 
1468 1520 1521 
1521 1573 1574 
1574 1626 1627 
1627 1679 1680 
1680 1732 1733 
1733 1785 1786 
1786 1838 1839 
1839 1891 1892 
1892 1944 1945 
1945 1997 1998 
1998 2050 2051 
2051 2103 2104 
2104 2156 2157 
2157 2209 2210 
2210 2262 2263 
2263 2315 2316 
2316 2368 2369 
2369 2421 2422 
2422 2474 2475 
2475 2527 2528 
2528 2580 2581 
2581 2633 2634 
2634 2686 2687 
2687 2739 2740 
2740 2792 2793 
38 90 91 
91 143 144 
144 196 197 
197 249 250 
250 302 303 
303 355 356 
356 408 409 
409 461 462 
462 514 515 
515 567 568 
568 620 621 
621 673 674 
674 726 727 
727 779 780 
780 832 833 
833 885 886 
886 938 939 
939 991 992 
992 1044 1045 
1045 1097 1098 
1098 1150 1151 
1151 1203 1204 
1204 1256 1257 
1257 1309 1310 
1310 1362 1363 
1363 1415 1416 
1416 1468 1469 
1469 1521 1522 
1522 1574 1575 
1575 1627 1628 
1628 1680 1681 
1681 1733 1734 
1734 1786 1787 
1787 1839 1840 
1840 1892 1893 
1893 1945 1946 
1946 1998 1999 
1999 2051 2052 
2052 2104 2105 
2105 2157 2158 
2158 2210 2211 
2211 2263 2264 
2264 2316 2317 
2317 2369 2370 
2370 2422 2423 
2423 2475 2476 
2476 2528 2529 
2529 2581 2582 
2582 2634 2635 
2635 2687 2688 
2688 2740 2741 
2741 2793 2794 
39 91 92 
92 144 145 
145 197 198 
198 250 251 
251 303 304 
304 356 357 
357 409 410 
410 462 463 
463 515 516 
516 568 569 
569 621 622 
622 674 675 
675 727 728 
728 780 781 
781 833 834 
834 886 887 
887 939 940 
940 992 993 
993 1045 1046 
1046 1098 1099 
1099 1151 1152 
1152 1204 1205 
1205 1257 1258 
1258 1310 1311 
1311 1363 1364 
1364 1416 1417 
1417 1469 1470 
1470 1522 1523 
1523 1575 1576 
1576 1628 1629 
1629 1681 1682 
1682 1734 1735 
1735 1787 1788 
1788 1840 1841 
1841 1893 1894 
1894 1946 1947 
1947 1999 2000 
2000 2052 2053 
2053 2105 2106 
2106 2158 2159 
2159 2211 2212 
2212 2264 2265 
2265 2317 2318 
2318 2370 2371 
2371 2423 2424 
2424 2476 2477 
2477 2529 2530 
2530 2582 2583 
2583 2635 2636 
2636 2688 2689 
2689 2741 2742 
2742 2794 2795 
40 92 93 
93 145 146 
146 198 199 
199 251 252 
252 304 305 
305 357 358 
358 410 411 
411 463 464 
464 516 517 
517 569 570 
570 622 623 
623 675 676 
676 728 729 
729 781 782 
782 834 835 
835 887 888 
888 940 941 
941 993 994 
994 1046 1047 
1047 1099 1100 
1100 1152 1153 
1153 1205 1206 
1206 1258 1259 
1259 1311 1312 
1312 1364 1365 
1365 1417 1418 
1418 1470 1471 
1471 1523 1524 
1524 1576 1577 
1577 1629 1630 
1630 1682 1683 
1683 1735 1736 
1736 1788 1789 
1789 1841 1842 
1842 1894 1895 
1895 1947 1948 
1948 2000 2001 
2001 2053 2054 
2054 2106 2107 
2107 2159 2160 
2160 2212 2213 
2213 2265 2266 
2266 2318 2319 
2319 2371 2372 
2372 2424 2425 
2425 2477 2478 
2478 2530 2531 
2531 2583 2584 
2584 2636 2637 
2637 2689 2690 
2690 2742 2743 
2743 2795 2796 
41 93 94 
94 146 147 
147 199 200 
200 252 253 
253 305 306 
306 358 359 
359 411 412 
412 464 465 
465 517 518 
518 570 571 
571 623 624 
624 676 677 
677 729 730 
730 782 783 
783 835 836 
836 888 889 
889 941 942 
942 994 995 
995 1047 1048 
1048 1100 1101 
1101 1153 1154 
1154 1206 1207 
1207 1259 1260 
1260 1312 1313 
1313 1365 1366 
1366 1418 1419 
1419 1471 1472 
1472 1524 1525 
1525 1577 1578 
1578 1630 1631 
1631 1683 1684 
1684 1736 1737 
1737 1789 1790 
1790 1842 1843 
1843 1895 1896 
1896 1948 1949 
1949 2001 2002 
2002 2054 2055 
2055 2107 2108 
2108 2160 2161 
2161 2213 2214 
2214 2266 2267 
2267 2319 2320 
2320 2372 2373 
2373 2425 2426 
2426 2478 2479 
2479 2531 2532 
2532 2584 2585 
2585 2637 2638 
2638 2690 2691 
2691 2743 2744 
2744 2796 2797 
42 94 95 
95 147 148 
148 200 201 
201 253 254 
254 306 307 
307 359 360 
360 412 413 
413 465 466 
466 518 519 
519 571 572 
572 624 625 
625 677 678 
678 730 731 
731 783 784 
784 836 837 
837 889 890 
890 942 943 
943 995 996 
996 1048 1049 
1049 1101 1102 
1102 1154 1155 
1155 1207 1208 
1208 1260 1261 
1261 1313 1314 
1314 1366 1367 
1367 1419 1420 
1420 1472 1473 
1473 1525 1526 
1526 1578 1579 
1579 1631 1632 
1632 1684 1685 
1685 1737 1738 
1738 1790 1791 
1791 1843 1844 
1844 1896 1897 
1897 1949 1950 
1950 2002 2003 
2003 2055 2056 
2056 2108 2109 
2109 2161 2162 
2162 2214 2215 
2215 2267 2268 
2268 2320 2321 
2321 2373 2374 
2374 2426 2427 
2427 2479 2480 
2480 2532 2533 
2533 2585 2586 
2586 2638 2639 
2639 2691 2692 
2692 2744 2745 
2745 2797 2798 
43 95 96 
96 148 149 
149 201 202 
202 254 255 
255 307 308 
308 360 361 
361 413 414 
414 466 467 
467 519 520 
520 572 573 
573 625 626 
626 678 679 
679 731 732 
732 784 785 
785 837 838 
838 890 891 
891 943 944 
944 996 997 
997 1049 1050 
1050 1102 1103 
1103 1155 1156 
1156 1208 1209 
1209 1261 1262 
1262 1314 1315 
1315 1367 1368 
1368 1420 1421 
1421 1473 1474 
1474 1526 1527 
1527 1579 1580 
1580 1632 1633 
1633 1685 1686 
1686 1738 1739 
1739 1791 1792 
1792 1844 1845 
1845 1897 1898 
1898 1950 1951 
1951 2003 2004 
2004 2056 2057 
2057 2109 2110 
2110 2162 2163 
2163 2215 2216 
2216 2268 2269 
2269 2321 2322 
2322 2374 2375 
2375 2427 2428 
2428 2480 2481 
2481 2533 2534 
2534 2586 2587 
2587 2639 2640 
2640 2692 2693 
2693 2745 2746 
2746 2798 2799 
44 96 97 
97 149 150 
150 202 203 
203 255 256 
256 308 309 
309 361 362 
362 414 415 
415 467 468 
468 520 521 
521 573 574 
574 626 627 
627 679 680 
680 732 733 
733 785 786 
786 838 839 
839 891 892 
892 944 945 
945 997 998 
998 1050 1051 
1051 1103 1104 
1104 1156 1157 
1157 1209 1210 
1210 1262 1263 
1263 1315 1316 
1316 1368 1369 
1369 1421 1422 
1422 1474 1475 
1475 1527 1528 
1528 1580 1581 
1581 1633 1634 
1634 1686 1687 
1687 1739 1740 
1740 1792 1793 
1793 1845 1846 
1846 1898 1899 
1899 1951 1952 
1952 2004 2005 
2005 2057 2058 
2058 2110 2111 
2111 2163 2164 
2164 2216 2217 
2217 2269 2270 
2270 2322 2323 
2323 2375 2376 
2376 2428 2429 
2429 2481 2482 
2482 2534 2535 
2535 2587 2588 
2588 2640 2641 
2641 2693 2694 
2694 2746 2747 
2747 2799 2800 
45 97 98 
98 150 151 
151 203 204 
204 256 257 
257 309 310 
310 362 363 
363 415 416 
416 468 469 
469 521 522 
522 574 575 
575 627 628 
628 680 681 
681 733 734 
734 786 787 
787 839 840 
840 892 893 
893 945 946 
946 998 999 
999 1051 1052 
1052 1104 1105 
1105 1157 1158 
1158 1210 1211 
1211 1263 1264 
1264 1316 1317 
1317 1369 1370 
1370 1422 1423 
1423 1475 1476 
1476 1528 1529 
1529 1581 1582 
1582 1634 1635 
1635 1687 1688 
1688 1740 1741 
1741 1793 1794 
1794 1846 1847 
1847 1899 1900 
1900 1952 1953 
1953 2005 2006 
2006 2058 2059 
2059 2111 2112 
2112 2164 2165 
2165 2217 2218 
2218 2270 2271 
2271 2323 2324 
2324 2376 2377 
2377 2429 2430 
2430 2482 2483 
2483 2535 2536 
2536 2588 2589 
2589 2641 2642 
2642 2694 2695 
2695 2747 2748 
2748 2800 2801 
46 98 99 
99 151 152 
152 204 205 
205 257 258 
258 310 311 
311 363 364 
364 416 417 
417 469 470 
470 522 523 
523 575 576 
576 628 629 
629 681 682 
682 734 735 
735 787 788 
788 840 841 
841 893 894 
894 946 947 
947 999 1000 
1000 1052 1053 
1053 1105 1106 
1106 1158 1159 
1159 1211 1212 
1212 1264 1265 
1265 1317 1318 
1318 1370 1371 
1371 1423 1424 
1424 1476 1477 
1477 1529 1530 
1530 1582 1583 
1583 1635 1636 
1636 1688 1689 
1689 1741 1742 
1742 1794 1795 
1795 1847 1848 
1848 1900 1901 
1901 1953 1954 
1954 2006 2007 
2007 2059 2060 
2060 2112 2113 
2113 2165 2166 
2166 2218 2219 
2219 2271 2272 
2272 2324 2325 
2325 2377 2378 
2378 2430 2431 
2431 2483 2484 
2484 2536 2537 
2537 2589 2590 
2590 2642 2643 
2643 2695 2696 
2696 2748 2749 
2749 2801 2802 
47 99 100 
100 152 153 
153 205 206 
206 258 259 
259 311 312 
312 364 365 
365 417 418 
418 470 471 
471 523 524 
524 576 577 
577 629 630 
630 682 683 
683 735 736 
736 788 789 
789 841 842 
842 894 895 
895 947 948 
948 1000 1001 
1001 1053 1054 
1054 1106 1107 
1107 1159 1160 
1160 1212 1213 
1213 1265 1266 
1266 1318 1319 
1319 1371 1372 
1372 1424 1425 
1425 1477 1478 
1478 1530 1531 
1531 1583 1584 
1584 1636 1637 
1637 1689 1690 
1690 1742 1743 
1743 1795 1796 
1796 1848 1849 
1849 1901 1902 
1902 1954 1955 
1955 2007 2008 
2008 2060 2061 
2061 2113 2114 
2114 2166 2167 
2167 2219 2220 
2220 2272 2273 
2273 2325 2326 
2326 2378 2379 
2379 2431 2432 
2432 2484 2485 
2485 2537 2538 
2538 2590 2591 
2591 2643 2644 
2644 2696 2697 
2697 2749 2750 
2750 2802 2803 
48 100 101 
101 153 154 
154 206 207 
207 259 260 
260 312 313 
313 365 366 
366 418 419 
419 471 472 
472 524 525 
525 577 578 
578 630 631 
631 683 684 
684 736 737 
737 789 790 
790 842 843 
843 895 896 
896 948 949 
949 1001 1002 
1002 1054 1055 
1055 1107 1108 
1108 1160 1161 
1161 1213 1214 
1214 1266 1267 
1267 1319 1320 
1320 1372 1373 
1373 1425 1426 
1426 1478 1479 
1479 1531 1532 
1532 1584 1585 
1585 1637 1638 
1638 1690 1691 
1691 1743 1744 
1744 1796 1797 
1797 1849 1850 
1850 1902 1903 
1903 1955 1956 
1956 2008 2009 
2009 2061 2062 
2062 2114 2115 
2115 2167 2168 
2168 2220 2221 
2221 2273 2274 
2274 2326 2327 
2327 2379 2380 
2380 2432 2433 
2433 2485 2486 
2486 2538 2539 
2539 2591 2592 
2592 2644 2645 
2645 2697 2698 
2698 2750 2751 
2751 2803 2804 
49 101 102 
102 154 155 
155 207 208 
208 260 261 
261 313 314 
314 366 367 
367 419 420 
420 472 473 
473 525 526 
526 578 579 
579 631 632 
632 684 685 
685 737 738 
738 790 791 
791 843 844 
844 896 897 
897 949 950 
950 1002 1003 
1003 1055 1056 
1056 1108 1109 
1109 1161 1162 
1162 1214 1215 
1215 1267 1268 
1268 1320 1321 
1321 1373 1374 
1374 1426 1427 
1427 1479 1480 
1480 1532 1533 
1533 1585 1586 
1586 1638 1639 
1639 1691 1692 
1692 1744 1745 
1745 1797 1798 
1798 1850 1851 
1851 1903 1904 
1904 1956 1957 
1957 2009 2010 
2010 2062 2063 
2063 2115 2116 
2116 2168 2169 
2169 2221 2222 
2222 2274 2275 
2275 2327 2328 
2328 2380 2381 
2381 2433 2434 
2434 2486 2487 
2487 2539 2540 
2540 2592 2593 
2593 2645 2646 
2646 2698 2699 
2699 2751 2752 
2752 2804 2805 
50 102 103 
103 155 156 
156 208 209 
209 261 262 
262 314 315 
315 367 368 
368 420 421 
421 473 474 
474 526 527 
527 579 580 
580 632 633 
633 685 686 
686 738 739 
739 791 792 
792 844 845 
845 897 898 
898 950 951 
951 1003 1004 
1004 1056 1057 
1057 1109 1110 
1110 1162 1163 
1163 1215 1216 
1216 1268 1269 
1269 1321 1322 
1322 1374 1375 
1375 1427 1428 
1428 1480 1481 
1481 1533 1534 
1534 1586 1587 
1587 1639 1640 
1640 1692 1693 
1693 1745 1746 
1746 1798 1799 
1799 1851 1852 
1852 1904 1905 
1905 1957 1958 
1958 2010 2011 
2011 2063 2064 
2064 2116 2117 
2117 2169 2170 
2170 2222 2223 
2223 2275 2276 
2276 2328 2329 
2329 2381 2382 
2382 2434 2435 
2435 2487 2488 
2488 2540 2541 
2541 2593 2594 
2594 2646 2647 
2647 2699 2700 
2700 2752 2753 
2753 2805 2806 
51 103 104 
104 156 157 
157 209 210 
210 262 263 
263 315 316 
316 368 369 
369 421 422 
422 474 475 
475 527 528 
528 580 581 
581 633 634 
634 686 687 
687 739 740 
740 792 793 
793 845 846 
846 898 899 
899 951 952 
952 1004 1005 
1005 1057 1058 
1058 1110 1111 
1111 1163 1164 
1164 1216 1217 
1217 1269 1270 
1270 1322 1323 
1323 1375 1376 
1376 1428 1429 
1429 1481 1482 
1482 1534 1535 
1535 1587 1588 
1588 1640 1641 
1641 1693 1694 
1694 1746 1747 
1747 1799 1800 
1800 1852 1853 
1853 1905 1906 
1906 1958 1959 
1959 2011 2012 
2012 2064 2065 
2065 2117 2118 
2118 2170 2171 
2171 2223 2224 
2224 2276 2277 
2277 2329 2330 
2330 2382 2383 
2383 2435 2436 
2436 2488 2489 
2489 2541 2542 
2542 2594 2595 
2595 2647 2648 
2648 2700 2701 
2701 2753 2754 
2754 2806 2807 
52 104 105 
105 157 158 
158 210 211 
211 263 264 
264 316 317 
317 369 370 
370 422 423 
423 475 476 
476 528 529 
529 581 582 
582 634 635 
635 687 688 
688 740 741 
741 793 794 
794 846 847 
847 899 900 
900 952 953 
953 1005 1006 
1006 1058 1059 
1059 1111 1112 
1112 1164 1165 
1165 1217 1218 
1218 1270 1271 
1271 1323 1324 
1324 1376 1377 
1377 1429 1430 
1430 1482 1483 
1483 1535 1536 
1536 1588 1589 
1589 1641 1642 
1642 1694 1695 
1695 1747 1748 
1748 1800 1801 
1801 1853 1854 
1854 1906 1907 
1907 1959 1960 
1960 2012 2013 
2013 2065 2066 
2066 2118 2119 
2119 2171 2172 
2172 2224 2225 
2225 2277 2278 
2278 2330 2331 
2331 2383 2384 
2384 2436 2437 
2437 2489 2490 
2490 2542 2543 
2543 2595 2596 
2596 2648 2649 
2649 2701 2702 
2702 2754 2755 
2755 2807 2808 
53 105 106 
106 158 159 
159 211 212 
212 264 265 
265 317 318 
318 370 371 
371 423 424 
424 476 477 
477 529 530 
530 582 583 
583 635 636 
636 688 689 
689 741 742 
742 794 795 
795 847 848 
848 900 901 
901 953 954 
954 1006 1007 
1007 1059 1060 
1060 1112 1113 
1113 1165 1166 
1166 1218 1219 
1219 1271 1272 
1272 1324 1325 
1325 1377 1378 
1378 1430 1431 
1431 1483 1484 
1484 1536 1537 
1537 1589 1590 
1590 1642 1643 
1643 1695 1696 
1696 1748 1749 
1749 1801 1802 
1802 1854 1855 
1855 1907 1908 
1908 1960 1961 
1961 2013 2014 
2014 2066 2067 
2067 2119 2120 
2120 2172 2173 
2173 2225 2226 
2226 2278 2279 
2279 2331 2332 
2332 2384 2385 
2385 2437 2438 
2438 2490 2491 
2491 2543 2544 
2544 2596 2597 
2597 2649 2650 
2650 2702 2703 
2703 2755 2756 
2756 2808 2809 
