5510
1 2 3 
1 4 2 
1 3 5 
1 5 6 
7 8 9 
7 4 1 
7 9 10 
7 11 4 
7 10 11 
12 13 14 
12 15 13 
12 16 15 
17 12 14 
17 18 16 
17 16 12 
19 16 18 
19 20 21 
19 21 16 
22 20 19 
22 23 20 
22 24 23 
25 24 22 
25 26 24 
25 19 18 
25 22 19 
27 14 28 
29 27 30 
29 31 32 
29 30 31 
29 17 14 
29 14 27 
33 31 30 
33 34 31 
33 35 34 
33 36 35 
33 30 37 
33 37 36 
38 39 40 
38 40 41 
38 42 39 
43 41 44 
43 38 41 
43 44 45 
46 5 42 
46 6 5 
46 42 38 
47 6 46 
47 48 6 
47 49 50 
47 50 48 
51 52 53 
51 54 55 
51 55 52 
51 53 56 
57 58 59 
57 60 61 
57 59 62 
57 61 58 
63 64 65 
63 65 61 
63 66 67 
63 68 66 
63 67 64 
63 61 68 
69 64 70 
69 71 72 
69 72 73 
69 74 71 
69 73 64 
69 70 74 
75 56 53 
75 76 56 
77 56 78 
77 78 79 
77 51 56 
80 81 82 
80 83 81 
84 85 86 
84 82 85 
84 80 82 
87 88 26 
89 84 86 
89 86 87 
89 80 84 
89 90 80 
91 24 26 
91 26 88 
91 92 93 
91 88 92 
91 93 94 
91 94 24 
95 87 86 
95 88 87 
95 96 88 
95 97 96 
95 86 97 
98 99 100 
98 101 99 
102 103 104 
102 105 103 
102 104 99 
102 99 106 
102 107 105 
102 106 107 
108 109 110 
108 110 111 
108 111 112 
108 112 113 
108 113 114 
115 116 117 
115 60 57 
115 57 62 
115 62 116 
118 114 119 
118 108 114 
118 119 120 
121 98 100 
121 109 108 
121 108 118 
121 100 109 
122 115 117 
122 101 98 
122 98 121 
123 124 125 
123 126 124 
123 127 126 
128 127 123 
128 129 130 
128 54 129 
128 130 131 
128 131 127 
132 133 134 
132 135 70 
132 134 136 
132 67 66 
132 66 137 
132 136 135 
132 70 67 
132 137 133 
138 139 140 
138 141 139 
138 142 143 
138 143 144 
138 140 142 
138 144 141 
145 144 146 
145 147 148 
145 148 149 
145 146 147 
145 149 144 
150 151 152 
150 153 151 
150 152 154 
150 146 155 
150 155 153 
156 157 158 
156 159 160 
156 160 157 
161 162 163 
164 161 165 
164 166 161 
167 168 169 
167 170 171 
167 169 170 
163 162 172 
163 172 173 
174 164 165 
175 176 166 
175 166 164 
175 164 174 
175 177 176 
178 179 180 
178 181 182 
178 182 179 
183 184 185 
183 186 184 
187 183 188 
187 188 189 
187 186 183 
187 189 190 
191 192 193 
194 191 193 
194 195 196 
194 196 197 
194 193 195 
198 199 200 
201 202 203 
201 197 202 
201 203 199 
204 205 206 
204 206 207 
204 208 205 
204 207 209 
204 210 208 
204 209 210 
211 212 213 
214 215 216 
211 217 218 
214 219 205 
211 220 212 
214 205 221 
211 222 220 
214 216 223 
211 213 217 
214 223 219 
211 224 222 
214 221 215 
211 218 224 
225 226 227 
228 229 230 
231 225 227 
228 232 233 
231 234 235 
228 233 236 
231 185 234 
228 198 237 
231 235 225 
228 230 238 
239 231 227 
228 236 198 
239 188 183 
228 237 240 
239 241 188 
228 238 232 
239 227 241 
228 240 229 
239 183 185 
242 243 244 
239 185 231 
242 245 246 
247 248 249 
242 250 245 
251 252 248 
242 244 250 
242 253 243 
251 174 165 
242 246 253 
251 247 174 
254 255 256 
251 257 252 
254 258 259 
251 248 247 
260 174 247 
260 175 174 
254 259 255 
261 191 262 
263 264 265 
261 262 260 
261 260 247 
263 266 267 
261 247 249 
263 265 266 
268 191 261 
269 270 271 
268 261 249 
272 273 274 
272 274 275 
272 275 276 
277 278 279 
277 276 280 
281 273 272 
282 283 281 
282 279 284 
285 286 287 
285 287 288 
285 288 289 
290 289 291 
290 285 289 
290 291 292 
290 292 293 
294 295 296 
297 298 299 
297 293 296 
300 301 294 
300 294 296 
300 293 292 
300 296 293 
302 296 295 
302 298 297 
302 303 298 
302 304 303 
302 295 304 
302 297 296 
305 306 307 
305 308 309 
310 305 307 
310 308 305 
311 312 313 
314 224 315 
314 316 224 
317 312 311 
318 317 311 
268 192 191 
268 319 320 
268 320 192 
268 249 319 
321 322 323 
321 324 322 
325 321 323 
325 191 194 
325 194 197 
326 321 325 
326 199 198 
326 197 201 
326 325 197 
326 201 199 
237 200 327 
237 327 328 
237 198 200 
237 328 240 
329 330 203 
329 331 330 
329 332 333 
329 203 332 
329 334 331 
329 333 334 
335 336 337 
335 337 338 
335 338 339 
340 341 342 
340 337 343 
340 343 344 
340 344 341 
340 342 337 
345 346 347 
348 349 350 
348 350 351 
348 352 349 
353 354 334 
353 355 356 
353 357 354 
353 358 355 
353 334 358 
353 356 357 
230 229 359 
230 360 361 
230 361 362 
230 359 360 
230 362 238 
363 364 365 
363 366 364 
363 365 367 
363 367 368 
369 370 371 
369 372 370 
369 373 366 
369 374 373 
375 376 372 
375 363 368 
375 368 377 
378 375 377 
378 379 376 
378 376 375 
380 378 377 
380 381 382 
380 377 381 
380 382 383 
380 383 378 
384 385 386 
387 388 389 
387 390 388 
387 384 386 
391 392 382 
391 393 392 
391 394 393 
391 395 396 
391 382 395 
391 396 394 
269 397 398 
269 398 270 
399 400 401 
318 311 314 
402 403 404 
318 314 315 
402 405 406 
402 407 408 
409 317 318 
399 410 400 
411 384 387 
412 413 414 
412 415 413 
416 387 389 
416 411 387 
416 389 417 
416 417 412 
416 412 414 
416 414 411 
402 418 405 
402 404 407 
419 420 226 
402 406 403 
419 226 225 
402 408 418 
409 421 317 
422 407 423 
409 424 421 
422 423 425 
426 314 311 
422 414 427 
426 316 314 
422 427 428 
422 425 411 
429 226 420 
422 411 414 
429 430 226 
422 431 407 
422 428 431 
426 311 313 
432 433 434 
426 313 435 
432 436 437 
438 439 440 
432 434 441 
432 437 442 
438 435 439 
432 442 433 
438 426 435 
432 441 436 
443 316 426 
444 445 446 
444 447 445 
444 448 449 
444 449 450 
444 446 448 
443 426 438 
444 450 447 
451 452 453 
454 244 455 
451 456 452 
429 457 430 
454 458 459 
429 351 457 
460 438 440 
454 461 244 
460 440 462 
454 455 458 
463 346 345 
464 443 438 
454 465 461 
463 466 467 
464 438 460 
454 459 465 
463 339 346 
468 460 462 
469 335 339 
470 122 471 
468 462 456 
469 463 467 
470 472 473 
468 456 451 
469 339 463 
470 473 101 
469 467 474 
475 451 453 
470 101 122 
469 336 335 
476 477 220 
470 471 472 
423 478 479 
480 464 460 
481 482 483 
484 485 486 
480 475 476 
481 487 488 
484 489 485 
480 460 468 
481 490 487 
484 491 492 
480 451 475 
480 468 451 
493 480 476 
493 464 480 
493 476 220 
494 495 496 
497 424 409 
497 498 424 
499 500 498 
501 502 503 
501 503 499 
504 505 506 
507 508 509 
507 504 506 
481 488 510 
511 475 453 
484 492 512 
513 514 477 
481 510 482 
484 486 491 
513 475 511 
482 515 516 
482 516 517 
484 518 489 
513 476 475 
484 512 518 
513 477 476 
519 520 521 
522 490 523 
519 524 525 
526 527 514 
519 521 528 
529 504 526 
519 525 530 
529 155 505 
519 530 520 
522 523 531 
529 505 504 
519 528 524 
529 153 155 
532 533 534 
535 536 537 
532 534 487 
535 538 539 
532 522 540 
541 513 511 
535 542 536 
541 526 514 
532 490 522 
535 539 543 
535 543 542 
532 540 544 
541 511 153 
535 537 538 
541 514 513 
532 544 545 
546 547 548 
532 487 490 
541 529 526 
546 549 550 
541 153 529 
532 545 533 
546 548 549 
551 453 452 
546 552 553 
551 554 555 
546 553 547 
551 452 554 
556 557 558 
546 559 552 
556 531 557 
154 146 150 
546 550 559 
560 561 562 
154 563 564 
565 566 567 
563 154 152 
560 568 569 
560 570 571 
565 572 573 
560 569 574 
563 555 575 
565 576 572 
560 562 568 
560 574 570 
565 573 577 
560 571 561 
578 579 580 
570 558 581 
582 496 502 
578 580 583 
582 502 501 
578 584 585 
582 494 496 
578 583 584 
578 585 586 
578 586 579 
570 581 571 
582 587 494 
588 589 590 
591 592 593 
588 540 522 
588 590 540 
591 594 592 
595 596 597 
598 587 582 
588 531 556 
598 599 587 
595 597 600 
601 591 593 
588 600 589 
598 582 501 
595 574 596 
601 593 602 
588 556 600 
603 591 601 
595 570 574 
588 522 531 
598 501 604 
605 606 594 
595 600 556 
607 488 534 
595 558 570 
605 591 603 
607 608 609 
605 603 610 
595 556 558 
607 611 608 
612 561 613 
605 594 591 
614 615 616 
614 617 618 
614 618 615 
619 620 621 
607 534 611 
622 620 619 
612 623 562 
607 624 488 
622 625 620 
626 617 614 
612 562 561 
607 609 624 
627 628 622 
626 614 629 
612 630 584 
631 345 632 
627 622 619 
626 527 509 
612 584 633 
631 634 466 
635 627 619 
626 509 617 
612 633 623 
631 466 463 
635 636 627 
637 107 638 
631 463 345 
105 107 637 
635 639 636 
612 613 630 
631 632 634 
640 635 619 
105 637 641 
642 479 643 
561 644 613 
640 621 645 
646 615 647 
642 425 423 
640 619 621 
646 648 615 
642 385 384 
561 571 644 
646 641 648 
642 384 425 
649 650 651 
646 647 103 
642 423 479 
646 103 105 
652 653 654 
655 656 542 
642 643 657 
658 653 652 
646 105 641 
642 657 385 
655 659 656 
658 660 653 
661 662 663 
371 374 369 
664 662 661 
665 652 666 
655 550 659 
371 667 668 
655 669 550 
665 658 652 
371 668 374 
670 671 672 
673 666 674 
655 542 675 
670 662 671 
673 665 666 
655 675 669 
676 677 678 
676 679 680 
676 680 677 
670 681 663 
682 363 375 
682 375 372 
683 658 665 
676 678 684 
670 663 662 
685 686 687 
683 636 658 
682 372 369 
688 689 8 
685 690 691 
683 665 673 
682 366 363 
683 628 627 
688 8 48 
682 369 366 
683 627 636 
688 672 689 
347 692 352 
347 352 345 
685 687 690 
688 670 672 
683 673 628 
347 355 692 
693 694 695 
688 48 50 
696 697 698 
693 699 694 
688 50 681 
696 700 701 
693 695 702 
688 681 670 
703 180 177 
704 705 706 
707 708 699 
696 701 697 
703 178 180 
704 15 705 
696 698 700 
703 262 178 
703 175 260 
709 710 711 
13 28 14 
703 260 262 
13 15 704 
709 712 555 
713 708 707 
703 177 175 
714 28 13 
709 555 710 
713 674 708 
715 173 168 
714 13 704 
715 716 163 
717 718 719 
720 721 538 
722 704 706 
715 163 173 
715 167 716 
715 168 167 
158 165 156 
158 251 165 
158 257 251 
720 723 724 
722 706 671 
725 115 122 
722 714 704 
720 530 726 
717 719 727 
725 118 120 
722 671 662 
720 726 721 
717 727 713 
725 121 118 
725 122 121 
725 120 60 
725 60 115 
728 90 116 
728 83 80 
728 116 62 
728 729 83 
728 62 729 
728 80 90 
730 54 51 
730 129 54 
730 77 79 
730 51 77 
730 731 129 
730 79 731 
732 46 38 
732 43 45 
732 49 47 
732 47 46 
732 45 733 
732 38 43 
732 733 49 
734 1 6 
734 7 1 
734 8 7 
734 6 48 
734 48 8 
735 52 55 
735 736 737 
735 55 738 
735 737 52 
735 738 739 
735 739 736 
720 538 723 
717 713 707 
740 3 741 
722 662 664 
722 664 714 
742 714 664 
742 28 714 
743 744 745 
743 661 744 
743 742 664 
720 724 530 
746 707 699 
743 664 661 
746 699 693 
747 745 748 
747 37 27 
747 748 37 
747 743 745 
747 742 743 
749 750 697 
28 747 27 
749 751 750 
740 5 3 
740 752 753 
754 751 755 
28 742 747 
754 711 756 
757 758 759 
754 760 711 
761 733 762 
740 741 752 
763 757 764 
761 49 733 
740 753 765 
761 762 766 
754 756 751 
740 765 5 
767 663 681 
768 53 769 
770 771 489 
772 668 759 
767 681 50 
767 50 49 
770 773 774 
772 759 758 
768 775 776 
767 49 761 
770 528 777 
778 779 780 
768 75 53 
781 761 766 
770 777 771 
778 772 758 
781 766 744 
782 783 779 
770 489 773 
768 769 784 
781 767 761 
781 744 661 
770 774 528 
768 784 775 
781 661 663 
782 785 783 
781 663 767 
786 668 772 
786 374 668 
786 772 778 
786 778 780 
787 788 789 
790 649 651 
790 651 791 
792 793 794 
795 792 794 
795 794 788 
795 788 787 
796 797 798 
799 796 798 
800 801 796 
800 796 799 
802 800 799 
803 793 792 
803 804 793 
768 776 75 
805 806 807 
350 805 808 
349 805 350 
803 801 800 
803 792 801 
809 803 800 
809 800 802 
809 804 803 
810 809 802 
811 694 812 
813 814 815 
816 649 790 
816 813 811 
816 790 814 
816 814 813 
816 811 812 
816 812 649 
817 804 809 
817 809 810 
818 817 810 
819 817 818 
820 168 821 
820 821 822 
823 824 825 
826 823 827 
828 829 824 
830 831 828 
169 168 820 
832 833 169 
832 830 833 
832 169 820 
349 806 805 
834 117 116 
170 169 833 
835 457 351 
170 833 826 
834 116 90 
836 837 838 
836 838 834 
836 839 837 
840 841 4 
842 839 836 
171 827 843 
835 350 808 
835 351 350 
842 836 844 
171 826 827 
840 845 841 
846 835 808 
840 4 11 
171 170 826 
847 848 457 
171 843 849 
840 850 845 
847 835 846 
842 851 839 
840 11 852 
847 457 835 
840 852 850 
842 853 851 
854 855 856 
854 857 855 
854 856 858 
859 860 861 
862 857 854 
863 864 822 
865 863 866 
867 865 857 
868 831 864 
869 867 859 
869 870 868 
871 872 873 
874 873 875 
874 875 876 
877 873 874 
877 871 873 
878 871 877 
879 2 880 
881 882 846 
879 883 884 
885 877 874 
881 846 808 
886 877 885 
879 880 887 
842 888 853 
889 890 882 
886 878 877 
879 887 883 
891 216 215 
879 892 893 
894 895 888 
891 189 896 
897 886 898 
879 893 2 
894 899 895 
900 223 216 
897 901 902 
879 884 892 
903 904 905 
906 882 881 
903 907 908 
471 834 838 
906 889 882 
897 909 901 
471 910 911 
912 195 193 
471 838 910 
903 905 907 
897 898 909 
912 906 195 
471 122 117 
897 878 886 
912 913 889 
471 117 834 
897 902 878 
912 889 906 
471 911 472 
914 915 916 
917 918 848 
919 898 920 
914 921 915 
922 87 923 
924 918 917 
919 909 898 
914 925 921 
914 916 926 
927 928 924 
929 909 919 
922 89 87 
914 926 925 
930 931 927 
932 919 920 
933 836 834 
934 935 936 
937 938 930 
932 939 940 
933 89 922 
934 941 935 
937 942 890 
943 944 929 
933 90 89 
934 945 946 
943 947 944 
933 834 90 
934 946 941 
948 848 847 
943 949 947 
933 922 844 
934 936 950 
948 942 917 
943 929 919 
933 844 836 
934 950 945 
948 917 848 
943 932 940 
951 952 953 
954 41 955 
956 957 319 
943 940 949 
954 958 44 
959 956 319 
943 919 932 
951 960 961 
954 955 962 
959 248 963 
951 964 960 
954 44 41 
248 959 249 
695 694 811 
951 953 964 
954 962 965 
954 965 958 
966 967 968 
966 969 139 
966 970 969 
966 971 967 
966 968 970 
966 139 971 
972 973 974 
975 219 223 
976 815 787 
951 961 952 
972 974 977 
978 975 931 
976 787 789 
245 952 979 
972 148 980 
963 956 959 
976 981 815 
245 953 952 
972 977 148 
963 248 252 
976 982 981 
245 250 983 
972 980 984 
963 978 956 
245 983 953 
972 984 973 
206 205 219 
981 985 813 
986 987 988 
989 990 991 
992 252 207 
993 994 995 
981 813 815 
986 988 996 
989 997 998 
992 963 252 
999 45 993 
986 1000 1001 
1002 1003 1004 
992 207 206 
1005 264 1006 
1007 999 993 
1007 1008 1009 
1007 1010 999 
1007 1009 1010 
1007 995 1008 
1007 993 995 
958 994 993 
44 993 45 
44 958 993 
1011 1012 1013 
1014 902 901 
1014 1011 1015 
1014 901 1012 
1014 1012 1011 
1014 1015 1016 
1014 1016 902 
762 999 1010 
762 45 999 
733 45 762 
766 762 1010 
766 1010 1017 
745 1017 1018 
748 745 1018 
37 748 36 
37 30 27 
1019 748 1018 
1019 36 748 
1020 947 1019 
1020 1009 1008 
1020 1018 1009 
1020 1019 1018 
1020 944 947 
1020 1008 944 
1021 1022 1023 
1024 23 94 
1024 94 1025 
1026 1024 1027 
1026 23 1024 
1028 1029 1030 
1028 1026 1027 
1031 1026 1028 
1031 1028 1030 
986 996 1000 
989 1032 997 
1033 1034 1035 
1036 1023 1037 
1036 1021 1023 
1036 1038 1021 
15 16 21 
705 1031 1030 
705 21 1031 
705 15 21 
706 1030 1029 
706 705 1030 
1039 1040 1029 
1039 1029 1028 
989 991 1032 
1041 1042 1043 
1044 1039 1045 
1005 1046 1047 
989 998 1048 
1041 1043 1049 
989 1050 990 
1044 1040 1039 
1005 1047 264 
1041 1049 1034 
852 1051 1038 
1005 1006 1002 
989 1048 1050 
1041 1034 1033 
1052 1053 1054 
10 9 1044 
1055 1004 1056 
986 1057 987 
1058 1041 1033 
1052 1059 1060 
10 1044 1045 
1061 1062 1063 
986 1001 1057 
1064 1065 895 
1052 1066 1053 
10 1051 852 
1067 1047 1046 
1058 1042 1041 
1064 1000 1068 
1052 1069 1059 
10 1045 1051 
1058 1070 1042 
1064 1068 1065 
1052 1054 1069 
10 852 11 
1067 1063 1047 
1071 1058 1033 
1064 895 1072 
1052 1060 1066 
672 1029 1040 
1067 1061 1063 
379 1073 1074 
1064 1072 1075 
1076 455 243 
689 672 1040 
1077 1067 1046 
1064 1075 1000 
1076 243 1078 
689 1040 1044 
1077 1055 1079 
459 1080 1081 
1076 1082 455 
689 1044 9 
1083 1084 1079 
459 1081 465 
1076 1078 1085 
8 689 9 
1086 1087 1088 
459 1089 1080 
1076 1090 1082 
1091 1074 1073 
1086 1083 1092 
671 706 1029 
244 461 250 
1076 1085 1093 
1094 1071 1033 
1095 1062 1061 
671 1029 672 
458 1089 459 
1076 1093 1090 
1094 1096 1091 
1097 1098 1099 
744 1017 745 
455 244 243 
1100 1101 1102 
1094 1033 1035 
1097 1103 1098 
744 766 1017 
455 1082 458 
1104 1095 1061 
1094 1035 1096 
1097 458 1082 
1105 26 25 
1106 1107 1101 
923 87 26 
1097 1099 1089 
648 616 615 
1108 1109 1071 
1110 107 106 
1097 1082 1103 
1106 1104 1084 
1108 1094 1091 
1110 106 473 
923 26 1105 
1097 1089 458 
1111 1062 1095 
1112 1113 1114 
1110 473 1115 
1110 1115 1116 
1108 1071 1094 
1117 1111 1095 
1112 1118 1119 
1120 923 1105 
638 1116 1080 
1108 1091 1073 
638 107 1110 
1112 1119 1113 
1121 1111 1117 
1122 894 888 
638 1110 1116 
1112 1114 1123 
286 299 1124 
1121 1125 1126 
1122 888 842 
1112 1123 1127 
1128 286 1124 
1129 1117 1100 
1122 1130 894 
1108 1073 1109 
1112 1127 1118 
1128 1124 1131 
1129 1121 1117 
1122 842 844 
1128 287 286 
1132 1133 1134 
371 1135 667 
1132 301 1133 
1129 1125 1121 
736 1128 1131 
1136 922 923 
1137 1138 1139 
1132 294 301 
736 1131 1140 
1136 844 922 
1137 1141 1142 
1136 923 1120 
1136 1122 844 
739 287 1128 
1132 1143 295 
1137 1142 1138 
1144 1145 1146 
1147 1148 448 
739 1128 736 
1132 1134 1143 
1149 1139 1138 
1144 1146 1150 
1147 1151 1152 
739 288 287 
1132 295 294 
1149 1153 1139 
1154 1155 1156 
1147 553 1157 
739 1158 288 
1159 1160 1161 
1149 1162 1153 
1163 1164 1146 
1147 1157 1165 
1159 1166 1167 
370 1135 371 
1159 1167 1168 
738 1158 739 
1169 1170 1171 
1169 1172 1173 
1147 448 1151 
1163 1146 1145 
1174 1162 1149 
1159 1168 1160 
1175 1170 1169 
1147 1152 553 
1176 1154 1156 
1147 1165 1148 
1159 1177 1166 
1175 1178 1170 
1179 1180 1181 
1176 1156 1182 
1183 678 1184 
1185 1174 1149 
1175 1169 1173 
1179 1177 1186 
1187 884 1188 
1183 1189 1190 
1185 1149 1138 
1183 1190 684 
1179 1181 1177 
1191 1187 1192 
1179 308 310 
1185 1138 1193 
1194 1173 1172 
1195 1196 1197 
1183 1184 1189 
1179 1186 308 
1198 1185 1193 
1199 1171 1200 
1195 1197 752 
1201 1202 690 
1198 1193 1135 
1199 1172 1169 
1195 752 741 
1201 1203 1189 
1179 310 1180 
1198 1135 370 
1199 1169 1171 
1204 1196 1195 
1201 690 1203 
1205 1206 1207 
1208 1091 1096 
1199 1209 1172 
1204 1191 1196 
753 1210 765 
1205 1211 1212 
1213 1214 1215 
1201 1189 1202 
892 884 1187 
1156 1216 1182 
1205 1217 1211 
1213 379 1074 
1218 1219 1220 
892 1187 1191 
1221 1156 1155 
1205 1207 1217 
1222 1174 1214 
1218 1220 447 
892 1191 1204 
1221 1155 1223 
1205 1212 1126 
1222 1162 1174 
1218 441 1219 
892 1204 893 
1221 1216 1156 
1205 1126 1206 
1222 1208 1224 
1218 447 1225 
1226 1182 1216 
1227 479 478 
1222 1224 1162 
1218 1228 441 
1229 788 794 
1230 1231 883 
1227 478 1232 
1233 1137 1139 
1218 1234 1228 
1229 1235 1236 
1237 1231 1230 
1227 635 640 
1238 1137 1233 
1218 1225 1234 
1239 1229 794 
1240 1231 1237 
1227 1232 639 
1238 1241 1242 
1243 1244 1245 
1239 794 793 
1246 1216 1221 
1227 645 479 
1238 1242 1141 
1243 1247 1244 
1239 1235 1229 
1248 1231 1240 
1227 640 645 
1238 1141 1137 
1243 1249 1250 
1251 1236 1235 
1252 1175 1173 
1227 639 635 
1253 1241 1238 
1243 1245 1254 
1251 1255 1236 
1256 1240 1237 
1257 1258 1259 
1253 1238 1233 
1243 1250 1247 
238 1260 1261 
1262 1173 1194 
1257 660 1258 
1253 1263 1241 
1243 1254 1249 
238 362 1260 
1262 1252 1173 
1257 653 660 
1264 1253 1233 
634 1265 466 
232 238 1261 
1266 1226 1216 
1257 1259 1267 
1264 1233 1139 
634 1268 1265 
1269 1270 1271 
1266 1216 1246 
1257 1267 1272 
1264 1139 1153 
634 1273 1268 
1269 232 1261 
1274 1275 1226 
1257 1272 653 
1276 1277 1278 
1279 420 419 
1280 1281 1282 
1274 1266 1262 
1276 1283 1277 
1279 632 420 
1280 1284 1285 
1274 1262 1194 
1286 1287 40 
1276 1288 1283 
1280 1285 1281 
1274 1226 1266 
1286 40 1289 
474 1290 1291 
1292 1273 634 
393 1293 392 
1294 1262 1266 
1286 1295 1287 
1296 1297 1298 
1292 1299 1273 
1300 1293 393 
1294 1266 1246 
1286 798 1295 
1296 1301 1297 
1292 634 632 
1302 1280 1282 
1294 1252 1262 
1286 1289 802 
1303 1301 1296 
1292 632 1279 
850 852 1038 
1302 1304 1300 
1286 802 799 
1303 1265 1301 
425 384 411 
850 1038 1036 
1305 1299 1292 
1286 799 798 
1306 1296 1298 
1302 1282 1304 
1307 845 850 
1305 1308 1299 
1306 1298 1309 
1310 1261 1260 
1307 1036 1037 
1305 1311 1308 
1312 39 42 
1306 1309 1313 
1314 394 1310 
1307 850 1036 
1305 1315 1311 
1312 1316 819 
1317 1290 474 
1314 1310 1260 
776 1318 75 
1319 1305 1292 
1312 818 39 
1312 42 1316 
1320 394 1314 
776 1321 1318 
1319 1279 419 
1322 1317 1323 
1312 819 818 
1320 1302 1300 
775 1037 1321 
1319 1315 1305 
1322 1306 1313 
1324 265 1063 
1320 1300 393 
775 1321 776 
1319 1292 1279 
1325 1326 1327 
1324 1212 915 
1320 393 394 
775 1307 1037 
1319 1328 1315 
908 1230 903 
1324 1062 1212 
1329 1280 1302 
1325 1330 1331 
1332 1319 419 
908 1237 1230 
1324 915 265 
1329 1320 1314 
1333 1224 1208 
1332 1334 1335 
1336 1337 1338 
1324 1063 1062 
1329 1302 1320 
1336 1075 1072 
1339 1340 1341 
1329 1284 1280 
1333 1208 1096 
1332 1335 1328 
1342 1343 1344 
1339 1345 1346 
1347 1329 1314 
1333 1348 1349 
1342 1338 1343 
1332 1328 1319 
1339 1341 1345 
1347 1314 1260 
1350 1035 1034 
1351 1276 1278 
1339 1352 1340 
1347 1260 362 
1353 235 1354 
1344 1355 926 
1356 1357 1358 
1339 1346 1359 
1347 362 1360 
1353 225 235 
1344 1343 1355 
1356 1361 1357 
1339 1359 1352 
1347 1360 1284 
1362 256 1363 
1364 1342 1344 
1365 1358 1288 
1353 419 225 
1347 1284 1329 
1366 1364 1057 
1365 1276 1351 
1353 1332 419 
396 1310 394 
1362 1367 1349 
1366 1057 1001 
1365 1288 1276 
1353 1354 1368 
396 395 1369 
1366 1342 1364 
1365 1356 1358 
1353 1334 1332 
1370 1270 1269 
1371 1057 1364 
1353 1368 1334 
1372 1373 258 
1362 1363 1367 
1370 1261 1310 
1371 987 1057 
1374 1354 235 
1375 255 1376 
1370 1369 1270 
1371 1377 987 
1374 235 1378 
1379 1351 1278 
1375 1363 255 
1370 1269 1261 
1374 1380 1381 
1375 1382 1363 
1370 396 1369 
965 994 958 
1379 1383 1384 
1374 1381 1354 
1375 1263 1382 
1370 1310 396 
965 1013 994 
1385 1386 1387 
1374 1378 1380 
1375 1376 1331 
1379 1278 1383 
1388 965 962 
1389 1390 1391 
407 431 408 
1375 1331 389 
1379 1392 1351 
1388 1013 965 
1393 1394 572 
404 423 407 
1375 389 1263 
1389 1391 1395 
1388 1011 1013 
581 1396 571 
404 478 423 
1397 1398 1399 
1397 1400 1401 
1402 1403 1404 
1405 1011 1388 
576 1393 572 
403 935 1232 
1397 1406 1407 
1402 1408 1403 
1405 945 1015 
644 571 1396 
403 478 404 
1397 1401 1406 
1409 1410 1411 
1405 1015 1011 
1412 1396 581 
403 1232 478 
1397 1399 1400 
1409 1411 1413 
1405 946 945 
1396 1412 1414 
968 1415 970 
1416 1393 576 
1417 1409 1413 
1397 1407 1398 
1418 967 1419 
1420 1421 1422 
1423 1393 1416 
1424 1425 1410 
1426 403 406 
1418 968 967 
1420 1427 1428 
1423 1394 1393 
1424 1410 1409 
1426 935 403 
971 1429 967 
1420 1422 1430 
1431 1432 1433 
1434 1424 1409 
1426 1435 1436 
971 139 141 
1420 1430 1427 
1420 1437 1421 
1420 1428 1437 
1426 936 935 
977 974 1438 
1431 1433 1439 
1434 1409 1417 
1440 1441 1442 
1426 406 1435 
977 149 148 
1443 1444 1445 
1434 1417 1408 
1440 1446 1428 
1447 1411 1410 
1448 1449 1450 
1451 1445 1433 
1426 1436 936 
1440 1442 1452 
1453 1386 1454 
1448 1450 1455 
1451 1443 1445 
1456 25 18 
1440 1452 1446 
1457 1410 1425 
1448 1458 1449 
1451 1433 1432 
1456 1105 25 
1440 1459 1441 
1457 1447 1410 
1460 140 969 
1461 516 1462 
1456 18 17 
1440 1428 1459 
1457 1453 1454 
1460 969 1458 
1463 1461 1462 
1464 1456 17 
1465 1466 1467 
1457 1454 1447 
1460 1468 140 
523 490 483 
1469 1120 1105 
1470 1465 1471 
1472 1411 1447 
1460 1458 1448 
523 1473 531 
1474 1456 1464 
1475 1385 1476 
1477 1478 1468 
1479 1461 1463 
1474 1464 1471 
1480 1481 1482 
1475 1483 1472 
1477 1484 1478 
483 517 1485 
1474 1486 1469 
1487 1385 1475 
1477 1468 1460 
517 516 1461 
1474 1471 1486 
1480 1488 1481 
1487 1386 1385 
1477 1455 1484 
517 1461 1479 
1474 1469 1105 
1480 1482 1489 
1487 1447 1454 
1477 1448 1455 
517 483 482 
1474 1105 1456 
1490 1488 1491 
1487 1472 1447 
1477 1460 1448 
1492 1443 1451 
1489 1469 1486 
1490 1430 1493 
1487 1475 1472 
491 1494 492 
1495 1492 1451 
1490 1493 1496 
1487 1454 1386 
973 1497 974 
1495 1451 1432 
1490 1491 1498 
1490 1498 1430 
1490 1496 1488 
1486 1499 1500 
1501 1411 1472 
973 984 1502 
1503 1492 1495 
1504 1136 1120 
1486 1505 1499 
1486 1500 1489 
1505 1471 1465 
1505 1465 1467 
1505 1486 1471 
1506 1427 1498 
1506 1498 1507 
1506 1508 1509 
1506 1507 1508 
1506 1509 1459 
1506 1459 1427 
1510 1511 1512 
1510 1512 1513 
1510 1514 1511 
1510 1513 408 
431 1510 408 
431 1514 1510 
1335 1515 1516 
1335 1334 1515 
1368 1354 1517 
1368 1517 1518 
1368 1518 1334 
1519 1520 1521 
1519 1522 1523 
1519 1516 1524 
1519 1521 1516 
1519 1523 1520 
1519 1524 1522 
1525 1526 1527 
1525 1528 1526 
1525 1523 1529 
1525 1529 1530 
1501 1472 1483 
1531 1532 1497 
1533 1432 1431 
1534 1431 1439 
1525 1530 1528 
1501 1413 1411 
1531 1497 973 
1504 1122 1136 
1534 1533 1431 
1525 1527 1523 
1535 1395 1391 
980 148 147 
1504 1130 1122 
1473 523 1485 
1514 1530 1536 
1535 1417 1413 
980 1537 984 
1504 1489 1482 
1473 1538 1539 
1514 428 1530 
1535 1413 1501 
1540 968 1418 
1504 1469 1489 
557 531 1473 
1514 431 428 
1541 1389 1395 
1540 1415 968 
1504 1120 1469 
1542 1543 1544 
1545 1395 1535 
1540 1546 1415 
1545 1541 1395 
1540 126 1546 
1547 1482 1548 
1542 1544 1549 
1550 1541 1545 
1551 126 1540 
1547 1548 1552 
1542 1553 1543 
461 1554 1555 
1551 1540 1418 
1547 1552 1130 
1556 596 1557 
461 465 1554 
1558 1550 1545 
1551 124 126 
1547 1130 1504 
1556 1557 1559 
250 461 1555 
250 1555 1560 
1561 1418 1419 
1547 1504 1482 
1556 597 596 
1562 1550 1558 
983 250 1560 
1563 1343 1338 
1564 597 1556 
1562 1565 624 
983 1560 1566 
1561 1113 1551 
1563 1567 1568 
1564 1569 1570 
1571 1475 1476 
983 1566 953 
1561 1419 1114 
1563 1568 1355 
1572 1564 1556 
1571 1483 1475 
1573 1574 1575 
1561 1114 1113 
1561 1551 1418 
1576 486 1577 
1576 491 486 
1532 1054 1053 
1032 1578 997 
1579 1532 1531 
1580 1577 1578 
1580 1578 1032 
1581 1580 1579 
1581 973 1502 
1581 1579 1531 
1581 1531 973 
1582 1580 1581 
1582 1577 1580 
1582 1576 1577 
1582 1581 1502 
1582 1502 1576 
1583 1584 1585 
1586 1587 1588 
439 1586 1588 
439 1588 440 
439 1589 1586 
1590 1589 1591 
1590 1586 1589 
1592 1591 1593 
1592 1590 1591 
1592 1594 1590 
1595 1590 1594 
1595 1587 1586 
1595 1596 1587 
1595 1586 1590 
1597 1593 1591 
1598 1591 1589 
1598 1597 1591 
1599 1600 1597 
1599 1601 1600 
1599 1597 1598 
1602 1592 1593 
1603 1604 1583 
1603 1602 1605 
1606 1602 1603 
1606 1585 1594 
1606 1583 1585 
1606 1603 1583 
1606 1592 1602 
1606 1594 1592 
1607 1600 1608 
1607 1597 1600 
1607 1593 1597 
1609 1607 1608 
1609 1602 1593 
1609 1605 1602 
1609 1593 1607 
1610 1611 990 
1610 1612 1611 
1613 1608 1612 
1613 1612 1610 
1050 1610 990 
1614 1613 1610 
1614 1615 1616 
1614 1616 1613 
1614 1610 1050 
577 1617 1618 
577 1618 566 
1619 1604 1603 
1619 1603 1605 
1619 1620 1604 
1621 1613 1616 
1621 1619 1605 
1621 1605 1609 
573 1620 1619 
573 572 1620 
577 566 565 
1622 1615 1617 
1622 1621 1616 
1622 577 573 
1622 1617 577 
1622 1616 1615 
1623 312 1624 
1623 1624 1601 
1623 1601 1599 
1572 1559 656 
1571 1476 1625 
1573 1626 1627 
1563 1337 1567 
1563 1338 1337 
1563 1355 1343 
1628 1493 1422 
1628 1422 1629 
1628 1630 1493 
1628 1629 1631 
1628 1568 1630 
1628 1631 1568 
1632 1567 1633 
1632 1548 1481 
1632 1481 1496 
1632 1633 1548 
1632 1496 1630 
1632 1630 1567 
1634 1635 1636 
1634 1636 184 
1634 1637 1635 
1634 184 186 
1638 32 1637 
1639 32 1470 
1639 29 32 
1639 1464 17 
1639 17 29 
1639 1471 1464 
1639 1470 1471 
1470 32 1638 
1640 1641 1642 
1643 1644 1465 
1643 1470 1638 
1643 1465 1470 
1643 1638 1640 
1643 1645 1644 
1643 1640 1642 
1643 1642 1645 
1646 1647 1648 
1646 1648 1649 
1646 1650 1651 
1646 1649 1650 
1646 1652 1647 
1646 1651 1652 
1653 1654 1655 
1653 1650 1656 
1653 1656 1654 
1653 1655 1657 
1653 1657 1658 
1653 1658 1650 
1659 1660 1661 
1659 1648 1662 
1659 1663 1648 
1659 1664 1663 
1659 1662 1660 
1659 1661 1664 
1665 1666 1667 
1665 1667 1668 
1665 1669 1670 
1665 1670 1666 
1665 1668 1664 
1665 1664 1669 
1671 159 156 
1671 1672 159 
398 397 1673 
398 1673 1674 
265 264 1047 
265 1047 1063 
265 915 1675 
266 265 1675 
271 1676 269 
271 1677 1676 
271 1678 1677 
1679 266 1675 
921 1680 1681 
921 925 1680 
921 1675 915 
921 1679 1675 
921 1681 1679 
1682 1683 1442 
1682 1669 1661 
1682 1442 1684 
1682 1685 1683 
1682 1684 1669 
1682 1661 1685 
1686 1687 1688 
1686 1688 1689 
1686 827 823 
1686 1689 827 
1686 825 1687 
1686 823 825 
1690 1691 1692 
1690 1692 1693 
1690 1693 1687 
1690 1687 1694 
1690 1695 1691 
1690 1694 1695 
1696 1003 1002 
1696 1693 1003 
1696 1002 1006 
1696 1688 1693 
1696 1006 1697 
1696 1697 1688 
1623 313 312 
1698 267 1699 
1700 1558 1545 
1573 911 1701 
1572 1556 1559 
1702 439 435 
267 1703 263 
1700 1501 1483 
1573 1627 1574 
659 1572 656 
1702 1589 439 
267 1698 1703 
1700 1483 1571 
1573 1575 911 
1573 1701 1626 
1702 1598 1589 
849 167 171 
515 1625 516 
1704 1572 659 
1705 988 1706 
1707 1702 435 
515 482 510 
1704 1569 1564 
1705 1706 960 
1707 1623 1599 
515 1571 1625 
1705 960 1708 
1707 1599 1598 
1672 1709 1674 
1710 1558 1700 
1704 1564 1572 
1705 1708 1711 
1707 1598 1702 
1709 1671 716 
1710 1565 1562 
1705 1712 988 
1707 435 313 
1709 398 1674 
1710 1562 1558 
1705 1711 1712 
1707 313 1623 
1709 1672 1671 
1710 515 510 
1713 558 557 
910 838 1714 
910 1701 911 
910 1715 1701 
910 1714 1715 
1716 1717 1068 
1716 1068 996 
1716 1712 1718 
1716 1719 1717 
1716 996 1712 
1716 1718 1719 
839 1720 1721 
839 851 1722 
839 1722 1720 
837 1714 838 
837 1723 1714 
837 839 1721 
837 1721 1723 
1724 1725 1726 
1724 1553 1727 
1724 1727 1725 
1724 1726 1553 
1728 1726 1729 
1728 680 1730 
1728 1729 680 
1728 1730 1731 
1732 1733 1734 
1732 1735 700 
1732 1734 1735 
1732 700 1733 
1736 1727 1549 
1736 1734 1737 
1736 1737 1727 
1736 1549 1734 
1539 1538 1533 
1539 1534 1713 
1539 557 1473 
1539 1533 1534 
1485 1479 1538 
1485 517 1479 
1485 523 483 
1485 1538 1473 
1414 1412 1416 
1414 644 1396 
1414 1416 576 
1414 576 567 
1738 1439 1412 
1738 1412 581 
1738 581 1713 
1738 1534 1439 
1739 1372 1399 
1739 1379 1384 
1739 1373 1372 
1739 1384 1373 
1739 1399 1392 
1739 1392 1379 
1740 1372 258 
1740 1400 1372 
1740 258 254 
1741 1365 1351 
1741 1398 1361 
1741 1392 1398 
1741 1356 1365 
1741 1351 1392 
1741 1361 1356 
1742 1035 1350 
1742 1096 1035 
1742 1348 1333 
1742 1350 1406 
1742 1406 1348 
1742 1333 1096 
1743 1361 1407 
1743 1407 1350 
1743 1744 1361 
1743 1034 1049 
1743 1049 1744 
1743 1350 1034 
1745 1313 1746 
1745 1317 1322 
1745 1290 1317 
1745 1747 1290 
1745 1322 1313 
1745 1746 1747 
467 1317 474 
467 1323 1317 
467 1748 1323 
466 1748 467 
466 1265 1748 
1382 1263 1253 
1382 1253 1264 
255 259 1326 
1749 849 270 
1710 510 1565 
1713 581 558 
1750 1579 1580 
1376 1326 1325 
1749 270 398 
1751 1424 1434 
1749 1709 716 
1752 1580 1032 
1376 255 1326 
1713 1534 1738 
1751 1425 1424 
1752 1750 1580 
1376 1325 1331 
991 990 1753 
389 1331 417 
1754 1404 1755 
389 388 1263 
1713 557 1539 
1756 1222 1214 
1749 716 167 
1757 1404 1754 
991 1752 1032 
1758 1759 543 
1756 1208 1222 
1749 398 1709 
1757 1760 1761 
1762 1059 1069 
1758 1763 1759 
1756 1214 1213 
1749 167 849 
1757 1761 1402 
1764 998 997 
1735 1758 1765 
1756 1091 1208 
1766 1641 1640 
1757 1402 1404 
1764 1578 1767 
1735 1763 1758 
1756 1074 1091 
1768 1769 1760 
1764 997 1578 
1734 1549 1763 
1756 1213 1074 
1766 1770 1641 
1768 1760 1757 
1734 1763 1735 
376 379 1213 
1771 1637 1634 
1771 1638 1637 
1764 1767 1772 
1773 1774 1775 
376 1213 1215 
1771 186 1766 
1771 1766 1640 
1771 1640 1638 
1771 1634 186 
1776 1777 1656 
1776 1656 1649 
1776 1663 1668 
1776 1778 1777 
1776 1649 1663 
1776 1668 1778 
1645 1779 1778 
1645 1778 1667 
1779 1641 1654 
1779 1654 1777 
1779 1642 1641 
1780 1781 1782 
1780 1783 1784 
1780 1784 221 
1780 1782 1783 
1780 221 208 
1780 208 1781 
891 1784 190 
891 215 1784 
891 190 189 
1785 1766 186 
1785 1786 1766 
1785 187 190 
1785 186 187 
1785 190 1787 
1788 1789 1651 
1788 1790 1791 
1788 1792 1790 
1788 1791 1789 
1788 1658 1792 
1788 1651 1658 
1793 1794 1790 
1793 1781 210 
1793 210 1795 
1793 1790 1796 
1793 1796 1781 
1793 1795 1794 
1797 1798 1799 
1797 1800 1798 
1797 1801 1802 
1797 1802 1800 
1797 415 1801 
1797 1799 415 
1770 1786 1803 
1770 1803 1655 
1770 1766 1786 
1804 1796 1792 
1804 1805 1782 
1804 1792 1657 
1804 1782 1796 
1804 1803 1805 
1804 1657 1803 
1787 1786 1785 
1787 1783 1805 
1787 1805 1786 
1699 849 843 
1699 843 1698 
1699 270 849 
1806 1678 271 
1806 266 1679 
1806 1679 1678 
1807 271 270 
1807 1806 271 
1807 267 266 
1807 1699 267 
1807 270 1699 
1807 266 1806 
246 245 979 
246 1808 253 
246 979 1809 
246 1809 1808 
236 1810 324 
236 326 198 
236 321 326 
236 324 321 
233 232 1269 
233 1271 1810 
233 1810 236 
233 1269 1271 
1811 469 474 
1811 474 1291 
1811 336 469 
1811 1812 336 
1811 1813 1814 
1811 1291 1813 
1811 1814 1812 
1815 345 352 
1815 429 420 
1815 632 345 
1815 351 429 
1815 352 348 
1815 420 632 
1815 348 351 
1816 379 378 
1733 700 1774 
376 1215 1817 
1768 1757 1754 
1764 1772 1818 
1816 1073 379 
1733 1774 1773 
372 376 1817 
1819 1820 1751 
1764 1818 998 
1816 378 383 
1821 1737 1822 
372 1817 370 
1819 1751 1823 
1363 1382 1264 
1816 383 1824 
1825 1821 1822 
1826 1760 1769 
1363 1264 1367 
1827 1828 1829 
1830 586 1617 
1826 1823 1761 
1831 1348 1401 
1832 1828 1827 
1816 1109 1073 
1826 1761 1760 
1831 1349 1348 
1830 1617 1615 
1832 1822 1828 
1816 1833 1109 
1834 1755 1390 
1831 1362 1349 
1835 1614 1050 
1832 1825 1822 
1816 1824 1833 
1836 1390 1389 
1831 1400 1740 
1835 1830 1615 
1831 1401 1400 
1836 1834 1390 
1730 680 1165 
1835 1615 1614 
256 1740 254 
764 1242 1837 
1838 1247 1250 
1730 1165 1157 
579 586 1830 
256 255 1363 
1839 1247 1838 
1048 998 1840 
256 1362 1831 
764 759 1242 
1841 433 1839 
1842 1730 1157 
1048 1835 1050 
256 1831 1740 
1843 992 206 
1843 963 992 
1843 206 219 
1843 219 975 
1841 1844 1845 
1842 559 1846 
1847 1848 580 
764 757 759 
1843 978 963 
1849 1836 1345 
1842 1846 1731 
1847 580 579 
1843 975 978 
1849 1834 1836 
1842 1731 1730 
1847 1850 1848 
390 386 763 
1851 937 930 
1852 1849 1345 
1727 1542 1549 
390 387 386 
1851 917 942 
1852 1341 1838 
1727 1737 1821 
1847 1840 1850 
1851 942 937 
390 763 764 
1852 1345 1341 
1727 1553 1542 
1851 930 927 
1853 178 262 
1852 1838 1250 
1726 1731 1553 
1851 927 924 
1853 262 191 
1853 325 323 
1853 191 325 
1853 323 1854 
1853 181 178 
1853 1855 181 
1853 1854 1855 
1856 161 163 
1856 163 716 
1856 156 165 
1856 165 161 
1856 1671 156 
1856 716 1671 
1857 123 125 
1857 54 128 
1857 55 54 
1857 1858 738 
1857 738 55 
1857 128 123 
1857 1859 1858 
1857 125 1859 
955 1287 1259 
1852 1250 1249 
1731 1726 1728 
1054 1532 1579 
1851 924 917 
955 1860 962 
1852 1249 1849 
1725 1727 1821 
1054 1750 1069 
1861 930 938 
955 41 1287 
1340 1862 1844 
941 1259 1258 
1054 1579 1750 
1494 712 492 
1725 1821 1825 
1863 1841 1839 
941 1258 935 
1861 956 978 
1864 1832 1827 
1863 1839 1838 
941 1860 955 
1861 978 931 
575 555 712 
575 1494 1537 
575 712 1494 
1123 1114 1865 
1066 1866 1053 
1060 1867 1066 
1868 1060 1059 
1868 1869 1870 
1871 1872 1873 
1871 1874 1872 
1871 1875 1874 
1871 1876 1875 
1877 1825 1832 
1863 1341 1340 
941 955 1259 
1878 1879 1880 
1861 938 957 
1877 1832 1864 
1863 1340 1844 
941 946 1860 
1881 1882 1883 
1881 1884 1882 
1885 1883 1882 
1886 1883 1885 
1886 1885 1887 
1888 1883 1886 
1889 1886 1887 
1890 1878 1888 
1879 1168 1167 
1168 1878 1890 
1168 1879 1878 
1891 1884 1881 
1892 1891 1881 
1085 1891 1892 
1093 1892 1880 
1093 1085 1892 
1093 1880 1893 
1894 1895 1884 
1894 1884 1891 
1896 125 124 
1897 1551 1113 
1897 1896 124 
1897 124 1551 
1119 1897 1113 
1898 1877 1864 
1863 1844 1841 
1899 1608 1600 
1861 957 956 
1900 1901 1902 
1903 1904 1905 
1906 1127 1123 
1907 1908 1909 
1899 1910 1911 
1861 931 930 
1863 1838 1341 
1729 1903 1905 
1912 1906 1867 
1907 554 452 
1899 1911 1612 
1729 1905 680 
1913 1914 1915 
1907 452 456 
1899 1600 1910 
249 959 319 
1916 1359 1541 
1917 1918 1919 
1920 1913 1915 
1907 456 1908 
1921 1624 1922 
192 320 913 
1916 1541 1550 
1923 1924 1925 
1118 1127 1920 
711 1926 756 
1921 1922 1869 
192 912 193 
1927 1562 624 
1928 1923 1917 
1929 1118 1920 
711 760 709 
192 913 912 
1927 1916 1550 
1928 1463 1462 
1929 1920 1915 
710 1907 1909 
1921 1910 1624 
188 1930 896 
1927 1550 1562 
1928 1462 1924 
1929 1915 1931 
710 1909 1926 
1762 1868 1059 
188 896 189 
1352 1862 1340 
1928 1924 1923 
1929 1931 1901 
710 1926 711 
1762 1869 1868 
1932 975 223 
1352 1359 1916 
1928 1917 1919 
1933 1119 1118 
710 554 1907 
712 512 492 
712 709 512 
555 554 710 
1762 1934 1869 
1932 223 900 
609 1927 624 
1928 1919 1463 
1933 1118 1929 
1935 751 756 
1932 928 927 
1936 1937 1862 
1938 1925 1387 
1933 1901 1900 
1935 750 751 
1932 931 975 
1939 1769 1768 
1940 1387 1386 
1933 1929 1901 
1941 1942 750 
1943 1944 1945 
1932 900 928 
1946 1939 1768 
1940 1938 1387 
1947 1119 1933 
1941 750 1935 
1943 1948 1944 
1932 927 931 
1946 1768 1754 
1949 1898 1864 
1947 1897 1119 
1950 756 1951 
1943 1945 1952 
896 1930 900 
1949 1953 1898 
1947 1933 1900 
1950 1951 1954 
1943 1952 1874 
896 216 891 
1245 1244 1955 
1956 1953 1949 
1957 1947 1900 
1950 1941 1935 
1943 1874 1958 
896 900 216 
1959 1849 1249 
1957 1897 1947 
1950 1935 756 
1943 1958 1948 
1960 1956 1949 
1959 1834 1849 
1957 1896 1897 
1961 1941 1950 
1103 1962 1876 
1960 1492 1503 
1254 1959 1249 
1963 890 942 
1964 125 1896 
1961 1954 1965 
1103 1082 1966 
1967 1956 1960 
1968 1254 1245 
1963 846 882 
1964 1896 1957 
1961 1950 1954 
1103 1966 1962 
1103 1876 1098 
1969 1754 1755 
1963 948 847 
1970 1964 1957 
1971 1961 1965 
1967 1918 1917 
1180 1972 1973 
1969 1834 1959 
1963 942 948 
1970 1957 1900 
1974 1942 1941 
1967 1503 1918 
1180 310 1972 
1969 1755 1834 
1970 1900 1902 
1963 847 846 
1974 1941 1961 
1975 1976 1977 
1978 1979 1914 
1963 882 890 
1967 1960 1503 
1974 1961 1971 
1975 1980 1181 
1981 1769 1939 
1978 1914 1913 
1982 1769 1981 
1983 1938 1940 
1984 1965 1596 
1975 1181 1180 
1985 1986 938 
1978 1913 1987 
1982 1826 1769 
1983 1940 1988 
1984 1971 1965 
1975 1180 1973 
1985 890 889 
1978 1987 1989 
1990 1819 1823 
1983 1988 1991 
1992 1971 1984 
1975 1993 1980 
1985 913 1986 
1994 424 498 
1990 1823 1826 
1983 1991 1995 
1996 1942 1974 
1975 1997 1976 
1985 938 937 
1994 1978 1989 
1990 1826 1982 
1998 1953 1956 
1999 1971 1992 
1975 1977 1993 
1985 937 890 
500 1978 1994 
1998 2000 1953 
1999 1996 1974 
1975 1973 1997 
1985 889 913 
500 1979 1978 
2001 1983 1995 
1999 1974 1971 
2002 1160 2003 
500 1994 498 
2004 2005 2006 
2001 1995 2007 
2008 1996 1999 
2002 2009 2010 
2002 2003 2009 
2002 2010 1134 
1133 2002 1134 
1133 301 1186 
1161 1186 1177 
1161 1133 1186 
1161 2002 1133 
1161 1160 2002 
1161 1177 1159 
2011 2012 2013 
2011 2014 2012 
2011 2015 2014 
2016 1088 1087 
2016 2017 1088 
2016 2012 2017 
2018 2014 2019 
2018 1102 1101 
2018 1101 1107 
2018 2019 1102 
2018 1107 2017 
2018 2017 2014 
2020 855 857 
2020 2021 2022 
2020 2022 855 
2020 866 2021 
2020 857 865 
2020 865 866 
2023 1417 1535 
2023 1408 1417 
2023 1403 1408 
2023 1391 1403 
2023 1535 1391 
2024 2025 1695 
2024 1695 2026 
2027 1691 2025 
2027 2028 1691 
2029 2030 2031 
2029 2032 2033 
2029 2033 2030 
2029 2031 2034 
2029 2034 2035 
2029 2035 2032 
443 464 493 
443 222 316 
443 493 222 
2036 598 604 
2036 497 409 
2036 218 599 
2036 599 598 
2037 1868 1870 
2004 687 686 
2038 1904 1903 
2008 1999 1992 
2039 1942 1996 
2036 604 497 
2040 424 1994 
2004 2006 687 
2038 1998 2001 
430 848 918 
2039 2041 1942 
2036 315 218 
421 424 2040 
2042 2043 1955 
2038 2007 1904 
430 457 848 
2044 1996 2008 
2036 318 315 
2040 1994 1989 
2042 2005 2004 
2038 2001 2007 
241 226 430 
2044 2039 1996 
2036 409 318 
2045 2042 2004 
2038 2000 1998 
241 918 2046 
1775 2039 2044 
2047 626 629 
1870 1922 2048 
2045 2004 686 
2038 1903 2000 
241 1930 188 
697 750 2041 
2047 527 626 
1480 1489 1500 
1922 1870 1869 
2045 2043 2042 
2049 2050 2051 
241 430 918 
697 2052 749 
2047 514 527 
1480 1500 1491 
1989 1912 2037 
1989 2037 2040 
2053 2054 2055 
2056 1394 1423 
241 2046 1930 
698 2039 1775 
2047 477 514 
1488 1480 1491 
2053 2043 2045 
2056 2050 2049 
227 226 241 
698 697 2041 
2047 629 212 
1488 1496 1481 
2053 2055 2043 
2056 1423 2050 
2057 2005 2042 
698 2041 2039 
2047 212 477 
1678 1679 1681 
1989 1987 1912 
2058 2056 2049 
2057 2042 1955 
701 2059 2060 
2061 2062 2063 
1446 1678 1681 
2064 1964 1970 
2065 1394 2056 
2057 1955 1244 
701 2052 697 
2061 599 217 
1446 1677 1678 
2066 2064 1970 
2065 2056 2058 
2067 1839 433 
701 2060 2052 
2061 217 2068 
1441 1459 1509 
2066 1970 1902 
2065 2058 2069 
2067 1247 1839 
2061 587 599 
1452 1683 1676 
2066 1902 2070 
2071 1584 2069 
2067 1244 1247 
2061 2063 587 
1452 1676 1677 
1859 1964 2064 
563 152 551 
2071 1992 1984 
2067 2057 1244 
1850 1840 1818 
2061 2068 2062 
1452 1677 1446 
1859 125 1964 
2072 2069 2058 
2073 1820 1819 
1772 485 771 
2074 213 629 
1442 1683 1452 
1858 1158 738 
563 551 555 
2072 2071 2069 
2075 2076 2077 
1772 1850 1818 
2074 2068 213 
1442 1441 1684 
2078 1158 1858 
2079 526 504 
2080 1829 2081 
2082 691 2083 
1772 1767 485 
2074 629 614 
1428 1427 1459 
2084 1859 2064 
2079 509 527 
2085 2080 2081 
2082 2083 2076 
777 528 521 
2074 614 616 
1437 1446 1681 
2084 2086 2078 
2079 507 509 
2087 2080 2085 
2082 2076 2075 
777 1772 771 
2074 2062 2068 
1437 1681 1680 
2084 2078 1858 
2079 527 526 
2087 2051 1444 
2082 2075 2088 
2089 1819 1990 
2089 1990 1982 
2074 616 2062 
1437 1680 1421 
2084 1858 1859 
2079 504 507 
2090 2049 2051 
2091 1981 2092 
2093 1505 1467 
1437 1428 1446 
2094 2086 2095 
2096 1772 777 
2096 521 2097 
2096 2097 1848 
2096 1848 1850 
2096 777 521 
2096 1850 1772 
2083 2098 2076 
2099 2076 2098 
2077 2076 2099 
2077 2099 2100 
690 2101 1203 
687 2101 690 
687 2006 2101 
2102 1189 1184 
2102 1202 1189 
2103 1184 2104 
2103 2102 1184 
2105 2099 2098 
2105 2102 2103 
2105 2098 1202 
2105 1202 2102 
2106 2099 2105 
2106 2100 2099 
2106 2105 2103 
2107 2108 2104 
2007 1995 2108 
2090 2087 2085 
604 498 497 
2091 1982 1981 
1430 1422 1493 
2007 2108 2107 
1904 2007 2107 
2090 2051 2087 
2091 2089 1982 
2093 1467 2109 
604 501 499 
289 2094 291 
2110 2100 2106 
2111 1992 2071 
1430 1498 1427 
292 291 309 
2112 2103 2104 
503 502 1993 
2111 2071 2072 
1499 1507 1491 
2093 2109 1508 
604 499 498 
2112 2104 2108 
495 1872 1952 
2111 2008 1992 
1499 1505 2093 
2073 1819 2089 
2113 279 282 
2112 2110 2106 
2114 908 907 
2114 2115 2116 
2114 907 2117 
2114 2117 2115 
2118 2085 2081 
1499 2093 1507 
2119 1453 1457 
1466 1644 1666 
2113 282 281 
2112 2106 2103 
1256 908 2114 
2118 2081 2120 
1499 1491 1500 
2119 2121 1453 
1466 1666 2122 
2113 276 277 
2123 2100 2110 
1256 1237 908 
2124 2008 2111 
2125 2126 2127 
2119 1457 1425 
2113 277 279 
2123 2121 2100 
2124 2044 2008 
2125 2127 2128 
1466 1465 1644 
2113 281 272 
1991 2108 1995 
2129 1240 1256 
2130 2124 2118 
2131 2132 2133 
1820 1425 1751 
2134 1684 1441 
2113 272 276 
1991 2112 2108 
2129 1178 1175 
2130 1773 1775 
2131 2135 2132 
1820 2119 1425 
2134 1441 1509 
253 2136 1894 
1991 2123 2110 
2129 1252 1294 
2130 1775 2044 
2131 2128 2135 
2137 2100 2121 
2134 2122 1670 
1808 2138 2136 
1991 2110 2112 
2129 1175 1252 
2130 2044 2124 
2131 2125 2128 
2134 1670 1684 
2137 2077 2100 
1808 2136 253 
1988 2123 1991 
2129 1294 1240 
2130 2118 2120 
2139 2140 2141 
2134 1509 2109 
2137 2075 2077 
1808 1809 2138 
684 678 1183 
2142 1240 1294 
2130 2120 1773 
2139 2141 2143 
1718 2144 2145 
2137 2121 2119 
2146 2147 2148 
677 1904 2107 
2134 2109 2122 
2139 2126 2125 
2139 2143 2126 
1719 2145 1722 
2149 2033 2032 
2150 2088 2075 
2146 281 283 
679 2151 1148 
2142 1294 1246 
2152 2153 2140 
1719 1718 2145 
2154 2155 2032 
2150 2137 2119 
2146 283 2156 
679 1148 1165 
2142 1221 1223 
2152 2131 2133 
996 1068 1000 
2035 2154 2032 
2150 2119 1820 
2146 2148 273 
684 679 676 
2142 1248 1240 
2152 2139 2125 
851 1719 1722 
2157 2035 2034 
2150 2073 2088 
2146 273 281 
679 684 2151 
2142 1246 1221 
2152 2140 2139 
1065 888 895 
2157 2154 2035 
2150 2075 2137 
1844 1862 1937 
1188 883 1231 
1845 2158 1220 
2152 2125 2131 
1065 853 888 
2146 2156 2147 
2025 1691 1695 
1188 884 883 
1845 1937 2158 
2152 2133 2153 
1717 853 1065 
2159 2160 2161 
2150 1820 2073 
1188 1231 1248 
1845 1844 1937 
2162 2163 2164 
1845 1220 1219 
2159 2165 2166 
2167 2053 2045 
2168 1206 1126 
2159 2161 2165 
1717 1719 851 
2162 2169 2170 
1774 700 698 
1403 1755 1404 
2167 2045 686 
2168 284 2171 
2172 2003 1889 
1717 1065 1068 
2162 2164 2169 
1774 698 1775 
1403 1390 1755 
1403 1391 1390 
2173 2092 2054 
2168 2171 1206 
1125 2168 1126 
2174 2168 1125 
2175 1102 2019 
2175 2176 2174 
2177 162 166 
2178 162 2177 
2178 172 162 
821 168 173 
2179 172 2178 
2179 173 172 
2179 821 173 
2180 2021 866 
2180 2179 2178 
2181 2022 2021 
2182 858 856 
2183 2177 166 
2183 166 176 
2184 2177 2183 
2185 2181 2184 
2186 2183 176 
2187 2188 2185 
1810 1271 2189 
2190 2191 2192 
2193 1810 2189 
2193 324 1810 
2194 324 2193 
2195 2190 2194 
2196 2189 2197 
2196 2193 2189 
2198 365 2199 
2198 367 365 
2198 2200 367 
2201 2202 2203 
2201 2199 2202 
1717 851 853 
1905 1904 677 
1905 677 680 
2201 2198 2199 
855 2022 856 
1715 1723 2204 
1087 2205 2016 
537 723 538 
2173 2053 2167 
2172 2160 2159 
2201 2203 2206 
2162 2207 2163 
1714 1723 1715 
1088 2017 1107 
2208 723 537 
2172 1887 2160 
2209 2196 2197 
2162 2170 1560 
1711 2144 1718 
2173 2054 2053 
2210 2097 2211 
2014 2017 2012 
2172 1889 1887 
2209 2206 2196 
2162 1560 2207 
1711 1718 1712 
2054 1939 2055 
2210 1848 2097 
2212 2188 2187 
2209 2213 2214 
1720 1722 2145 
988 987 1706 
2015 2019 2014 
2210 580 1848 
2212 2215 2188 
2209 2197 2213 
2216 2144 2217 
988 1712 996 
279 2171 284 
2210 583 580 
2054 2092 1981 
2212 2218 2219 
2054 1981 1939 
2216 2145 2144 
960 1706 961 
278 2171 279 
2220 377 368 
1972 2221 2222 
2212 2187 2223 
2224 2088 2073 
2216 1720 2145 
2225 1116 1115 
2226 633 583 
2220 2200 2214 
1972 2222 1973 
2212 2219 2215 
2224 2073 2089 
2227 2228 2204 
2225 1081 1116 
2226 623 633 
2220 368 2200 
1972 310 307 
2212 2223 2218 
2224 2089 2091 
2227 2204 1723 
2229 1081 2225 
2226 583 2210 
2230 2220 2214 
1972 307 2221 
2231 858 2182 
2232 2092 2173 
2227 1723 1721 
2229 465 1081 
2233 2234 568 
2230 2214 2213 
306 2221 307 
2231 2215 2235 
2232 2091 2092 
2236 2216 2217 
2233 623 2226 
381 377 2220 
2070 2222 2221 
2231 2182 2215 
2232 2224 2091 
2236 2217 2164 
2237 2232 2173 
2233 568 623 
381 2220 2230 
2238 1976 1997 
2236 2228 2227 
2237 2173 2167 
2239 2226 2210 
381 395 382 
1914 1976 2238 
2240 2225 1115 
2236 1720 2216 
2237 686 685 
2239 2210 2211 
381 2230 395 
1979 1976 1914 
2241 2242 2243 
2236 2227 1721 
2237 2167 686 
2239 2211 724 
1369 2230 2213 
2244 2222 2070 
2241 2243 2245 
2241 2246 2247 
2241 2247 2242 
2241 2223 2246 
2241 2245 2223 
2248 2031 2249 
2248 2249 2250 
2248 2250 2251 
2248 2252 2031 
2248 2251 2253 
2248 2253 2252 
181 2251 182 
181 1855 2254 
181 2254 2251 
2255 2249 2030 
2255 2256 2257 
2255 2257 2249 
2255 2030 2258 
2255 2243 2256 
2255 2258 2243 
2259 2149 2260 
2259 2218 2245 
2259 2258 2033 
2259 2033 2149 
2259 2245 2258 
2259 2260 2218 
2261 2262 2235 
2261 2235 2219 
2261 2219 2260 
2263 2262 2264 
2263 2264 2155 
2265 2154 2266 
2265 2155 2154 
2265 2263 2155 
2265 2266 2267 
2268 2269 2202 
2268 2270 2269 
2271 2252 2272 
2271 2273 2157 
2271 2157 2034 
2271 2274 2273 
2271 2272 2274 
2271 2034 2252 
2275 2276 2277 
2275 2278 2279 
2275 2279 2276 
2275 2277 785 
2275 785 782 
2275 782 2278 
2280 657 643 
2280 2281 2276 
2280 2276 657 
2282 1092 2283 
2282 2284 2205 
2282 1087 1086 
2282 1086 1092 
2282 2205 1087 
2282 2283 2284 
2285 2027 2025 
2286 2287 2288 
2286 2283 2289 
2286 2289 2287 
2290 1003 1692 
2290 1692 2028 
2290 2028 2287 
2290 2287 1056 
2290 1004 1003 
2290 1056 1004 
2291 829 2292 
2291 824 829 
2291 2026 1694 
2291 2292 2026 
2291 1694 825 
2291 825 824 
2293 2294 2292 
2293 2292 2295 
2296 2025 2024 
2296 2024 2294 
2296 2285 2025 
2297 2232 2237 
2297 2237 685 
2297 2088 2224 
2297 691 2082 
2297 685 691 
2297 2224 2232 
2297 2082 2088 
2298 1969 1959 
2298 1754 1969 
2298 1968 1946 
2298 1946 1754 
2298 1254 1968 
2298 1959 1254 
2299 1968 1245 
2299 1955 2043 
2299 2055 1968 
2299 2043 2055 
2299 1245 1955 
1946 1968 2055 
1946 2055 1939 
2300 1936 1862 
2300 609 1936 
2300 1862 1352 
2300 1927 609 
2300 1352 1916 
2300 1916 1927 
2301 1710 1700 
2301 1571 515 
2301 515 1710 
2301 1700 1571 
2302 1251 1235 
1369 2213 1270 
2303 1535 1501 
1902 2244 2070 
2239 724 723 
2303 1545 1535 
2303 1700 1545 
2303 1501 1700 
2304 1823 1751 
2304 1402 1761 
2304 1434 1408 
2304 1408 1402 
2304 1761 1823 
2304 1751 1434 
2305 2306 1176 
2305 2307 2306 
2305 1176 1182 
2305 1182 2308 
2309 1095 1104 
2309 1100 1117 
2309 1101 1100 
2309 1106 1101 
2309 1104 1106 
2309 1117 1095 
2310 1086 1088 
2310 1084 1083 
2310 1083 1086 
2310 1088 1107 
2310 1107 1106 
2310 1106 1084 
2311 1067 1077 
2311 1077 1079 
2311 1084 1104 
2311 1079 1084 
2311 1061 1067 
2311 1104 1061 
2312 1092 1083 
2312 1083 1079 
2312 1055 1056 
2312 2289 1092 
2312 1079 1055 
2312 1056 2289 
2313 1005 1002 
2313 1046 1005 
2313 1002 1004 
2313 1077 1046 
2313 1055 1077 
2313 1004 1055 
1212 2314 915 
1212 1111 1121 
1212 1121 1126 
1212 1062 1111 
2315 2296 2294 
2315 2294 2293 
2315 2293 2316 
2317 2305 2308 
2317 2307 2305 
2318 2319 1144 
2318 1144 1150 
2318 2320 2319 
2321 2318 1150 
2321 2320 2318 
1164 1150 1146 
2322 1150 1164 
2322 2321 1150 
2322 2307 2317 
2322 1164 2307 
2323 2320 2321 
2324 2323 1255 
2324 2320 2323 
2324 2325 2326 
2324 2326 2320 
2324 1251 2325 
2324 1255 1251 
2327 1255 2323 
2328 1255 2327 
2328 2327 2329 
2328 2329 2330 
2328 2330 1236 
2328 1236 1255 
2331 2321 2322 
2332 2333 2331 
2332 2317 2334 
2332 2322 2317 
2332 2331 2322 
2335 2323 2321 
2335 2321 2331 
2335 2331 2333 
2336 2285 2296 
2336 2333 2285 
2336 2296 2315 
2336 2335 2333 
2337 2335 2336 
2337 2327 2323 
2337 2323 2335 
2338 2337 2336 
2338 2336 2315 
2339 2333 2332 
2339 2285 2333 
2339 2332 2334 
2340 2027 2285 
2340 2285 2339 
2340 2288 2027 
2340 2286 2288 
2340 2284 2286 
2341 2340 2339 
2341 2339 2334 
2341 2205 2284 
2341 2284 2340 
2342 976 789 
2342 982 976 
2342 789 2329 
2343 982 2342 
2343 2344 982 
2343 2329 2327 
2343 2342 2329 
985 2344 2345 
985 982 2344 
985 981 982 
2346 2338 2315 
2346 2337 2338 
2347 2344 2343 
2348 2346 2347 
2348 2343 2327 
2348 2327 2337 
2348 2347 2343 
2348 2337 2346 
2349 2347 2346 
2350 858 2231 
2350 862 854 
2350 854 858 
2351 2347 2349 
2351 2344 2347 
2352 2353 2351 
2352 2351 2349 
2352 2350 2353 
2354 2345 2344 
2354 2344 2351 
2345 2354 702 
2345 695 2355 
2345 702 695 
2356 2351 2353 
2356 2354 2351 
2357 2354 2356 
2357 702 2354 
32 31 1637 
940 34 949 
2358 940 939 
2358 1637 31 
2358 1635 1637 
2358 939 1635 
2358 31 34 
2358 34 940 
939 2359 1635 
939 920 2359 
939 932 920 
1636 1635 2359 
2360 2361 1378 
2360 875 2361 
2360 876 875 
2362 1636 2359 
2362 876 1636 
2362 2363 885 
2362 2359 2363 
2362 885 874 
2362 874 876 
185 184 1636 
234 876 2360 
234 1636 876 
234 1378 235 
234 2360 1378 
234 185 1636 
2364 867 869 
2364 868 864 
2364 863 865 
2364 865 867 
2364 864 863 
2364 869 868 
860 857 862 
860 859 867 
860 867 857 
859 2316 870 
859 861 2316 
859 870 869 
2365 2352 2349 
2365 2350 2352 
2365 862 2350 
2365 861 860 
2365 860 862 
2366 2346 2315 
2366 2315 2316 
2366 2349 2346 
2366 2365 2349 
2366 2316 861 
2366 861 2365 
2367 824 823 
2367 833 830 
2367 830 828 
2367 828 824 
2367 826 833 
2367 823 826 
2236 1721 1720 
2236 2164 2228 
2368 2118 2124 
2368 2085 2118 
2369 2368 2124 
2369 2124 2111 
2369 2111 2072 
2090 2085 2368 
2370 2072 2058 
2370 2368 2369 
2370 2090 2368 
2370 2058 2049 
2370 2049 2090 
2370 2369 2072 
2371 1998 1956 
2371 1956 1967 
2371 2001 1998 
2372 1983 2001 
2372 1938 1983 
2372 2001 2371 
2373 1925 1938 
2373 1938 2372 
2373 1923 1925 
2374 1967 1917 
2374 2372 2371 
2374 2373 2372 
2374 1917 1923 
2374 1923 2373 
2374 2371 1967 
2375 2000 1903 
2375 1903 1729 
2376 1898 1953 
2376 1877 1898 
2376 2000 2375 
2376 1953 2000 
2377 1825 1877 
2377 1725 1825 
2377 1877 2376 
2377 2376 2375 
2378 1726 1725 
2378 1729 1726 
2378 2375 1729 
2378 1725 2377 
2378 2377 2375 
2379 1733 1773 
2379 1773 2120 
2380 1829 1828 
2380 2081 1829 
2380 2379 2120 
2380 2120 2081 
2381 1828 1822 
2381 1822 1737 
2381 2380 1828 
2381 2379 2380 
2382 1734 1733 
2382 1737 1734 
2382 1733 2379 
2382 2381 1737 
2382 2379 2381 
2383 1495 1432 
2383 1432 1533 
2384 1538 1479 
2384 1533 1538 
2384 2383 1533 
2385 2384 1479 
2385 1479 1463 
2385 1463 1919 
2385 2383 2384 
2386 1495 2383 
2386 1503 1495 
2386 1918 1503 
2386 1919 1918 
2386 2385 1919 
2386 2383 2385 
2387 1423 1416 
2387 2050 1423 
2388 1433 1445 
2388 1439 1433 
2389 1444 2051 
2389 2051 2050 
2389 2050 2387 
2389 2388 1445 
2389 1445 1444 
2389 2387 2388 
2390 1412 1439 
2390 1416 1412 
2390 1439 2388 
2390 2387 1416 
2390 2388 2387 
1399 1372 1400 
1398 1392 1399 
1407 1361 1398 
1406 1350 1407 
1406 1401 1348 
2391 1296 1306 
2302 2392 2393 
1369 395 2230 
2240 1115 472 
2394 1973 2222 
2395 831 830 
2395 822 864 
2395 820 822 
2395 830 832 
2395 864 831 
2395 832 820 
2396 828 831 
2396 870 2295 
2396 868 870 
2396 829 828 
2396 2295 829 
2396 831 868 
1316 2397 819 
1316 1210 2397 
1316 765 1210 
1289 39 818 
1289 40 39 
1289 818 810 
1289 810 802 
2398 702 2357 
2398 2357 2399 
2398 2399 2400 
2398 2400 746 
2398 746 693 
2398 693 702 
1267 1287 1295 
1267 2401 1272 
1267 1295 2401 
1259 1287 1267 
479 645 643 
2402 1232 1258 
2402 658 636 
2402 1258 660 
2402 639 1232 
2402 660 658 
2402 636 639 
2403 643 645 
2403 2404 2280 
2403 621 2405 
2403 2405 2404 
2403 645 621 
2403 2280 643 
2406 601 602 
2406 602 2407 
2408 2406 2407 
2409 2357 2356 
2409 2408 2407 
2409 2399 2357 
2410 2409 2407 
2410 2399 2409 
2410 2407 2411 
2410 2411 718 
2410 718 2399 
364 2268 365 
364 2270 2268 
2412 2409 2356 
2412 2408 2409 
2413 2233 2226 
2413 2226 2239 
2413 2208 2234 
2413 2234 2233 
2413 723 2208 
2413 2239 723 
1569 1704 549 
2414 2415 2416 
2417 2418 2419 
2417 2420 2418 
2417 2419 533 
2421 2420 2417 
2421 2417 2414 
2421 2414 2416 
2421 1152 2420 
1557 2208 1559 
1557 2234 2208 
630 566 1618 
613 566 630 
1765 721 2059 
545 2414 2417 
545 2417 533 
544 2415 2414 
544 2414 545 
1570 1569 2416 
1570 2416 2415 
2422 2419 2423 
2422 2423 2158 
2422 2158 1937 
483 490 481 
1165 680 679 
1744 1357 1361 
1358 2424 1288 
1283 2425 1277 
412 417 1801 
412 1801 415 
2426 1070 2427 
2428 1357 1744 
1042 2429 1043 
1042 2426 2429 
1042 1070 2426 
1049 1043 2428 
1049 2428 1744 
2430 2428 1043 
2430 1043 2429 
2431 2429 2426 
2432 2433 2431 
2432 2426 2427 
2432 2431 2426 
401 2429 2431 
401 2430 2429 
400 1357 2428 
400 1358 1357 
400 2424 1358 
400 2430 401 
400 2428 2430 
1281 2433 2432 
1282 1281 2432 
1282 2432 2427 
1282 2427 1304 
392 1293 1824 
388 390 1837 
1241 1837 1242 
1241 388 1837 
1241 1263 388 
667 759 668 
1135 1142 667 
1141 759 667 
1141 1242 759 
1141 667 1142 
383 392 1824 
382 392 383 
2200 368 367 
2197 1271 1270 
2197 1270 2213 
2189 1271 2197 
1193 1138 1142 
1193 1142 1135 
2434 2435 399 
2434 2431 2433 
2434 399 401 
2434 401 2431 
2325 1251 2302 
2436 2190 2195 
2240 472 911 
2394 1997 1973 
2391 1303 1296 
2391 1306 1322 
2391 1322 1323 
1748 1265 1303 
1748 1303 2391 
1748 2391 1323 
1817 1198 370 
2437 1185 1198 
2437 1214 1174 
2437 1174 1185 
2437 1215 1214 
2437 1198 1817 
2437 1817 1215 
1349 1224 1333 
1367 1264 1153 
1367 1162 1224 
1367 1153 1162 
1367 1224 1349 
1986 957 938 
1986 913 320 
1986 319 957 
1986 320 319 
2046 918 924 
2046 924 928 
1930 928 900 
1930 2046 928 
2438 1872 495 
2438 495 494 
2438 494 587 
2438 1873 1872 
2438 2063 1873 
2438 587 2063 
151 551 152 
151 153 511 
151 453 551 
151 511 453 
2439 1922 1624 
2439 1624 312 
2439 317 421 
2439 312 317 
2440 299 286 
2440 297 299 
2440 286 285 
2440 285 290 
2440 293 297 
2440 290 293 
2441 2442 2443 
2441 2443 2161 
2441 2444 2442 
2441 2160 2444 
2441 2161 2160 
2250 2257 179 
2250 182 2251 
2250 2249 2257 
2250 179 182 
2264 2261 2149 
2264 2262 2261 
2264 2032 2155 
2264 2149 2032 
2267 2445 2270 
2266 2154 2157 
2273 2266 2157 
2273 2267 2266 
2273 2274 2445 
2273 2445 2267 
2446 713 727 
2446 673 674 
2446 2447 625 
2446 625 622 
2446 727 2447 
2446 674 713 
2446 622 628 
2446 628 673 
2288 2028 2027 
2288 2287 2028 
2024 2026 2294 
2326 2325 2393 
2326 2393 2448 
2326 2448 2319 
2326 2319 2320 
2449 2450 2451 
2449 2452 2450 
2449 2453 2454 
2449 2451 2453 
2455 2449 2454 
2455 2456 1145 
2455 2454 2456 
2455 1145 2457 
2455 2452 2449 
2455 2457 2452 
2458 2459 2460 
2458 804 817 
2458 817 2459 
2461 793 804 
2461 1239 793 
2461 804 2458 
2462 2460 2463 
2462 2461 2458 
2462 2463 2392 
2462 2458 2460 
2464 1239 2461 
2464 1235 1239 
2464 2461 2462 
2464 2302 1235 
2464 2392 2302 
2464 2462 2392 
1346 1836 1389 
1346 1345 1836 
1346 1389 1541 
1346 1541 1359 
2330 788 1229 
2330 1229 1236 
2330 789 788 
2330 2329 789 
2306 1164 1163 
2306 1163 1154 
2306 1154 1176 
2306 2307 1164 
2355 695 811 
2355 811 813 
2355 813 985 
2355 985 2345 
2363 898 886 
2363 886 885 
2363 920 898 
2363 2359 920 
2465 796 801 
2465 791 797 
2465 797 796 
2466 814 790 
2466 790 791 
2466 791 2465 
2467 792 795 
2467 2466 2465 
2467 2465 801 
2467 801 792 
2468 795 787 
2468 2467 795 
2468 787 815 
2468 2466 2467 
2468 814 2466 
2468 815 814 
2400 717 707 
2400 718 717 
2400 707 746 
2400 2399 718 
2469 654 650 
2469 666 652 
2469 652 654 
2470 708 674 
2470 674 666 
2470 666 2469 
2471 649 812 
2471 2470 2469 
2471 650 649 
2471 2469 650 
2472 708 2470 
2472 699 708 
2472 694 699 
2472 2470 2471 
2472 812 694 
2472 2471 812 
2473 2474 2475 
2476 2475 610 
2476 2473 2475 
2477 2142 1223 
2477 1192 1187 
2477 1223 1192 
2477 1248 2142 
2477 1188 1248 
2477 1187 1188 
2478 1178 2129 
2478 2129 1256 
2478 2116 1178 
2478 2114 2116 
2478 1256 2114 
2479 1945 1944 
2480 1952 1945 
2480 496 495 
2480 1945 2479 
2480 2479 1980 
2480 495 1952 
2481 2480 1980 
2481 496 2480 
2481 502 496 
2481 1980 1993 
2481 1993 502 
20 23 1026 
20 1031 21 
20 1026 1031 
2482 1025 2483 
2482 1027 1024 
2482 1024 1025 
2484 1022 1021 
2484 2483 1022 
2484 2482 2483 
2485 2484 1021 
2485 1021 1038 
2485 1051 1045 
2485 1038 1051 
2486 1028 1027 
2486 2482 2484 
2486 1027 2482 
2486 2484 2485 
2486 1045 1039 
2486 2485 1045 
2486 1039 1028 
35 36 1019 
35 1019 947 
35 947 949 
35 949 34 
2487 995 994 
2487 1013 1012 
2487 994 1013 
2488 1012 901 
2488 901 909 
2488 909 929 
2488 2487 1012 
2489 1008 995 
2489 2488 929 
2489 995 2487 
2489 944 1008 
2489 929 944 
2489 2487 2488 
2490 2491 2492 
2490 2493 2494 
2490 2494 2491 
2495 2496 2497 
2495 2497 2493 
2495 2493 2490 
2498 2499 2500 
2498 2495 2490 
2498 2490 2492 
2498 2492 2499 
2501 2495 2498 
2501 2500 1318 
2501 2498 2500 
2501 1321 2496 
2501 2496 2495 
2501 1318 1321 
92 2502 2503 
92 2503 93 
92 96 2502 
92 88 96 
104 100 99 
2504 647 2505 
2504 103 647 
2504 104 103 
2504 100 104 
2504 109 100 
2506 2504 2505 
2506 110 109 
2506 2507 110 
2506 109 2504 
2506 2505 2507 
2508 2509 2510 
2508 2510 1546 
127 1546 126 
127 2508 1546 
131 130 135 
131 2508 127 
136 134 2509 
136 2509 2508 
136 131 135 
136 2508 131 
143 142 2511 
2512 2511 505 
2512 143 2511 
155 2512 505 
2512 144 143 
2512 146 144 
2512 155 146 
332 807 333 
332 2513 807 
332 203 202 
332 202 2513 
196 202 197 
196 2513 202 
2514 808 805 
2514 881 808 
2514 805 807 
2514 807 2513 
2515 195 906 
2515 881 2514 
2515 196 195 
2515 906 881 
2515 2513 196 
2515 2514 2513 
327 200 2516 
2517 2518 328 
2517 328 327 
2517 2519 2518 
2520 357 2521 
2520 2519 2517 
2520 2521 2519 
354 357 2520 
2522 2520 2517 
2522 354 2520 
2522 327 2516 
2522 2517 327 
331 2522 2516 
331 2516 330 
331 354 2522 
331 334 354 
347 346 356 
355 347 356 
692 358 806 
692 349 352 
692 806 349 
692 355 358 
360 2523 2524 
360 359 2523 
2525 2526 2527 
2525 2527 2528 
2525 2524 2526 
2525 360 2524 
361 2525 2528 
361 2528 1360 
361 360 2525 
361 1360 362 
2529 2530 2531 
2529 2532 2530 
2529 2531 2533 
2529 2534 2532 
2535 2536 2534 
2535 2534 2529 
2535 2537 2536 
2535 2538 2537 
2535 2529 2533 
2535 2533 2538 
488 1565 510 
488 624 1565 
611 2419 2422 
608 1937 1936 
608 611 2422 
608 1936 609 
608 2422 1937 
534 488 487 
534 533 611 
2539 516 1625 
2539 1462 516 
2539 1924 1462 
2539 1625 1476 
2540 1385 1387 
2540 1476 1385 
2540 1387 1925 
2540 1924 2539 
2540 1925 1924 
2540 2539 1476 
589 597 1564 
589 1564 1570 
589 600 597 
590 589 1570 
590 1570 2415 
590 544 540 
590 2415 544 
585 630 1618 
585 1618 1617 
585 1617 586 
584 630 585 
584 583 633 
2541 572 1394 
2541 1394 2065 
2541 1620 572 
2541 1604 1620 
2542 2069 1584 
2542 1584 1583 
2542 1583 1604 
2542 2541 2065 
2542 2065 2069 
2542 1604 2541 
562 623 568 
569 596 574 
569 2234 1557 
569 568 2234 
569 1557 596 
550 549 659 
550 669 559 
552 1842 1157 
552 559 1842 
547 1152 2421 
547 2421 2416 
553 552 1157 
553 1152 547 
548 1569 549 
548 2416 1569 
548 547 2416 
536 1559 2208 
536 2208 537 
536 656 1559 
542 656 536 
542 543 675 
539 1765 1758 
539 538 721 
539 721 1765 
539 1758 543 
2543 678 677 
2543 677 2107 
2543 2107 2104 
2543 1184 678 
2543 2104 1184 
2083 691 690 
2083 690 1202 
2083 1202 2098 
450 2544 1225 
450 2151 2544 
447 450 1225 
446 2423 2418 
446 2418 1151 
449 1148 2151 
449 2151 450 
448 1148 449 
448 446 1151 
445 1220 2158 
445 2423 446 
445 447 1220 
445 2158 2423 
1234 1190 1189 
1234 1189 1203 
436 1228 2545 
441 1228 436 
442 2005 2057 
442 2067 433 
442 2057 2067 
437 2006 2005 
437 436 2545 
437 2545 2006 
437 2005 442 
434 1845 1219 
434 433 1841 
434 1841 1845 
434 1219 441 
2546 2547 2548 
2546 1308 2547 
2546 1299 1308 
1273 1299 2546 
1268 1301 1265 
1268 2549 1301 
2550 1273 2546 
2550 2546 2548 
2550 2548 2551 
2550 2551 2549 
2550 2549 1268 
2550 1268 1273 
1335 1521 1328 
1335 1516 1521 
2552 902 1016 
2552 878 902 
2552 871 878 
2552 1016 2553 
2554 2555 2556 
2554 2153 2557 
2554 871 2552 
2554 2553 2555 
2554 2557 872 
2554 2556 2153 
2554 872 871 
2554 2552 2553 
1770 1655 1654 
1641 1770 1654 
1644 1667 1666 
1645 1667 1644 
1787 1784 1783 
1787 190 1784 
2558 1325 1327 
2558 1802 1330 
2558 2559 1802 
2558 1330 1325 
2560 2561 2559 
2560 2559 2558 
2560 1297 2561 
2560 2562 1297 
2560 1327 2562 
2560 2558 1327 
1747 1384 1383 
1747 1746 1384 
1747 1383 2563 
1747 2563 1290 
1526 2564 2565 
1526 2565 1527 
1526 1528 2566 
1526 2566 2564 
2567 700 1735 
2567 701 700 
2567 1735 1765 
2567 1765 2059 
2567 2059 701 
2568 1585 1584 
2568 1596 1595 
2568 1984 1596 
2568 1584 2071 
2568 1594 1585 
2568 1595 1594 
2568 2071 1984 
2569 1940 1386 
2569 2121 2123 
2569 1453 2121 
2569 2123 1988 
2569 1988 1940 
2569 1386 1453 
567 644 1414 
567 613 644 
567 566 613 
567 576 565 
2570 2571 2572 
2570 2573 2571 
2570 2572 1812 
2570 1812 1814 
2574 2575 2425 
2574 1814 2575 
2574 2573 2570 
2574 2425 2573 
2574 2570 1814 
2576 1070 1058 
2576 1109 1833 
2576 1071 1109 
2325 2302 2393 
2436 2191 2190 
1626 1715 2204 
2394 2238 1997 
2576 1058 1071 
2577 2578 2412 
2571 2573 2536 
2463 2579 2450 
2580 2202 2581 
1701 1715 1626 
2394 2222 2244 
1910 1600 1601 
1910 1601 1624 
1911 1921 1934 
1911 1910 1921 
1911 1934 1753 
1911 1753 1611 
1612 1608 1899 
1911 1611 1612 
974 1497 1438 
2582 1438 1497 
2582 1429 1438 
2583 967 1429 
2583 1419 967 
2583 1429 2582 
2584 1865 1114 
2584 2583 2582 
1419 2584 1114 
1419 2583 2584 
2585 2584 2582 
2585 2582 1497 
2585 1865 2584 
2585 1866 1865 
1532 2585 1497 
1053 1866 2585 
1053 2585 1532 
1131 2586 2115 
1140 2115 2117 
1140 1131 2115 
1140 2117 2587 
2588 1170 1178 
2116 2588 1178 
2116 2115 2586 
2116 2586 2588 
2589 2588 2586 
299 298 2589 
1124 299 2589 
1124 2589 2586 
1124 2586 1131 
1200 304 2590 
303 304 1200 
1171 303 1200 
2591 303 1171 
2591 2588 2589 
2591 1170 2588 
2591 1171 1170 
2591 298 303 
2591 2589 298 
1009 1018 1017 
1009 1017 1010 
2592 2593 2594 
2592 2595 2593 
137 2596 133 
119 2596 137 
2279 385 657 
1837 390 764 
1782 1805 1783 
1803 1786 1805 
1803 1657 1655 
2563 1813 1291 
2597 1278 1277 
2597 1813 2563 
2597 1383 1278 
2597 2563 1383 
2575 1277 2425 
2575 1813 2597 
2575 1814 1813 
2575 2597 1277 
2563 1291 1290 
2598 1746 1313 
2598 1313 1309 
1373 2598 258 
1373 1746 2598 
1373 1384 1746 
259 258 2598 
259 2598 1309 
2562 1327 1326 
2562 1298 1297 
2599 2562 1326 
2599 259 1309 
2599 1298 2562 
2599 1309 1298 
2599 1326 259 
1330 417 1331 
1798 2547 2600 
1799 2564 413 
1799 2600 2564 
1799 1798 2600 
415 1799 413 
1801 1330 1802 
1801 417 1330 
2548 2547 1798 
2548 1798 1800 
2561 1297 1301 
2549 2561 1301 
2551 2548 1800 
2551 2561 2549 
2559 1800 1802 
2559 2551 1800 
2559 2561 2551 
1794 1795 157 
1796 1782 1781 
1792 1658 1657 
1791 1794 157 
1790 1794 1791 
1790 1792 1796 
160 1791 157 
160 1789 1791 
160 159 1789 
208 210 1781 
1779 1645 1642 
1777 1778 1779 
1698 1697 1703 
1694 2026 1695 
1692 1003 1693 
1692 1691 2028 
1687 825 1694 
1689 1697 1698 
1689 843 827 
1689 1698 843 
1688 1687 1693 
1688 1697 1689 
1006 1703 1697 
263 1703 1006 
264 263 1006 
1685 1676 1683 
269 1676 1685 
397 269 1685 
1670 1669 1684 
1666 1670 2122 
1667 1778 1668 
1661 1669 1664 
1660 397 1685 
1660 1673 397 
1660 1685 1661 
1662 1673 1660 
1663 1664 1668 
1654 1656 1777 
1652 1789 159 
1652 159 1672 
1652 1651 1789 
1650 1658 1651 
1647 1674 1673 
1647 1673 1662 
1647 1672 1674 
1647 1652 1672 
1649 1656 1650 
1648 1647 1662 
1648 1663 1649 
1493 1630 1496 
1355 1631 926 
1568 1631 1355 
1567 1630 1568 
1337 1633 1567 
1548 1633 1552 
1548 1482 1481 
1421 1629 1422 
925 926 1631 
925 1631 1629 
1680 1629 1421 
1680 925 1629 
1015 945 2601 
1016 2601 2553 
1016 1015 2601 
2602 2553 2601 
2555 2553 2602 
2603 2555 2602 
1435 406 405 
2556 2555 2603 
2604 2603 1435 
2604 1435 405 
2604 2556 2603 
950 2602 2601 
950 2601 945 
1436 1435 2603 
1436 2602 950 
1436 2603 2602 
1436 950 936 
2361 1380 1378 
2605 2361 875 
2605 873 872 
2605 875 873 
2557 2605 872 
2606 2605 2557 
2606 1380 2361 
2606 2361 2605 
2607 1315 1328 
1521 2607 1328 
1311 1315 2607 
2608 1311 2607 
2609 1311 2608 
2609 2600 2547 
2565 2564 2600 
2565 2600 2609 
2565 2609 2608 
1520 2607 1521 
1520 2608 2607 
1527 2608 1520 
1527 2565 2608 
1308 2609 2547 
1308 1311 2609 
2566 414 413 
2566 413 2564 
427 2566 1528 
427 414 2566 
2101 2006 2545 
1203 2101 2545 
1203 2545 1228 
1203 1228 1234 
1190 1234 1225 
2420 1152 1151 
2419 611 533 
2418 2423 2419 
2418 2420 1151 
2544 1190 1225 
684 1190 2544 
2151 684 2544 
1000 1075 1001 
1115 473 472 
899 894 1130 
899 1130 1552 
895 899 1072 
1706 987 1377 
961 1706 1377 
1081 1080 1116 
1767 486 485 
1577 486 1767 
1577 1767 1578 
771 485 489 
773 489 518 
1553 1846 1543 
1553 1731 1846 
559 1543 1846 
669 1544 1543 
669 1543 559 
1549 1544 1759 
1549 1759 1763 
675 1759 1544 
675 1544 669 
675 543 1759 
774 524 528 
2610 774 773 
2610 524 774 
2611 2610 773 
2611 773 518 
2611 755 2610 
760 755 2611 
760 512 709 
760 2611 518 
760 518 512 
755 760 754 
749 755 751 
749 2610 755 
520 530 724 
2211 520 724 
2097 521 520 
2576 2427 1070 
2577 2262 2263 
2612 2434 2433 
2613 2463 2450 
2612 2435 2434 
1574 465 2229 
410 2424 400 
2097 520 2211 
2614 1300 1304 
2577 2263 2578 
2580 2195 2203 
2580 2436 2195 
2580 2203 2202 
2474 779 783 
2474 2473 780 
2474 780 779 
2475 2474 783 
2401 1295 798 
2615 798 797 
2615 2401 798 
791 651 2615 
791 2615 797 
2616 2615 651 
2616 2401 2615 
650 2616 651 
650 654 2616 
1272 2401 2616 
2613 2392 2463 
1901 2244 1902 
1575 2240 911 
2617 1288 2424 
2614 2576 1833 
2617 1283 1288 
1272 2616 654 
2617 2424 410 
2613 2393 2392 
1931 2238 2394 
1575 2225 2240 
726 2059 721 
2614 2427 2576 
1272 654 653 
2618 2573 2425 
719 2447 727 
2459 817 819 
1931 2244 1901 
1575 1574 2229 
525 2059 726 
2614 1304 2427 
2577 2356 2353 
2618 2425 1283 
719 2619 2447 
2459 819 2397 
2620 2397 1210 
2620 2459 2397 
2460 2459 2620 
2460 2579 2463 
2460 2620 2579 
2621 1210 753 
2621 2620 1210 
2621 2579 2620 
2451 2579 2621 
2451 2450 2579 
2622 752 1197 
2622 753 752 
2622 1197 2453 
2622 2453 2451 
2622 2621 753 
2622 2451 2621 
2623 1154 1163 
2623 1155 1154 
2624 1192 1223 
2624 1223 1155 
2624 1155 2623 
2625 1196 1191 
2625 1192 2624 
2625 1191 1192 
2448 2393 2613 
2452 2448 2613 
2452 2613 2450 
2457 1145 1144 
2457 2448 2452 
2319 2457 1144 
2319 2448 2457 
2626 2453 1197 
2626 2454 2453 
2626 1196 2625 
2626 1197 1196 
2627 2625 2624 
2627 2624 2623 
2627 2454 2626 
2627 2626 2625 
2456 2454 2627 
2456 1163 1145 
2456 2627 2623 
2456 2623 1163 
2292 829 2295 
2294 2026 2292 
2293 2295 870 
2293 870 2316 
2287 2289 1056 
2283 2286 2284 
2283 1092 2289 
2276 2281 2277 
2276 2279 657 
2268 2202 2199 
2268 2199 365 
2628 2445 2274 
2629 2581 2628 
2629 2436 2580 
2629 2580 2581 
2269 2628 2581 
2269 2581 2202 
2269 2445 2628 
2269 2270 2445 
2260 2149 2261 
2256 180 179 
2030 2033 2258 
2257 2256 179 
2031 2252 2034 
2249 2031 2030 
2254 1855 2630 
2631 2254 2630 
2253 2254 2631 
2253 2251 2254 
2253 2631 2272 
2253 2272 2252 
2632 2629 2628 
2632 2628 2274 
2632 2274 2272 
2632 2272 2631 
2633 2436 2629 
2633 2629 2632 
2633 2632 2631 
2633 2191 2436 
2633 2630 2191 
2633 2631 2630 
2243 2258 2245 
2242 177 180 
2242 180 2256 
2242 2256 2243 
2247 2186 176 
2247 2246 2186 
2247 177 2242 
2247 176 177 
2219 2218 2260 
2223 2187 2246 
2223 2245 2218 
2215 2219 2235 
2215 2182 2188 
2634 2443 2442 
2634 274 2443 
2444 1887 1885 
2635 1885 1882 
2635 2442 2444 
2635 2444 1885 
2636 2165 2161 
2636 2161 2443 
2636 2443 274 
2160 1887 2444 
273 2636 274 
2148 2165 2636 
2148 2636 273 
283 2176 2156 
2637 2011 2013 
2166 2165 2148 
2638 2011 2637 
1575 2229 2225 
525 726 530 
2614 1293 1300 
2577 2412 2356 
366 2639 364 
2640 2408 2412 
2640 2412 2578 
2641 2639 2640 
2641 2263 2265 
2641 2578 2263 
2641 2640 2578 
2642 2270 364 
2642 364 2639 
2642 2639 2641 
2642 2641 2265 
2642 2265 2267 
2642 2267 2270 
2643 786 780 
2643 780 2473 
2643 374 786 
2644 2408 2640 
2645 2476 610 
2645 610 603 
2646 783 785 
2646 2475 783 
2646 605 610 
2646 610 2475 
2646 785 606 
2646 606 605 
2647 2408 2644 
2647 2406 2408 
2644 2476 2645 
2645 2647 2644 
2647 603 601 
2647 2645 603 
2647 601 2406 
2648 2476 2644 
2648 2643 2473 
2648 2473 2476 
2649 2639 366 
2649 2640 2639 
2649 2648 2644 
2649 2644 2640 
373 2648 2649 
373 2649 366 
373 2643 2648 
373 374 2643 
2650 2206 2209 
2650 2209 2214 
2650 2198 2201 
2650 2200 2198 
2650 2201 2206 
2650 2214 2200 
2651 2262 2577 
2651 2577 2353 
2651 2235 2262 
2651 2350 2231 
2651 2353 2350 
2651 2231 2235 
2652 2194 2193 
2652 2196 2206 
2652 2195 2194 
2652 2193 2196 
2652 2203 2195 
2652 2206 2203 
322 2190 2192 
322 2192 323 
322 2194 2190 
322 324 2194 
1854 2191 2630 
1854 2192 2191 
1854 2630 1855 
1854 323 2192 
2653 2246 2187 
2653 2184 2183 
2653 2186 2246 
2653 2187 2185 
2653 2183 2186 
2653 2185 2184 
2654 856 2022 
2654 2022 2181 
2654 2182 856 
2654 2188 2182 
2654 2185 2188 
2654 2181 2185 
2655 2180 866 
2655 2179 2180 
2655 821 2179 
2655 866 863 
2655 863 822 
2655 822 821 
2656 2021 2180 
2656 2180 2178 
2656 2184 2181 
2656 2181 2021 
2656 2178 2177 
2656 2177 2184 
2657 1129 1100 
2657 2175 2174 
2657 2174 1125 
2657 1102 2175 
2657 1100 1102 
2657 1125 1129 
2658 2159 2166 
2658 2166 2637 
2658 2637 2013 
2659 2175 2019 
2659 2015 2638 
2659 2638 2156 
2659 2019 2015 
2659 2156 2176 
2659 2176 2175 
2660 2013 2012 
2660 2016 2205 
2660 2012 2016 
2660 2205 2341 
2661 283 282 
2661 282 284 
2661 2176 283 
2661 284 2168 
2661 2174 2176 
2661 2168 2174 
2662 278 277 
2662 277 280 
2662 280 1809 
1207 2171 278 
1207 1206 2171 
1207 278 2662 
1143 2590 304 
1143 304 295 
2009 2003 2172 
2009 2159 2658 
2009 2172 2159 
1160 1168 1890 
1134 2590 1143 
1977 503 1993 
1977 1976 1979 
1977 1979 500 
1977 499 503 
1977 500 499 
111 2663 112 
111 508 507 
111 506 2663 
111 110 508 
111 507 506 
2664 1166 1177 
2664 2479 1944 
2664 1944 1166 
1181 2479 2664 
1181 2664 1177 
1181 1980 2479 
2665 301 300 
2665 300 292 
2665 308 1186 
2665 1186 301 
2665 309 308 
2665 292 309 
2666 306 305 
2666 291 2094 
2666 2095 306 
2666 2094 2095 
2666 305 309 
2666 309 291 
2667 2078 2086 
2667 2086 2094 
2667 289 288 
2667 288 1158 
2667 1158 2078 
2667 2094 289 
2668 2064 2066 
2668 2095 2086 
2668 2084 2064 
2668 306 2095 
2668 2070 2221 
2668 2066 2070 
2668 2086 2084 
2668 2221 306 
2048 1922 2439 
2048 2439 421 
2048 2037 1870 
2048 2040 2037 
2048 421 2040 
2669 1920 1127 
2669 1987 1913 
2669 1127 1906 
2669 1912 1987 
2669 1913 1920 
2669 1906 1912 
1089 637 638 
1089 641 637 
1089 638 1080 
1098 1871 1873 
1098 1876 1871 
1098 1873 2063 
1098 2063 2062 
1099 641 1089 
1099 1098 2062 
1099 648 641 
1099 616 648 
1099 2062 616 
1082 1090 1966 
1078 253 1894 
1078 1894 1891 
1078 1891 1085 
243 253 1078 
2670 1889 2003 
2670 1890 1888 
2670 1160 1890 
2670 2003 1160 
2670 1888 1886 
2670 1886 1889 
2671 1892 1881 
2671 1878 1880 
2671 1881 1883 
2671 1880 1892 
2671 1888 1878 
2671 1883 1888 
2672 2037 1912 
2672 1867 1060 
2672 1060 1868 
2672 1868 2037 
2672 1912 1867 
2673 1866 1066 
2673 1867 1906 
2673 1865 1866 
2673 1123 1865 
2673 1066 1867 
2673 1906 1123 
2674 1840 1847 
2674 1847 579 
2674 1048 1840 
2674 1835 1048 
2674 579 1830 
2674 1830 1835 
2675 1753 1934 
2675 1750 1752 
2675 1762 1069 
2675 991 1753 
2675 1752 991 
2675 1069 1750 
2675 1934 1762 
2676 573 1619 
2676 1622 573 
2676 1621 1622 
2676 1619 1621 
2677 1613 1621 
2677 1609 1608 
2677 1608 1613 
2677 1621 1609 
564 980 147 
564 1537 980 
564 563 575 
564 147 154 
564 575 1537 
2678 1494 491 
2678 1576 1502 
2678 984 1537 
2678 1537 1494 
2678 491 1576 
2678 1502 984 
2679 977 1438 
2679 1429 971 
2679 141 149 
2679 1438 1429 
2679 149 977 
2679 971 141 
41 40 1287 
1860 1405 1388 
1860 1388 962 
1860 946 1405 
935 1258 1232 
979 2662 1809 
979 1207 2662 
979 1217 1207 
952 1217 979 
2680 1371 1364 
2681 952 961 
2681 1217 952 
2681 961 1377 
2681 1377 1371 
2681 1371 2680 
1211 2681 2680 
1211 2314 1212 
1211 2680 2314 
1211 1217 2681 
916 915 2314 
916 2314 2680 
916 2680 1364 
916 1364 1344 
916 1344 926 
2682 1366 1001 
2682 1338 1342 
2682 1336 1338 
2682 1075 1336 
2682 1001 1075 
2682 1342 1366 
2683 1552 1633 
2683 1337 1336 
2683 1336 1072 
2683 1633 1337 
2683 1072 899 
2683 899 1552 
907 2587 2117 
905 2587 907 
887 880 904 
887 904 903 
887 1230 883 
887 903 1230 
841 880 2 
4 841 2 
769 904 880 
769 880 841 
784 769 841 
784 841 845 
784 1307 775 
784 845 1307 
53 905 904 
53 904 769 
2684 2341 2334 
2684 2660 2341 
2685 2684 2334 
2685 2334 2317 
2686 2317 2308 
2686 2685 2317 
2308 1275 2686 
2308 1226 1275 
2308 1182 1226 
5 1316 42 
5 765 1316 
2687 2 893 
2687 3 2 
2687 1204 1195 
2687 741 3 
2687 893 1204 
2687 1195 741 
2688 2590 1134 
2689 2688 1209 
2689 1199 1200 
2689 1209 1199 
2689 1200 2590 
2689 2590 2688 
2690 2685 2686 
2690 2686 1275 
2638 2015 2011 
2691 2144 1711 
2052 2610 749 
2614 1824 1293 
719 2411 2619 
1931 2394 2244 
2690 1209 2688 
2618 1283 2617 
2691 2217 2144 
2532 2618 2617 
2532 2617 410 
2530 399 2435 
2530 410 399 
2530 2532 410 
2531 2530 2435 
2531 2435 2612 
2534 2536 2573 
2534 2618 2532 
2534 2573 2618 
2692 2537 2538 
2524 2692 2538 
2523 2692 2524 
2693 2612 2433 
2693 1281 1285 
2693 2433 1281 
2528 1285 1284 
2528 1284 1360 
2527 1285 2528 
2527 2693 1285 
2526 2524 2538 
2526 2538 2533 
2694 2527 2526 
2694 2531 2612 
2694 2533 2531 
2694 2526 2533 
2694 2693 2527 
2694 2612 2693 
359 229 2695 
2696 2536 2537 
2696 2572 2571 
2696 2571 2536 
2697 2572 2696 
2698 2696 2537 
2698 2699 2697 
2698 2697 2696 
2698 2537 2692 
2700 2523 359 
2700 2699 2698 
2700 2698 2692 
2700 359 2695 
2700 2695 2699 
2700 2692 2523 
344 2697 2699 
343 2697 344 
343 2572 2697 
2572 343 1812 
336 1812 343 
337 336 343 
338 337 342 
333 806 358 
333 807 806 
333 358 334 
2519 342 341 
2518 2519 341 
2701 344 2699 
2701 2699 2695 
2701 341 344 
2701 2518 341 
2702 2695 229 
2702 2701 2695 
2702 2518 2701 
328 2518 2702 
2521 342 2519 
2521 338 342 
2703 339 338 
2703 346 339 
2703 2521 357 
2703 338 2521 
2703 357 356 
2703 356 346 
240 2702 229 
240 328 2702 
2516 200 330 
205 208 221 
215 221 1784 
257 207 252 
199 203 330 
199 330 200 
166 162 161 
209 257 1795 
209 207 257 
209 1795 210 
158 1795 257 
158 157 1795 
1455 133 2596 
1455 2596 1484 
1478 2704 1468 
1478 1484 113 
1478 113 112 
1478 112 2704 
2663 2704 112 
2511 2704 2663 
2511 506 505 
2511 2663 506 
147 146 154 
144 149 141 
142 1468 2704 
142 2704 2511 
140 139 969 
140 1468 142 
1450 133 1455 
134 133 1450 
134 1450 2509 
2510 2705 1415 
970 1415 2705 
970 2705 1458 
970 1458 969 
1449 2705 2510 
1449 2509 1450 
1449 2510 2509 
1449 1458 2705 
1546 2510 1415 
114 1484 2596 
114 2596 119 
114 113 1484 
647 615 618 
2507 617 509 
2505 647 618 
2505 617 2507 
2505 618 617 
508 2507 509 
110 2507 508 
101 106 99 
101 473 106 
2483 1025 2503 
93 2503 1025 
94 93 1025 
94 23 24 
2706 2503 2502 
2706 2483 2503 
1022 2483 2706 
2493 2706 2502 
2497 1023 1022 
2497 1022 2706 
2497 2706 2493 
2496 1037 1023 
2496 1023 2497 
2496 1321 1037 
2494 2502 96 
2494 2493 2502 
2494 96 97 
2491 2494 97 
85 97 86 
85 2491 97 
2707 2492 2491 
2707 2491 85 
82 2707 85 
2708 2593 2499 
2708 2594 2593 
2708 2492 2707 
2708 2499 2492 
2709 2707 82 
2709 2708 2707 
2709 2594 2708 
81 2709 82 
2710 2709 81 
2710 2594 2709 
83 2711 2710 
83 2710 81 
2712 2594 2710 
2712 2592 2594 
2712 2710 2711 
729 2711 83 
2713 1318 2500 
2714 2499 2593 
2714 2500 2499 
2714 2713 2500 
2714 2593 2595 
2715 2713 2714 
2715 2714 2595 
78 2713 2715 
76 2713 78 
76 75 1318 
76 1318 2713 
76 78 56 
74 135 130 
70 135 74 
2716 2712 2711 
2717 2592 2712 
2717 2712 2716 
2717 2716 2718 
2719 2717 2718 
2719 2718 73 
65 73 2718 
64 73 65 
67 70 64 
58 65 2718 
58 2718 2716 
61 65 58 
60 68 61 
60 120 68 
2614 1833 1824 
719 718 2411 
1915 1914 2238 
2720 1209 2690 
2147 2637 2166 
2691 2169 2217 
2052 524 2610 
59 2711 729 
2721 782 779 
2721 2278 782 
2721 778 758 
2721 779 778 
2722 758 757 
2722 2278 2721 
2722 757 763 
2722 2721 758 
2723 2279 2278 
2723 2278 2722 
2723 385 2279 
2723 386 385 
2723 763 386 
2723 2722 763 
222 224 316 
602 2619 2411 
1915 2238 1931 
2720 2690 1275 
2147 2166 2148 
2724 2169 2691 
59 58 2716 
222 493 220 
602 2411 2407 
1952 1872 1874 
2720 1274 1194 
1893 1880 2725 
1708 2724 2691 
2060 524 2052 
59 2716 2711 
218 315 224 
2726 2447 2619 
2147 2638 2637 
2720 1275 1274 
1893 1090 1093 
1708 2691 1711 
2060 525 524 
59 729 62 
212 220 477 
625 2447 2726 
2147 2156 2638 
2720 1194 1172 
1879 2725 1880 
2170 2169 2724 
2727 68 120 
217 599 218 
625 2726 2728 
2729 2634 2442 
2720 1172 1209 
2170 2724 1566 
2060 2059 525 
2727 137 66 
213 212 629 
620 625 2728 
2730 1134 2010 
1166 1944 1948 
2170 1566 1560 
1951 756 1926 
213 2068 217 
620 2405 621 
2731 1444 1443 
2729 1884 1895 
2730 2688 1134 
1166 1948 1167 
964 2724 1708 
1942 2041 750 
2727 119 137 
620 2728 2405 
2731 2087 1444 
2729 2442 2635 
2010 2009 2658 
2732 1948 1958 
964 1708 960 
1965 1587 1596 
2727 120 119 
2733 2405 2728 
2731 2080 2087 
2729 1882 1884 
2732 2725 1879 
964 1566 2724 
2734 1954 1951 
2727 66 68 
2735 594 606 
2731 1443 1492 
2729 2635 1882 
2732 1879 1167 
964 953 1566 
2736 462 440 
2735 2733 594 
2737 1492 1960 
2738 2684 2685 
2732 1167 1948 
2164 2217 2169 
2736 440 1588 
72 2719 73 
2404 2733 2735 
2737 2731 1492 
2136 1895 1894 
2738 2685 2690 
2739 2732 1958 
2164 2163 2228 
2740 1587 1965 
2741 2719 72 
2404 2405 2733 
2742 1829 2080 
2743 2634 2729 
2738 2690 2688 
2738 2688 2730 
2739 2725 2732 
2744 2204 2228 
2740 2734 2736 
2745 2595 2592 
2281 2404 2735 
2742 2731 2737 
2743 2729 1895 
2746 2730 2010 
1875 2739 1958 
2744 1626 2204 
2740 1954 2734 
2745 2592 2717 
2281 2280 2404 
2742 2080 2731 
275 274 2634 
2746 2738 2730 
1875 1958 1874 
2744 2228 2163 
2740 1965 1954 
2745 2719 2741 
2277 606 785 
2742 1827 1829 
275 2634 2743 
2746 2660 2684 
2747 1090 1893 
2744 1627 1626 
2740 2736 1588 
2745 2717 2719 
2277 2735 606 
2748 2737 1960 
2749 275 2743 
2746 2013 2660 
2747 1893 2725 
2750 2744 2163 
2740 1588 1587 
2751 2595 2745 
2277 2281 2735 
2748 1960 1949 
2752 2743 1895 
2746 2684 2738 
2747 2725 2739 
2750 1627 2744 
1909 2734 1951 
2751 2715 2595 
592 2733 2728 
2748 1864 1827 
2752 2749 2743 
2746 2010 2658 
2747 1966 1090 
1909 1951 1926 
1908 456 462 
2751 2745 2741 
592 594 2733 
2748 1827 2742 
2752 1895 2136 
2746 2658 2013 
1962 2747 2739 
2207 1555 2750 
1908 2734 1909 
79 78 2715 
592 2728 2726 
2748 1949 1864 
2138 2749 2752 
737 736 1140 
1962 2739 1875 
2207 2750 2163 
1908 2736 2734 
79 2715 2751 
593 2619 602 
2748 2742 2737 
2138 2752 2136 
737 1140 2587 
1962 1966 2747 
2207 1560 1555 
1908 462 2736 
71 74 130 
129 71 130 
731 2751 2741 
731 79 2751 
731 71 129 
731 2741 72 
280 2749 2138 
52 905 53 
1962 1875 1876 
1554 465 1574 
1554 2750 1555 
1554 1627 2750 
1554 1574 1627 
428 1528 1530 
428 427 1528 
1511 1514 1536 
1529 1536 1530 
1522 1536 1529 
1523 1522 1529 
1523 1527 1520 
2753 1511 1536 
2753 1536 1522 
2753 2754 1511 
2755 2754 2753 
2756 2755 2753 
2757 2755 2756 
1518 2757 2756 
1524 2756 2753 
1524 2753 1522 
1515 2756 1524 
1515 1518 2756 
1515 1524 1516 
1515 1334 1518 
2133 2606 2557 
2133 2557 2153 
2140 2153 2556 
2140 2556 2604 
2141 2604 405 
2141 2140 2604 
2143 2141 405 
1517 2135 2757 
1517 2757 1518 
1381 2135 1517 
1381 1517 1354 
2132 2606 2133 
2132 1380 2606 
2132 2135 1381 
2132 1381 1380 
2127 2754 2755 
2128 2757 2135 
2128 2127 2755 
2128 2755 2757 
418 2143 405 
1512 2754 2127 
1512 1511 2754 
1512 2127 2126 
1513 2143 418 
1513 2126 2143 
1513 1512 2126 
408 1513 418 
1508 2109 1509 
1466 2122 2109 
593 2726 2619 
731 72 71 
280 2138 1809 
998 1818 1840 
52 2587 905 
1753 990 1611 
1869 1934 1921 
1467 1466 2109 
593 592 2726 
276 2749 280 
52 737 2587 
549 1704 659 
1507 2093 1508 
276 275 2749 
1491 1507 1498 
