338 
1 15 2 
15 29 16 
29 43 30 
43 57 44 
57 71 58 
71 85 72 
85 99 86 
99 113 100 
113 127 114 
127 141 128 
141 155 142 
155 169 156 
169 183 170 
2 16 3 
16 30 17 
30 44 31 
44 58 45 
58 72 59 
72 86 73 
86 100 87 
100 114 101 
114 128 115 
128 142 129 
142 156 143 
156 170 157 
170 184 171 
3 17 4 
17 31 18 
31 45 32 
45 59 46 
59 73 60 
73 87 74 
87 101 88 
101 115 102 
115 129 116 
129 143 130 
143 157 144 
157 171 158 
171 185 172 
4 18 5 
18 32 19 
32 46 33 
46 60 47 
60 74 61 
74 88 75 
88 102 89 
102 116 103 
116 130 117 
130 144 131 
144 158 145 
158 172 159 
172 186 173 
5 19 6 
19 33 20 
33 47 34 
47 61 48 
61 75 62 
75 89 76 
89 103 90 
103 117 104 
117 131 118 
131 145 132 
145 159 146 
159 173 160 
173 187 174 
6 20 7 
20 34 21 
34 48 35 
48 62 49 
62 76 63 
76 90 77 
90 104 91 
104 118 105 
118 132 119 
132 146 133 
146 160 147 
160 174 161 
174 188 175 
7 21 8 
21 35 22 
35 49 36 
49 63 50 
63 77 64 
77 91 78 
91 105 92 
105 119 106 
119 133 120 
133 147 134 
147 161 148 
161 175 162 
175 189 176 
8 22 9 
22 36 23 
36 50 37 
50 64 51 
64 78 65 
78 92 79 
92 106 93 
106 120 107 
120 134 121 
134 148 135 
148 162 149 
162 176 163 
176 190 177 
9 23 10 
23 37 24 
37 51 38 
51 65 52 
65 79 66 
79 93 80 
93 107 94 
107 121 108 
121 135 122 
135 149 136 
149 163 150 
163 177 164 
177 191 178 
10 24 11 
24 38 25 
38 52 39 
52 66 53 
66 80 67 
80 94 81 
94 108 95 
108 122 109 
122 136 123 
136 150 137 
150 164 151 
164 178 165 
178 192 179 
11 25 12 
25 39 26 
39 53 40 
53 67 54 
67 81 68 
81 95 82 
95 109 96 
109 123 110 
123 137 124 
137 151 138 
151 165 152 
165 179 166 
179 193 180 
12 26 13 
26 40 27 
40 54 41 
54 68 55 
68 82 69 
82 96 83 
96 110 97 
110 124 111 
124 138 125 
138 152 139 
152 166 153 
166 180 167 
180 194 181 
13 27 14 
27 41 28 
41 55 42 
55 69 56 
69 83 70 
83 97 84 
97 111 98 
111 125 112 
125 139 126 
139 153 140 
153 167 154 
167 181 168 
181 195 182 
2 15 16 
16 29 30 
30 43 44 
44 57 58 
58 71 72 
72 85 86 
86 99 100 
100 113 114 
114 127 128 
128 141 142 
142 155 156 
156 169 170 
170 183 184 
3 16 17 
17 30 31 
31 44 45 
45 58 59 
59 72 73 
73 86 87 
87 100 101 
101 114 115 
115 128 129 
129 142 143 
143 156 157 
157 170 171 
171 184 185 
4 17 18 
18 31 32 
32 45 46 
46 59 60 
60 73 74 
74 87 88 
88 101 102 
102 115 116 
116 129 130 
130 143 144 
144 157 158 
158 171 172 
172 185 186 
5 18 19 
19 32 33 
33 46 47 
47 60 61 
61 74 75 
75 88 89 
89 102 103 
103 116 117 
117 130 131 
131 144 145 
145 158 159 
159 172 173 
173 186 187 
6 19 20 
20 33 34 
34 47 48 
48 61 62 
62 75 76 
76 89 90 
90 103 104 
104 117 118 
118 131 132 
132 145 146 
146 159 160 
160 173 174 
174 187 188 
7 20 21 
21 34 35 
35 48 49 
49 62 63 
63 76 77 
77 90 91 
91 104 105 
105 118 119 
119 132 133 
133 146 147 
147 160 161 
161 174 175 
175 188 189 
8 21 22 
22 35 36 
36 49 50 
50 63 64 
64 77 78 
78 91 92 
92 105 106 
106 119 120 
120 133 134 
134 147 148 
148 161 162 
162 175 176 
176 189 190 
9 22 23 
23 36 37 
37 50 51 
51 64 65 
65 78 79 
79 92 93 
93 106 107 
107 120 121 
121 134 135 
135 148 149 
149 162 163 
163 176 177 
177 190 191 
10 23 24 
24 37 38 
38 51 52 
52 65 66 
66 79 80 
80 93 94 
94 107 108 
108 121 122 
122 135 136 
136 149 150 
150 163 164 
164 177 178 
178 191 192 
11 24 25 
25 38 39 
39 52 53 
53 66 67 
67 80 81 
81 94 95 
95 108 109 
109 122 123 
123 136 137 
137 150 151 
151 164 165 
165 178 179 
179 192 193 
12 25 26 
26 39 40 
40 53 54 
54 67 68 
68 81 82 
82 95 96 
96 109 110 
110 123 124 
124 137 138 
138 151 152 
152 165 166 
166 179 180 
180 193 194 
13 26 27 
27 40 41 
41 54 55 
55 68 69 
69 82 83 
83 96 97 
97 110 111 
111 124 125 
125 138 139 
139 152 153 
153 166 167 
167 180 181 
181 194 195 
14 27 28 
28 41 42 
42 55 56 
56 69 70 
70 83 84 
84 97 98 
98 111 112 
112 125 126 
126 139 140 
140 153 154 
154 167 168 
168 181 182 
182 195 196 
