 925
 9.990134000000001e-01 -1.433156000000000e-04  0.000000000000000e+00
 9.960574000000000e-01 -5.716000000000000e-04  0.000000000000000e+00
 9.911436000000000e-01 -1.279912000000000e-03  0.000000000000000e+00
 9.842916000000000e-01 -2.260169000000000e-03  0.000000000000000e+00
 9.755283000000000e-01 -3.501362000000000e-03  0.000000000000000e+00
 9.648882000000000e-01 -4.989847000000000e-03  0.000000000000000e+00
 9.524135000000000e-01 -6.709676000000000e-03  0.000000000000000e+00
 9.381533000000000e-01 -8.642966000000000e-03  0.000000000000000e+00
 9.221640000000000e-01 -1.077027000000000e-02  0.000000000000000e+00
 9.045085000000000e-01 -1.307095000000000e-02  0.000000000000000e+00
 8.852565999999999e-01 -1.552347000000000e-02  0.000000000000000e+00
 8.644843000000000e-01 -1.810572000000000e-02  0.000000000000000e+00
 8.422736000000000e-01 -2.079520000000000e-02  0.000000000000000e+00
 8.187120000000000e-01 -2.356915000000000e-02  0.000000000000000e+00
 7.938925999999999e-01 -2.640465000000000e-02  0.000000000000000e+00
 7.679134000000000e-01 -2.927859000000000e-02  0.000000000000000e+00
 7.408768000000000e-01 -3.216763000000000e-02  0.000000000000000e+00
 7.128896000000000e-01 -3.504810000000000e-02  0.000000000000000e+00
 6.840623000000000e-01 -3.789585000000000e-02  0.000000000000000e+00
 6.545085000000000e-01 -4.068618000000000e-02  0.000000000000000e+00
 6.243449000000000e-01 -4.339367000000000e-02  0.000000000000000e+00
 5.936907000000000e-01 -4.599216000000000e-02  0.000000000000000e+00
 5.626666000000000e-01 -4.845474000000000e-02  0.000000000000000e+00
 5.313953000000000e-01 -5.075387000000000e-02  0.000000000000000e+00
 5.000000000000000e-01 -5.286150000000000e-02  0.000000000000000e+00
 4.686047000000000e-01 -5.474943000000000e-02  0.000000000000000e+00
 4.373334000000000e-01 -5.638963000000000e-02  0.000000000000000e+00
 4.063093000000000e-01 -5.775472000000000e-02  0.000000000000000e+00
 3.756551000000000e-01 -5.881856000000000e-02  0.000000000000000e+00
 3.454915000000000e-01 -5.955676000000000e-02  0.000000000000000e+00
 3.159377000000000e-01 -5.994738000000000e-02  0.000000000000000e+00
 2.871104000000000e-01 -5.997148000000000e-02  0.000000000000000e+00
 2.591232000000000e-01 -5.961370000000000e-02  0.000000000000000e+00
 2.320866000000000e-01 -5.886276000000000e-02  0.000000000000000e+00
 2.061074000000000e-01 -5.771186000000000e-02  0.000000000000000e+00
 1.812880000000000e-01 -5.615887000000000e-02  0.000000000000000e+00
 1.577264000000000e-01 -5.420648000000000e-02  0.000000000000000e+00
 1.355157000000000e-01 -5.186210000000000e-02  0.000000000000000e+00
 1.147434000000000e-01 -4.913759000000000e-02  0.000000000000000e+00
 9.549150000000001e-02 -4.604883000000000e-02  0.000000000000000e+00
 7.783604000000000e-02 -4.261514000000000e-02  0.000000000000000e+00
 6.184666000000000e-02 -3.885853000000000e-02  0.000000000000000e+00
 4.758647000000000e-02 -3.480285000000000e-02  0.000000000000000e+00
 3.511176000000000e-02 -3.047287000000000e-02  0.000000000000000e+00
 2.447174000000000e-02 -2.589331000000000e-02  0.000000000000000e+00
 1.570842000000000e-02 -2.108791000000000e-02  0.000000000000000e+00
 8.856375000000000e-03 -1.607848000000000e-02  0.000000000000000e+00
 3.942649000000000e-03 -1.088417000000000e-02  0.000000000000000e+00
 9.866358000000001e-04 -5.520718000000000e-03  0.000000000000000e+00
 0.000000000000000e+00  0.000000000000000e+00  0.000000000000000e+00
 9.866358000000001e-04  5.520718000000000e-03  0.000000000000000e+00
 3.942649000000000e-03  1.088417000000000e-02  0.000000000000000e+00
 8.856375000000000e-03  1.607848000000000e-02  0.000000000000000e+00
 1.570842000000000e-02  2.108791000000000e-02  0.000000000000000e+00
 2.447174000000000e-02  2.589331000000000e-02  0.000000000000000e+00
 3.511176000000000e-02  3.047287000000000e-02  0.000000000000000e+00
 4.758647000000000e-02  3.480285000000000e-02  0.000000000000000e+00
 6.184666000000000e-02  3.885853000000000e-02  0.000000000000000e+00
 7.783604000000000e-02  4.261514000000000e-02  0.000000000000000e+00
 9.549150000000001e-02  4.604883000000000e-02  0.000000000000000e+00
 1.147434000000000e-01  4.913759000000000e-02  0.000000000000000e+00
 1.355157000000000e-01  5.186210000000000e-02  0.000000000000000e+00
 1.577264000000000e-01  5.420648000000000e-02  0.000000000000000e+00
 1.812880000000000e-01  5.615887000000000e-02  0.000000000000000e+00
 2.061074000000000e-01  5.771186000000000e-02  0.000000000000000e+00
 2.320866000000000e-01  5.886276000000000e-02  0.000000000000000e+00
 2.591232000000000e-01  5.961370000000000e-02  0.000000000000000e+00
 2.871104000000000e-01  5.997148000000000e-02  0.000000000000000e+00
 3.159377000000000e-01  5.994738000000000e-02  0.000000000000000e+00
 3.454915000000000e-01  5.955676000000000e-02  0.000000000000000e+00
 3.756551000000000e-01  5.881856000000000e-02  0.000000000000000e+00
 4.063093000000000e-01  5.775472000000000e-02  0.000000000000000e+00
 4.373334000000000e-01  5.638963000000000e-02  0.000000000000000e+00
 4.686047000000000e-01  5.474943000000000e-02  0.000000000000000e+00
 5.000000000000000e-01  5.286150000000000e-02  0.000000000000000e+00
 5.313953000000000e-01  5.075387000000000e-02  0.000000000000000e+00
 5.626666000000000e-01  4.845474000000000e-02  0.000000000000000e+00
 5.936907000000000e-01  4.599216000000000e-02  0.000000000000000e+00
 6.243449000000000e-01  4.339367000000000e-02  0.000000000000000e+00
 6.545085000000000e-01  4.068618000000000e-02  0.000000000000000e+00
 6.840623000000000e-01  3.789585000000000e-02  0.000000000000000e+00
 7.128896000000000e-01  3.504810000000000e-02  0.000000000000000e+00
 7.408768000000000e-01  3.216763000000000e-02  0.000000000000000e+00
 7.679134000000000e-01  2.927859000000000e-02  0.000000000000000e+00
 7.938925999999999e-01  2.640465000000000e-02  0.000000000000000e+00
 8.187120000000000e-01  2.356915000000000e-02  0.000000000000000e+00
 8.422736000000000e-01  2.079520000000000e-02  0.000000000000000e+00
 8.644843000000000e-01  1.810572000000000e-02  0.000000000000000e+00
 8.852565999999999e-01  1.552347000000000e-02  0.000000000000000e+00
 9.045085000000000e-01  1.307095000000000e-02  0.000000000000000e+00
 9.221640000000000e-01  1.077027000000000e-02  0.000000000000000e+00
 9.381533000000000e-01  8.642966000000000e-03  0.000000000000000e+00
 9.524135000000000e-01  6.709676000000000e-03  0.000000000000000e+00
 9.648882000000000e-01  4.989847000000000e-03  0.000000000000000e+00
 9.755283000000000e-01  3.501362000000000e-03  0.000000000000000e+00
 9.842916000000000e-01  2.260169000000000e-03  0.000000000000000e+00
 9.911436000000000e-01  1.279912000000000e-03  0.000000000000000e+00
 9.960574000000000e-01  5.716000000000000e-04  0.000000000000000e+00
 9.990134000000001e-01  1.433156000000000e-04  0.000000000000000e+00
 1.000000000000000e+00 -1.665335000000000e-17  0.000000000000000e+00
 4.698463000000000e+01  1.710101000000000e+01  0.000000000000000e+00
 3.830222000000000e+01  3.213938000000000e+01  0.000000000000000e+00
 2.500000000000000e+01  4.330127000000000e+01  0.000000000000000e+00
 8.682409000000000e+00  4.924039000000000e+01  0.000000000000000e+00
-8.682409000000000e+00  4.924039000000000e+01  0.000000000000000e+00
-2.500000000000000e+01  4.330127000000000e+01  0.000000000000000e+00
-3.830222000000000e+01  3.213938000000000e+01  0.000000000000000e+00
-4.698463000000000e+01  1.710101000000000e+01  0.000000000000000e+00
-5.000000000000000e+01  6.123234000000000e-15  0.000000000000000e+00
-4.698463000000000e+01 -1.710101000000000e+01  0.000000000000000e+00
-3.830222000000000e+01 -3.213938000000000e+01  0.000000000000000e+00
-2.500000000000000e+01 -4.330127000000000e+01  0.000000000000000e+00
-8.682409000000000e+00 -4.924039000000000e+01  0.000000000000000e+00
 8.682409000000000e+00 -4.924039000000000e+01  0.000000000000000e+00
 2.500000000000000e+01 -4.330127000000000e+01  0.000000000000000e+00
 3.830222000000000e+01 -3.213938000000000e+01  0.000000000000000e+00
 4.698463000000000e+01 -1.710101000000000e+01  0.000000000000000e+00
 5.000000000000000e+01 -1.224647000000000e-14  0.000000000000000e+00
 1.517284000000000e-02 -3.245788000000000e-02  0.000000000000000e+00
 6.602383000000001e-02 -5.698546000000000e-02  0.000000000000000e+00
 2.179198000000000e-01  8.485871000000000e-02  0.000000000000000e+00
 9.323287000000000e-01  2.601722000000000e-02  0.000000000000000e+00
 2.507558000000000e-02 -3.914051000000000e-02  0.000000000000000e+00
 9.943238000000000e-01 -5.943557000000000e-03  0.000000000000000e+00
 3.015486000000000e-01 -8.932374000000000e-02  0.000000000000000e+00
 9.323287000000000e-01 -2.601722000000000e-02  0.000000000000000e+00
 3.613255000000000e-01 -8.992266000000000e-02  0.000000000000000e+00
 9.997152000000000e-01 -1.507158000000000e-03  0.000000000000000e+00
 3.920663000000000e-01 -8.952451000000000e-02  0.000000000000000e+00
 8.561221000000000e-01 -4.210460000000000e-02  0.000000000000000e+00
 4.232126000000000e-01 -8.869067000000000e-02  0.000000000000000e+00
 4.546409000000000e-01 -8.744381000000000e-02  0.000000000000000e+00
 2.448366000000000e-01 -8.690071000000001e-02  0.000000000000000e+00
 4.862268000000000e-01 -8.580856000000001e-02  0.000000000000000e+00
 1.921100000000000e-01 -8.230937000000001e-02  0.000000000000000e+00
 5.178462000000000e-01 -8.381292999999999e-02  0.000000000000000e+00
 1.442273000000000e-01 -7.571261999999999e-02  0.000000000000000e+00
 5.493748000000001e-01 -8.148477000000000e-02  0.000000000000000e+00
 1.019696000000000e-01 -6.721342000000000e-02  0.000000000000000e+00
 5.806894000000000e-01 -7.885416000000001e-02  0.000000000000000e+00
 1.018887000000000e-03 -1.857130000000000e-02  0.000000000000000e+00
 6.116673000000000e-01 -7.594887000000000e-02  0.000000000000000e+00
 3.696978000000000e-02 -4.525476000000000e-02  0.000000000000000e+00
 6.721308000000000e-01 -6.942842000000000e-02  0.000000000000000e+00
 8.316875999999999e-02 -6.230273000000000e-02  0.000000000000000e+00
 7.298208000000000e-01 -6.214930000000000e-02  0.000000000000000e+00
 1.675123000000000e-01 -7.925702000000000e-02  0.000000000000000e+00
 7.838341000000000e-01 -5.433760000000000e-02  0.000000000000000e+00
 2.179198000000000e-01 -8.485871000000000e-02  0.000000000000000e+00
 8.333221000000000e-01 -4.621395000000000e-02  0.000000000000000e+00
 8.775044000000000e-01 -3.800231000000000e-02  0.000000000000000e+00
 9.887182000000000e-01 -8.764274000000001e-03  0.000000000000000e+00
 9.156830000000000e-01 -2.993016000000000e-02  0.000000000000000e+00
 9.717268999999999e-01 -1.510117000000000e-02  0.000000000000000e+00
 9.472557000000000e-01 -2.222389000000000e-02  0.000000000000000e+00
 2.727506000000000e-01 -8.843618000000000e-02  0.000000000000000e+00
 9.979732000000000e-01 -3.379634000000000e-03  0.000000000000000e+00
 9.811766000000000e-01 -1.182376000000000e-02  0.000000000000000e+00
 1.223499000000000e-01 -7.169202000000000e-02  0.000000000000000e+00
 6.421875000000000e-01 -7.279749000000001e-02  0.000000000000000e+00
 7.573415000000000e-01 -5.829653000000000e-02  0.000000000000000e+00
-5.254839000000000e-03 -3.787641000000000e-03  0.000000000000000e+00
 7.193023000000000e-03  2.554460000000000e-02  0.000000000000000e+00
 7.013801000000000e-01 -6.586978000000000e-02  0.000000000000000e+00
-5.254839000000000e-03  3.787641000000000e-03  0.000000000000000e+00
 9.604054000000000e-01 -1.857615000000000e-02  0.000000000000000e+00
 2.507558000000000e-02  3.914051000000000e-02  0.000000000000000e+00
 9.887182000000000e-01  8.764274000000001e-03  0.000000000000000e+00
 2.727506000000000e-01  8.843618000000000e-02  0.000000000000000e+00
 1.019696000000000e-01  6.721342000000000e-02  0.000000000000000e+00
 9.979732000000000e-01  3.379634000000000e-03  0.000000000000000e+00
 1.921100000000000e-01  8.230937000000001e-02  0.000000000000000e+00
 1.442273000000000e-01  7.571261999999999e-02  0.000000000000000e+00
 6.116673000000000e-01  7.594887000000000e-02  0.000000000000000e+00
 2.448366000000000e-01  8.690071000000001e-02  0.000000000000000e+00
 7.298208000000000e-01  6.214930000000000e-02  0.000000000000000e+00
 6.721308000000000e-01  6.942842000000000e-02  0.000000000000000e+00
 8.333221000000000e-01  4.621395000000000e-02  0.000000000000000e+00
 7.838341000000000e-01  5.433760000000000e-02  0.000000000000000e+00
 9.156830000000000e-01  2.993016000000000e-02  0.000000000000000e+00
 8.775044000000000e-01  3.800231000000000e-02  0.000000000000000e+00
 9.717268999999999e-01  1.510117000000000e-02  0.000000000000000e+00
 9.472557000000000e-01  2.222389000000000e-02  0.000000000000000e+00
 9.943238000000000e-01  5.943557000000000e-03  0.000000000000000e+00
 9.811766000000000e-01  1.182376000000000e-02  0.000000000000000e+00
 9.997152000000000e-01  1.507158000000000e-03  0.000000000000000e+00
 8.973842000000000e-01  3.393477000000000e-02  0.000000000000000e+00
 9.604054000000000e-01  1.857615000000000e-02  0.000000000000000e+00
 8.091943000000000e-01  5.030053000000000e-02  0.000000000000000e+00
 8.561221000000000e-01  4.210460000000000e-02  0.000000000000000e+00
 7.013801000000000e-01  6.586978000000000e-02  0.000000000000000e+00
 7.573415000000000e-01  5.829653000000000e-02  0.000000000000000e+00
 5.806894000000000e-01  7.885416000000001e-02  0.000000000000000e+00
 6.421875000000000e-01  7.279749000000001e-02  0.000000000000000e+00
 5.178462000000000e-01  8.381292999999999e-02  0.000000000000000e+00
 5.493748000000001e-01  8.148477000000000e-02  0.000000000000000e+00
 4.546409000000000e-01  8.744381000000000e-02  0.000000000000000e+00
 4.862268000000000e-01  8.580856000000001e-02  0.000000000000000e+00
 3.920663000000000e-01  8.952451000000000e-02  0.000000000000000e+00
 4.232126000000000e-01  8.869067000000000e-02  0.000000000000000e+00
 3.311126000000000e-01  8.986164000000001e-02  0.000000000000000e+00
 3.613255000000000e-01  8.992266000000000e-02  0.000000000000000e+00
 1.517284000000000e-02  3.245788000000000e-02  0.000000000000000e+00
 3.015486000000000e-01  8.932374000000000e-02  0.000000000000000e+00
-3.185101000000000e-03 -1.131624000000000e-02  0.000000000000000e+00
-3.185101000000000e-03  1.131624000000000e-02  0.000000000000000e+00
 1.018887000000000e-03  1.857130000000000e-02  0.000000000000000e+00
 8.973842000000000e-01 -3.393477000000000e-02  0.000000000000000e+00
 5.060374000000000e-02  5.129181000000000e-02  0.000000000000000e+00
 3.696978000000000e-02  4.525476000000000e-02  0.000000000000000e+00
 8.316875999999999e-02  6.230273000000000e-02  0.000000000000000e+00
 6.602383000000001e-02  5.698546000000000e-02  0.000000000000000e+00
 1.675123000000000e-01  7.925702000000000e-02  0.000000000000000e+00
 1.223499000000000e-01  7.169202000000000e-02  0.000000000000000e+00
 7.193023000000000e-03 -2.554460000000000e-02  0.000000000000000e+00
 5.060374000000000e-02 -5.129181000000000e-02  0.000000000000000e+00
 8.091943000000000e-01 -5.030053000000000e-02  0.000000000000000e+00
 3.311126000000000e-01 -8.986164000000001e-02  0.000000000000000e+00
 3.308668000000000e-01 -1.304911000000000e-01  0.000000000000000e+00
 9.950647000000000e-01 -1.439635000000000e-02  0.000000000000000e+00
 9.371699999999999e-01 -4.764341000000000e-02  0.000000000000000e+00
 9.612000000000000e-02 -9.317340000000000e-02  0.000000000000000e+00
 6.763324000000000e-02 -8.209569000000000e-02  0.000000000000000e+00
-3.920285000000000e-03  2.916435000000000e-02  0.000000000000000e+00
 5.096809000000000e-02  7.403292000000000e-02  0.000000000000000e+00
 3.028379000000000e-03  3.841382000000000e-02  0.000000000000000e+00
 8.144809000000000e-01  8.437031000000000e-02  0.000000000000000e+00
 9.206979000000000e-01  5.391113000000000e-02  0.000000000000000e+00
 9.889572000000000e-01  2.017833000000000e-02  0.000000000000000e+00
 1.885959000000000e-01  1.165401000000000e-01  0.000000000000000e+00
 9.612000000000000e-02  9.317340000000000e-02  0.000000000000000e+00
-1.282995000000000e-02  0.000000000000000e+00  0.000000000000000e+00
 1.177823000000000e-02 -4.816681000000000e-02  0.000000000000000e+00
-8.942406000000000e-03  1.949789000000000e-02  0.000000000000000e+00
 7.061929000000000e-01  1.055746000000000e-01  0.000000000000000e+00
 3.930104000000000e-01 -1.317369000000000e-01  0.000000000000000e+00
 4.566564000000000e-01 -1.305490000000000e-01  0.000000000000000e+00
 5.207938000000000e-01 -1.271083000000000e-01  0.000000000000000e+00
 5.844135000000000e-01 -1.216377000000000e-01  0.000000000000000e+00
 6.465333000000000e-01 -1.143781000000000e-01  0.000000000000000e+00
 2.319745000000000e-02 -5.742025000000000e-02  0.000000000000000e+00
 7.061929000000000e-01 -1.055746000000000e-01  0.000000000000000e+00
 7.624666000000000e-01 -9.548435000000000e-02  0.000000000000000e+00
 1.633652000000000e-01 -1.116263000000000e-01  0.000000000000000e+00
 8.144809000000000e-01 -8.437031000000000e-02  0.000000000000000e+00
 2.150564000000000e-01 -1.208012000000000e-01  0.000000000000000e+00
 8.614171000000000e-01 -7.250330000000001e-02  0.000000000000000e+00
 9.025318000000000e-01 -6.016708000000000e-02  0.000000000000000e+00
 2.713089000000000e-01 -1.271694000000000e-01  0.000000000000000e+00
 9.808341000000000e-01 -2.609793000000000e-02  0.000000000000000e+00
 9.889572000000000e-01 -2.017833000000000e-02  0.000000000000000e+00
 1.278769000000000e-01 -1.031491000000000e-01  0.000000000000000e+00
-8.942405000000000e-03 -1.949789000000000e-02  0.000000000000000e+00
-1.189052000000000e-02  9.660704000000001e-03  0.000000000000000e+00
 9.587930000000000e-01 -3.828926000000000e-02  0.000000000000000e+00
 9.707627000000000e-01 -3.213991000000000e-02  0.000000000000000e+00
 9.647778000000000e-01  3.521458000000000e-02  0.000000000000000e+00
 1.510715000000000e-01  1.090078000000000e-01  0.000000000000000e+00
 2.426316000000000e-01  1.243996000000000e-01  0.000000000000000e+00
 8.827449000000001e-01  6.637575000000000e-02  0.000000000000000e+00
 9.808341000000000e-01  2.609793000000000e-02  0.000000000000000e+00
 9.449740000000000e-01  4.451147000000000e-02  0.000000000000000e+00
 9.950647000000000e-01  1.439635000000000e-02  0.000000000000000e+00
 8.503784000000000e-01  7.554234999999999e-02  0.000000000000000e+00
 7.624666000000000e-01  9.548435000000000e-02  0.000000000000000e+00
 5.844135000000000e-01  1.216377000000000e-01  0.000000000000000e+00
 6.465333000000000e-01  1.143781000000000e-01  0.000000000000000e+00
 5.207938000000000e-01  1.271083000000000e-01  0.000000000000000e+00
 4.566564000000000e-01  1.305490000000000e-01  0.000000000000000e+00
 3.930104000000000e-01  1.317369000000000e-01  0.000000000000000e+00
 3.308668000000000e-01  1.304911000000000e-01  0.000000000000000e+00
 1.177823000000000e-02  4.816681000000000e-02  0.000000000000000e+00
 2.859344000000000e-01  1.283066000000000e-01  0.000000000000000e+00
-1.189052000000000e-02 -9.660704000000001e-03  0.000000000000000e+00
 3.615012000000000e-02  6.551974000000001e-02  0.000000000000000e+00
 2.319745000000000e-02  5.742025000000000e-02  0.000000000000000e+00
 6.763324000000000e-02  8.209569000000000e-02  0.000000000000000e+00
 1.278769000000000e-01  1.031491000000000e-01  0.000000000000000e+00
-3.920285000000000e-03 -2.916435000000000e-02  0.000000000000000e+00
 3.028379000000000e-03 -3.841382000000000e-02  0.000000000000000e+00
 3.615012000000000e-02 -6.551974000000001e-02  0.000000000000000e+00
 5.096809000000000e-02 -7.403292000000000e-02  0.000000000000000e+00
 9.990323000000000e-01 -8.766280000000000e-03  0.000000000000000e+00
 1.000943000000000e+00 -9.587091000000000e-04  0.000000000000000e+00
 2.085469000000000e-01  1.690559000000000e-01  0.000000000000000e+00
 1.000943000000000e+00  9.587091000000000e-04  0.000000000000000e+00
 9.994336000000000e-01  2.512779000000000e-02  0.000000000000000e+00
-2.272503000000000e-02 -5.838253000000000e-03  0.000000000000000e+00
 9.890487000000000e-01 -3.936458000000000e-02  0.000000000000000e+00
 8.931408000000000e-01 -1.035508000000000e-01  0.000000000000000e+00
 9.935083000000000e-01  3.495691000000000e-02  0.000000000000000e+00
 9.990323000000000e-01  8.766280000000000e-03  0.000000000000000e+00
-2.158177000000000e-02 -1.792544000000000e-02  0.000000000000000e+00
 2.453119000000000e-02  8.582554000000001e-02  0.000000000000000e+00
 9.994336000000000e-01 -2.512779000000000e-02  0.000000000000000e+00
-1.240958000000000e-02  4.277676000000000e-02  0.000000000000000e+00
-5.767613000000000e-03  5.510653000000000e-02  0.000000000000000e+00
 1.609793000000000e-01  1.568847000000000e-01  0.000000000000000e+00
 1.309502000000000e-01  1.398252000000000e-01  0.000000000000000e+00
-2.272503000000000e-02  5.838250000000000e-03  0.000000000000000e+00
-1.797066000000000e-02  3.032627000000000e-02  0.000000000000000e+00
 3.608107000000000e-01 -1.873719000000000e-01  0.000000000000000e+00
 4.259162000000000e-01 -1.891562000000000e-01  0.000000000000000e+00
 4.918773000000000e-01 -1.875876000000000e-01  0.000000000000000e+00
 5.576335000000000e-01 -1.828675000000000e-01  0.000000000000000e+00
 1.095703000000000e-02 -7.486163999999999e-02  0.000000000000000e+00
 6.221621000000001e-01 -1.752428000000000e-01  0.000000000000000e+00
 6.844793000000000e-01 -1.649779000000000e-01  0.000000000000000e+00
 7.436231000000000e-01 -1.523592000000000e-01  0.000000000000000e+00
 1.810343000000000e-01 -1.622798000000000e-01  0.000000000000000e+00
 7.986809000000000e-01 -1.376971000000000e-01  0.000000000000000e+00
 8.487896000000000e-01 -1.213136000000000e-01  0.000000000000000e+00
 9.310044000000000e-01 -8.475365000000000e-02  0.000000000000000e+00
 9.586862000000000e-01 -6.771128999999999e-02  0.000000000000000e+00
 2.374244000000000e-01 -1.748498000000000e-01  0.000000000000000e+00
 2.980905000000000e-01 -1.825733000000000e-01  0.000000000000000e+00
 6.971370000000000e-02 -1.189120000000000e-01  0.000000000000000e+00
 1.005804000000000e-01 -1.345101000000000e-01  0.000000000000000e+00
 1.357789000000000e-01 -1.485902000000000e-01  0.000000000000000e+00
-2.158177000000000e-02  1.792544000000000e-02  0.000000000000000e+00
 9.737247999999999e-01 -5.262972000000000e-02  0.000000000000000e+00
 9.825659000000000e-01  4.784544000000000e-02  0.000000000000000e+00
 9.655928000000000e-01  6.269160000000000e-02  0.000000000000000e+00
 9.437926000000000e-01  7.750853000000001e-02  0.000000000000000e+00
 9.129260000000000e-01  9.426004000000000e-02  0.000000000000000e+00
 8.777224000000000e-01  1.103668000000000e-01  0.000000000000000e+00
 8.431435000000000e-01  1.235226000000000e-01  0.000000000000000e+00
 7.986809000000000e-01  1.376971000000000e-01  0.000000000000000e+00
 7.436231000000000e-01  1.523592000000000e-01  0.000000000000000e+00
 6.844793000000000e-01  1.649779000000000e-01  0.000000000000000e+00
 6.221621000000001e-01  1.752428000000000e-01  0.000000000000000e+00
 5.576335000000000e-01  1.828675000000000e-01  0.000000000000000e+00
 4.918773000000000e-01  1.875876000000000e-01  0.000000000000000e+00
 4.259162000000000e-01  1.891561000000000e-01  0.000000000000000e+00
 3.608107000000000e-01  1.873719000000000e-01  0.000000000000000e+00
 3.057767000000000e-01  1.833701000000000e-01  0.000000000000000e+00
 2.595492000000000e-01  1.788195000000000e-01  0.000000000000000e+00
 4.024587000000000e-03  6.940786000000000e-02  0.000000000000000e+00
 6.971370000000000e-02  1.189120000000000e-01  0.000000000000000e+00
 4.756979000000000e-02  1.023112000000000e-01  0.000000000000000e+00
 1.005804000000000e-01  1.345101000000000e-01  0.000000000000000e+00
-1.797066000000000e-02 -3.032627000000000e-02  0.000000000000000e+00
-1.240958000000000e-02 -4.277676000000000e-02  0.000000000000000e+00
-5.767613000000000e-03 -5.510653000000000e-02  0.000000000000000e+00
 3.937134000000000e-02 -9.682341999999999e-02  0.000000000000000e+00
 1.000934000000000e+00 -2.586222000000000e-03  0.000000000000000e+00
 1.000934000000000e+00  2.586222000000000e-03  0.000000000000000e+00
 1.000073000000000e+00 -3.586476000000000e-03  0.000000000000000e+00
 1.000073000000000e+00  3.586476000000000e-03  0.000000000000000e+00
-2.122233000000000e-02  7.619152000000000e-02  0.000000000000000e+00
 8.915773000000000e-01 -1.638977000000000e-01  0.000000000000000e+00
-3.560397000000000e-02 -2.873487000000000e-02  0.000000000000000e+00
 1.145881000000000e-01  1.866999000000000e-01  0.000000000000000e+00
 1.690351000000000e-01  2.244384000000000e-01  0.000000000000000e+00
-3.650273000000000e-02  1.323907000000000e-02  0.000000000000000e+00
-3.648231000000000e-02 -2.802708000000000e-09  0.000000000000000e+00
-2.959095000000000e-02  5.136697000000000e-02  0.000000000000000e+00
 1.002306000000000e+00 -1.252254000000000e-17  0.000000000000000e+00
 1.005396000000000e+00  3.542247000000000e-02  0.000000000000000e+00
-3.650272000000000e-02 -1.323907000000000e-02  0.000000000000000e+00
 3.019621000000000e-01  2.540728000000000e-01  0.000000000000000e+00
 2.210810000000000e-01  2.416734000000000e-01  0.000000000000000e+00
 3.912434000000000e-01 -2.656255000000000e-01  0.000000000000000e+00
 4.607805000000000e-01 -2.675879000000000e-01  0.000000000000000e+00
 5.304660000000000e-01 -2.647820000000000e-01  0.000000000000000e+00
 5.991594000000000e-01 -2.574370000000000e-01  0.000000000000000e+00
 6.657954000000000e-01 -2.458429000000000e-01  0.000000000000000e+00
 7.293380000000000e-01 -2.303179000000000e-01  0.000000000000000e+00
 7.887796000000000e-01 -2.112221000000000e-01  0.000000000000000e+00
 8.431680000000000e-01 -1.889400000000000e-01  0.000000000000000e+00
 9.330766000000000e-01 -1.364612000000000e-01  0.000000000000000e+00
 9.650983000000000e-01 -1.091294000000000e-01  0.000000000000000e+00
 1.948184000000000e-01 -2.332138000000000e-01  0.000000000000000e+00
 2.587011000000000e-01 -2.498464000000000e-01  0.000000000000000e+00
 3.237779000000000e-01 -2.591175000000000e-01  0.000000000000000e+00
 1.410658000000000e-01 -2.127606000000000e-01  0.000000000000000e+00
 6.383255000000000e-02 -1.688897000000000e-01  0.000000000000000e+00
 9.827180000000001e-02 -1.913173000000000e-01  0.000000000000000e+00
-3.560397000000000e-02  2.873488000000000e-02  0.000000000000000e+00
 9.874535000000000e-01 -8.135803000000000e-02  0.000000000000000e+00
 9.968191000000000e-01 -6.382454000000000e-02  0.000000000000000e+00
 1.003428000000000e+00  5.446829000000000e-02  0.000000000000000e+00
 9.923619000000000e-01  7.617028000000001e-02  0.000000000000000e+00
 9.746559000000000e-01  9.947217000000000e-02  0.000000000000000e+00
 9.490343000000000e-01  1.239803000000000e-01  0.000000000000000e+00
 8.980409000000000e-01  1.579341000000000e-01  0.000000000000000e+00
 8.400405000000000e-01  1.906115000000000e-01  0.000000000000000e+00
 7.887796000000000e-01  2.112221000000000e-01  0.000000000000000e+00
 7.293380000000000e-01  2.303179000000000e-01  0.000000000000000e+00
 6.657954000000000e-01  2.458429000000000e-01  0.000000000000000e+00
 5.991594000000000e-01  2.574370000000000e-01  0.000000000000000e+00
 5.304660000000000e-01  2.647820000000000e-01  0.000000000000000e+00
 4.607805000000000e-01  2.675879000000000e-01  0.000000000000000e+00
 3.912434000000000e-01  2.656255000000000e-01  0.000000000000000e+00
 6.383255000000000e-02  1.688897000000000e-01  0.000000000000000e+00
-5.035415000000000e-03  1.017401000000000e-01  0.000000000000000e+00
 2.541803000000000e-02  1.322164000000000e-01  0.000000000000000e+00
-2.702773000000000e-02 -5.860534000000000e-02  0.000000000000000e+00
-3.215416000000000e-02 -4.412860000000000e-02  0.000000000000000e+00
-1.721438000000000e-02 -8.175443000000000e-02  0.000000000000000e+00
 5.373023000000000e-03 -1.114485000000000e-01  0.000000000000000e+00
 3.133418000000000e-02 -1.397483000000000e-01  0.000000000000000e+00
 1.000697000000000e+00 -1.415255000000000e-02  0.000000000000000e+00
 1.003110000000000e+00 -3.871561000000000e-02  0.000000000000000e+00
 1.002547000000000e+00  1.785500000000000e-03  0.000000000000000e+00
 1.000697000000000e+00  1.415255000000000e-02  0.000000000000000e+00
-5.065381000000000e-02 -5.882564000000000e-02  0.000000000000000e+00
 1.381839000000000e-01 -3.011943000000000e-01  0.000000000000000e+00
 7.752813000000000e-03  1.891762000000000e-01  0.000000000000000e+00
 4.231567000000000e-01  3.677793000000000e-01  0.000000000000000e+00
-5.627608000000000e-02 -4.145101000000000e-02  0.000000000000000e+00
-5.605272000000000e-02  2.214694000000000e-02  0.000000000000000e+00
-5.605272000000000e-02 -2.214693000000000e-02  0.000000000000000e+00
 1.002547000000000e+00 -1.785500000000000e-03  0.000000000000000e+00
 1.010729000000000e+00  2.545974000000000e-02  0.000000000000000e+00
-5.553379000000000e-02 -2.974767000000000e-09  0.000000000000000e+00
-5.226728000000000e-02  7.283425000000000e-02  0.000000000000000e+00
 1.699821000000000e-01  3.087798000000000e-01  0.000000000000000e+00
 4.614311000000000e-01 -3.676765000000000e-01  0.000000000000000e+00
 6.124228000000000e-01 -3.548231000000000e-01  0.000000000000000e+00
 7.534985000000000e-01 -3.188928000000000e-01  0.000000000000000e+00
 8.483930000000000e-01 -2.792131000000000e-01  0.000000000000000e+00
 9.031038000000000e-01 -2.454907000000000e-01  0.000000000000000e+00
 9.489474000000000e-01 -2.055701000000000e-01  0.000000000000000e+00
 9.841327000000000e-01 -1.638540000000000e-01  0.000000000000000e+00
 2.033151000000000e-01 -3.315764000000000e-01  0.000000000000000e+00
 3.128963000000000e-01 -3.548476000000000e-01  0.000000000000000e+00
 6.844556000000000e-02 -2.472562000000000e-01  0.000000000000000e+00
-5.511114000000000e-02  4.603249000000000e-02  0.000000000000000e+00
 1.008084000000000e+00 -1.208484000000000e-01  0.000000000000000e+00
 1.017487000000000e+00  7.530978000000001e-02  0.000000000000000e+00
 1.012643000000000e+00  1.099588000000000e-01  0.000000000000000e+00
 9.954824000000000e-01  1.468919000000000e-01  0.000000000000000e+00
 9.582794000000000e-01  1.931341000000000e-01  0.000000000000000e+00
 9.067216000000000e-01  2.411541000000000e-01  0.000000000000000e+00
 8.156196999999999e-01  2.913764000000000e-01  0.000000000000000e+00
 6.847505000000000e-01  3.395615000000000e-01  0.000000000000000e+00
 5.376025000000000e-01  3.643141000000000e-01  0.000000000000000e+00
 3.336554000000000e-01  3.599086000000000e-01  0.000000000000000e+00
 2.468943000000000e-01  3.432870000000000e-01  0.000000000000000e+00
 8.304398000000000e-02  2.539450000000000e-01  0.000000000000000e+00
-2.112880000000000e-02  1.482749000000000e-01  0.000000000000000e+00
-4.248097000000000e-02  1.075625000000000e-01  0.000000000000000e+00
-4.929733000000000e-02 -8.170044000000000e-02  0.000000000000000e+00
-3.601931000000000e-02 -1.194966000000000e-01  0.000000000000000e+00
-1.554644000000000e-02 -1.566970000000000e-01  0.000000000000000e+00
 1.091972000000000e-02 -1.952061000000000e-01  0.000000000000000e+00
-5.783298000000000e-02  2.048405000000000e-01  0.000000000000000e+00
 1.002645000000000e+00  4.007803000000000e-03  0.000000000000000e+00
-8.100060000000001e-02 -6.527753000000000e-02  0.000000000000000e+00
 1.002645000000000e+00 -4.007803000000000e-03  0.000000000000000e+00
 1.003871000000000e+00  1.022118000000000e-02  0.000000000000000e+00
 1.265451000000000e-01 -4.111476000000000e-01  0.000000000000000e+00
 1.018526000000000e+00  3.604250000000000e-02  0.000000000000000e+00
 1.586110000000000e-01  4.370920000000000e-01  0.000000000000000e+00
 3.165229000000000e-01  4.859469000000000e-01  0.000000000000000e+00
 1.011270000000000e+00 -2.921647000000000e-02  0.000000000000000e+00
 1.003871000000000e+00 -1.022118000000000e-02  0.000000000000000e+00
 1.004354000000000e+00 -1.225148000000000e-17  0.000000000000000e+00
 4.323321000000000e-02 -3.519067000000000e-01  0.000000000000000e+00
-8.400671000000000e-02 -3.147682000000000e-02  0.000000000000000e+00
 1.010409000000000e+00  1.563953000000000e-02  0.000000000000000e+00
-8.191577999999999e-02 -1.046138000000000e-02  0.000000000000000e+00
-8.191577999999999e-02  1.046138000000000e-02  0.000000000000000e+00
 5.490254000000000e-01 -5.033740000000000e-01  0.000000000000000e+00
 7.166091000000000e-01 -4.689744000000000e-01  0.000000000000000e+00
 8.482639000000000e-01 -4.122147000000000e-01  0.000000000000000e+00
 9.248125000000000e-01 -3.419531000000000e-01  0.000000000000000e+00
 9.841079000000000e-01 -2.922303000000000e-01  0.000000000000000e+00
 1.021847000000000e+00 -2.313602000000000e-01  0.000000000000000e+00
 2.309833000000000e-01 -4.709281000000000e-01  0.000000000000000e+00
 3.752583000000000e-01 -4.991043000000000e-01  0.000000000000000e+00
-8.650652000000000e-02  6.291552000000000e-02  0.000000000000000e+00
-8.415058000000000e-02  3.521590000000000e-02  0.000000000000000e+00
 1.037224000000000e+00 -1.652499000000000e-01  0.000000000000000e+00
 1.022788000000000e+00  5.049765000000000e-02  0.000000000000000e+00
 1.043132000000000e+00  1.465789000000000e-01  0.000000000000000e+00
 1.028755000000000e+00  2.117465000000000e-01  0.000000000000000e+00
 9.921392999999999e-01  2.811768000000000e-01  0.000000000000000e+00
 9.140431999999999e-01  3.621744000000000e-01  0.000000000000000e+00
 7.946654000000000e-01  4.362762000000000e-01  0.000000000000000e+00
 6.345380000000000e-01  4.908165000000000e-01  0.000000000000000e+00
 4.847043000000000e-01  5.088792000000000e-01  0.000000000000000e+00
 7.195882000000001e-02  3.678556000000000e-01  0.000000000000000e+00
-7.398976000000000e-02  1.500432000000000e-01  0.000000000000000e+00
-8.608167000000000e-02  1.011060000000000e-01  0.000000000000000e+00
-8.246282000000001e-02 -1.145821000000000e-01  0.000000000000000e+00
-7.200524000000000e-02 -1.635348000000000e-01  0.000000000000000e+00
-5.536796000000000e-02 -2.124144000000000e-01  0.000000000000000e+00
-1.109500000000000e-02 -2.773506000000000e-01  0.000000000000000e+00
 1.007049000000000e+00 -2.044421000000000e-02  0.000000000000000e+00
-1.002834000000000e-02  2.856953000000000e-01  0.000000000000000e+00
 1.006421000000000e+00 -6.490319000000000e-03  0.000000000000000e+00
 1.021426000000000e+00  2.219620000000000e-02  0.000000000000000e+00
 1.017207000000000e+00 -4.257078000000000e-02  0.000000000000000e+00
-1.309517000000000e-01  1.966187000000000e-01  0.000000000000000e+00
-1.129474000000000e-01 -8.963459999999999e-03  0.000000000000000e+00
-1.329653000000000e-01  8.252998000000000e-02  0.000000000000000e+00
 1.006429000000000e+00 -1.553311000000000e-02  0.000000000000000e+00
 1.056097000000000e+00 -1.211010000000000e-01  0.000000000000000e+00
 9.894028000000001e-02 -5.804927000000000e-01  0.000000000000000e+00
 1.042169000000000e+00  6.761077000000000e-02  0.000000000000000e+00
 5.826510000000000e-01  6.908853000000000e-01  0.000000000000000e+00
-1.222583000000000e-01 -5.191281000000000e-02  0.000000000000000e+00
-1.282187000000000e-01 -8.855114000000000e-02  0.000000000000000e+00
 6.119278000000000e-03 -4.923030000000000e-01  0.000000000000000e+00
 1.006421000000000e+00  6.490319000000000e-03  0.000000000000000e+00
 1.004979000000000e+00  2.652040000000000e-03  0.000000000000000e+00
 1.004979000000000e+00 -2.652040000000000e-03  0.000000000000000e+00
 6.707972000000000e-01 -6.712001000000000e-01  0.000000000000000e+00
 8.508399000000000e-01 -5.992571000000000e-01  0.000000000000000e+00
 1.005535000000000e+00 -4.434594000000000e-01  0.000000000000000e+00
 1.077251000000000e+00 -3.078439000000000e-01  0.000000000000000e+00
 2.683207000000000e-01 -6.632087000000000e-01  0.000000000000000e+00
 4.574682000000000e-01 -6.914458000000000e-01  0.000000000000000e+00
-1.217508000000000e-01  3.266264000000000e-02  0.000000000000000e+00
 1.094689000000000e+00 -2.134598000000000e-01  0.000000000000000e+00
 1.051223000000000e+00  1.008465000000000e-01  0.000000000000000e+00
 1.095990000000000e+00  1.924108000000000e-01  0.000000000000000e+00
 1.083504000000000e+00  2.849897000000000e-01  0.000000000000000e+00
 1.041136000000000e+00  4.065667000000000e-01  0.000000000000000e+00
 9.365997000000000e-01  5.317225000000000e-01  0.000000000000000e+00
 7.730329000000000e-01  6.350970000000000e-01  0.000000000000000e+00
 3.754405000000000e-01  6.820284000000000e-01  0.000000000000000e+00
 1.866382000000000e-01  6.261346000000000e-01  0.000000000000000e+00
 2.601571000000000e-02  5.141978000000000e-01  0.000000000000000e+00
-1.352096000000000e-01  1.392075000000000e-01  0.000000000000000e+00
-1.355234000000000e-01 -1.515106000000000e-01  0.000000000000000e+00
-1.303351000000000e-01 -2.106600000000000e-01  0.000000000000000e+00
-1.080967000000000e-01 -2.959251000000000e-01  0.000000000000000e+00
-7.114247000000000e-02 -3.781788000000000e-01  0.000000000000000e+00
-1.978903000000000e-01 -1.123712000000000e-01  0.000000000000000e+00
 1.045309000000000e+00  4.452397000000000e-02  0.000000000000000e+00
 1.019584000000000e+00  1.275796000000000e-02  0.000000000000000e+00
 1.007356000000000e+00 -1.192622000000000e-17  0.000000000000000e+00
 1.033057000000000e+00  3.185888000000000e-02  0.000000000000000e+00
 8.426799000000000e-02 -8.253188000000000e-01  0.000000000000000e+00
 7.486889000000000e-01  9.047621000000000e-01  0.000000000000000e+00
-4.803250000000000e-02  4.056067000000000e-01  0.000000000000000e+00
-2.093313000000000e-01  1.735682000000000e-01  0.000000000000000e+00
 1.032271000000000e+00 -8.671710000000001e-02  0.000000000000000e+00
 1.025888000000000e+00 -3.071408000000000e-02  0.000000000000000e+00
 1.008898000000000e+00 -1.092033000000000e-02  0.000000000000000e+00
-7.578138000000000e-02 -6.714473000000000e-01  0.000000000000000e+00
-1.785452000000000e-01 -6.155984000000000e-02  0.000000000000000e+00
-2.000649000000000e-01  1.082563000000000e-01  0.000000000000000e+00
-1.077801000000000e-01  2.886013000000000e-01  0.000000000000000e+00
 1.008898000000000e+00  1.092033000000000e-02  0.000000000000000e+00
 8.506095000000000e-01 -8.599372000000000e-01  0.000000000000000e+00
 1.068460000000000e+00 -6.606381000000000e-01  0.000000000000000e+00
 1.093685000000000e+00 -1.632782000000000e-01  0.000000000000000e+00
 5.884201999999999e-01 -9.372407000000000e-01  0.000000000000000e+00
 3.258411000000000e-01 -9.255307000000000e-01  0.000000000000000e+00
-1.798253000000000e-01  4.579714000000000e-02  0.000000000000000e+00
-1.645122000000000e-01 -9.047339999999999e-03  0.000000000000000e+00
 1.175015000000000e+00 -2.771033000000000e-01  0.000000000000000e+00
 1.091387000000000e+00  1.315341000000000e-01  0.000000000000000e+00
 1.174006000000000e+00  2.500640000000000e-01  0.000000000000000e+00
 1.174598000000000e+00  3.849053000000000e-01  0.000000000000000e+00
 1.108609000000000e+00  5.691581999999999e-01  0.000000000000000e+00
 9.727008000000000e-01  7.699355000000000e-01  0.000000000000000e+00
 4.681002000000000e-01  9.425357000000000e-01  0.000000000000000e+00
 2.125462000000000e-01  8.854426000000000e-01  0.000000000000000e+00
-9.619536000000000e-03  7.365424000000000e-01  0.000000000000000e+00
-1.590499000000000e-01 -5.209069000000000e-01  0.000000000000000e+00
-2.146622000000000e-01 -1.882546000000000e-01  0.000000000000000e+00
-2.157924000000000e-01 -2.784810000000000e-01  0.000000000000000e+00
-2.045736000000000e-01 -3.886975000000000e-01  0.000000000000000e+00
-3.415094000000000e-01 -5.097910000000000e-01  0.000000000000000e+00
 1.021224000000000e+00 -6.682941000000001e-02  0.000000000000000e+00
 1.052208000000000e+00  2.559117000000000e-02  0.000000000000000e+00
 1.008679000000000e+00  3.442506000000000e-03  0.000000000000000e+00
 1.010887000000000e+00  4.615107000000000e-02  0.000000000000000e+00
 1.177220000000000e+00 -4.627625000000000e-01  0.000000000000000e+00
 1.013350000000000e+00 -1.627012000000000e-02  0.000000000000000e+00
 1.073540000000000e+00  6.765462999999999e-02  0.000000000000000e+00
 1.011717000000000e+00  6.436241000000000e-03  0.000000000000000e+00
 1.165327000000000e+00 -1.869466000000000e-01  0.000000000000000e+00
 8.146130000000000e-01 -1.221132000000000e+00  0.000000000000000e+00
 4.418530000000000e-01 -1.273963000000000e+00  0.000000000000000e+00
-3.042663000000000e-01 -6.995300000000000e-01  0.000000000000000e+00
 1.094920000000000e+00  8.528342000000000e-02  0.000000000000000e+00
 1.157141000000000e+00  1.571741000000000e-01  0.000000000000000e+00
-2.955804000000000e-01  1.280180000000000e-01  0.000000000000000e+00
-1.728940000000000e-01 -9.326323000000000e-01  0.000000000000000e+00
 1.033000000000000e+00  1.636815000000000e-02  0.000000000000000e+00
 1.008679000000000e+00 -3.442506000000000e-03  0.000000000000000e+00
 1.011717000000000e+00 -6.436241000000000e-03  0.000000000000000e+00
-1.418566000000000e-01  5.491275000000000e-01  0.000000000000000e+00
-2.971807000000000e-01 -1.302210000000000e-01  0.000000000000000e+00
 1.017190000000000e+00 -2.096643000000000e-02  0.000000000000000e+00
 1.034685000000000e+00 -4.626012000000000e-02  0.000000000000000e+00
 1.072769000000000e+00 -8.410094000000000e-02  0.000000000000000e+00
-2.479828000000000e-01 -3.431330000000000e-02  0.000000000000000e+00
-1.941917000000000e-01  4.064839000000000e-01  0.000000000000000e+00
-2.050935000000000e-01  2.711000000000000e-01  0.000000000000000e+00
 1.005653000000000e+00  1.583198000000000e-02  0.000000000000000e+00
 8.303790000000000e-02 -1.169561000000000e+00  0.000000000000000e+00
 1.129732000000000e+00 -9.463281000000000e-01  0.000000000000000e+00
 1.111649000000000e+00 -1.094311000000000e-01  0.000000000000000e+00
-2.625726000000000e-01  5.349204000000000e-02  0.000000000000000e+00
 1.020709000000000e+00  1.103209000000000e+00  0.000000000000000e+00
 1.297251000000000e+00  3.169447000000000e-01  0.000000000000000e+00
 1.296011000000000e+00  5.323322000000000e-01  0.000000000000000e+00
 1.228540000000000e+00  7.967278000000000e-01  0.000000000000000e+00
 6.543152000000000e-01  1.264755000000000e+00  0.000000000000000e+00
 2.672254000000000e-01  1.241182000000000e+00  0.000000000000000e+00
-5.879885000000000e-02  1.050111000000000e+00  0.000000000000000e+00
-3.276301000000000e-01 -2.319598000000000e-01  0.000000000000000e+00
-3.487283000000000e-01 -3.476915000000000e-01  0.000000000000000e+00
-4.326463000000000e-01 -1.451035000000000e-01  0.000000000000000e+00
 1.028853000000000e+00  5.045503000000000e-03  0.000000000000000e+00
 1.210900000000000e+00 -1.357481000000000e+00  0.000000000000000e+00
 1.397388000000000e+00  1.134935000000000e+00  0.000000000000000e+00
-5.562214000000000e-01 -6.504606000000001e-01  0.000000000000000e+00
-2.825671000000000e-01  8.121395000000000e-01  0.000000000000000e+00
 1.049415000000000e+00  6.794943000000000e-03  0.000000000000000e+00
 1.114629000000000e+00 -6.235368000000000e-02  0.000000000000000e+00
 1.069880000000000e+00 -4.892323000000000e-02  0.000000000000000e+00
-3.770538000000000e-01  4.736052000000000e-02  0.000000000000000e+00
 6.927398000000000e-01 -1.702687000000000e+00  0.000000000000000e+00
-3.297652000000000e-01  5.371475999999999e-01  0.000000000000000e+00
-5.321173000000000e-01 -4.370690000000000e-01  0.000000000000000e+00
 1.047429000000000e+00 -6.928968000000001e-02  0.000000000000000e+00
 1.070324000000000e+00  4.291617000000000e-02  0.000000000000000e+00
 1.015306000000000e+00 -1.182058000000000e-02  0.000000000000000e+00
 1.029915000000000e+00 -1.836684000000000e-02  0.000000000000000e+00
 1.012144000000000e+00 -7.672906999999999e-05  0.000000000000000e+00
 1.142774000000000e+00  1.121996000000000e-01  0.000000000000000e+00
 1.264246000000000e+00 -2.219156000000000e-01  0.000000000000000e+00
-4.993998000000000e-01 -9.630744000000000e-01  0.000000000000000e+00
 1.382880000000000e-01 -1.648472000000000e+00  0.000000000000000e+00
 1.044458000000000e+00 -3.046743000000000e-02  0.000000000000000e+00
-3.371510000000000e-01  3.498648000000000e-01  0.000000000000000e+00
-3.095063000000000e-01  2.371034000000000e-01  0.000000000000000e+00
-2.915062000000000e-01 -1.317452000000000e+00  0.000000000000000e+00
 1.319827000000000e+00 -7.044728000000000e-01  0.000000000000000e+00
-3.649430000000000e-01 -3.488846000000000e-02  0.000000000000000e+00
 1.251621000000000e+00  1.879962000000000e-01  0.000000000000000e+00
 1.466258000000000e+00  4.256150000000000e-01  0.000000000000000e+00
 1.495607000000000e+00  7.240742000000000e-01  0.000000000000000e+00
 1.013523000000000e+00  1.583182000000000e+00  0.000000000000000e+00
 4.328887000000000e-01  1.710804000000000e+00  0.000000000000000e+00
-1.023141000000000e-01  1.498043000000000e+00  0.000000000000000e+00
-4.926960000000000e-01 -2.616568000000000e-01  0.000000000000000e+00
 1.018658000000000e+00  3.963798000000000e-03  0.000000000000000e+00
 1.284033000000000e+00 -3.536393000000000e-01  0.000000000000000e+00
-7.675187999999999e-01 -1.358534000000000e+00  0.000000000000000e+00
 1.140910000000000e+00  5.951654000000000e-02  0.000000000000000e+00
 1.415227000000000e+00 -4.852638000000000e-01  0.000000000000000e+00
 1.266060000000000e+00 -2.001763000000000e+00  0.000000000000000e+00
 3.560955000000000e-01 -2.283251000000000e+00  0.000000000000000e+00
-8.069915000000000e-01 -5.140771000000000e-01  0.000000000000000e+00
 1.074239000000000e+00  1.521624000000000e-02  0.000000000000000e+00
 1.244104000000000e+00 -1.214984000000000e-01  0.000000000000000e+00
-3.901564000000000e-01 -1.890069000000000e+00  0.000000000000000e+00
-4.493416000000000e-01  2.144973000000000e-01  0.000000000000000e+00
-8.589345000000000e-01 -8.669537000000000e-01  0.000000000000000e+00
 1.215393000000000e+00  1.137846000000000e-01  0.000000000000000e+00
-4.445578000000000e-01  1.198766000000000e+00  0.000000000000000e+00
 1.046612000000000e+00 -1.308862000000000e-02  0.000000000000000e+00
 1.790787000000000e+00  1.011810000000000e+00  0.000000000000000e+00
 1.431815000000000e+00  2.223640000000000e-01  0.000000000000000e+00
 1.164934000000000e+00 -8.917039000000000e-02  0.000000000000000e+00
 1.101678000000000e+00 -2.423922000000000e-02  0.000000000000000e+00
-7.255528999999999e-01 -3.014615000000000e-01  0.000000000000000e+00
-5.194606000000001e-01  4.508415000000000e-01  0.000000000000000e+00
 1.104539000000000e+00  5.104631000000000e-02  0.000000000000000e+00
 1.493154000000000e+00 -1.047257000000000e+00  0.000000000000000e+00
 1.018077000000000e+00 -4.658418000000000e-03  0.000000000000000e+00
-6.192627000000001e-01 -1.227022000000000e-01  0.000000000000000e+00
-5.233997000000000e-01 -1.345317000000000e-02  0.000000000000000e+00
 1.731181000000000e+00  5.502365000000000e-01  0.000000000000000e+00
 8.526745999999999e-01  2.236028000000000e+00  0.000000000000000e+00
-4.826754000000000e-02  2.141622000000000e+00  0.000000000000000e+00
 1.026064000000000e+00 -8.659850000000000e-04  0.000000000000000e+00
 1.360711000000000e+00 -1.503379000000000e-01  0.000000000000000e+00
 1.066508000000000e+00 -5.753861000000000e-03  0.000000000000000e+00
-1.088196000000000e+00 -1.985919000000000e+00  0.000000000000000e+00
-6.642631000000000e-01  8.794639000000000e-01  0.000000000000000e+00
 1.647752000000000e+00  1.582723000000000e+00  0.000000000000000e+00
 1.155753000000000e+00 -3.055916000000000e-02  0.000000000000000e+00
-8.845611000000000e-01 -8.593574000000000e-02  0.000000000000000e+00
 1.123292000000000e+00  1.417609000000000e-02  0.000000000000000e+00
 1.596324000000000e+00 -6.944406000000000e-01  0.000000000000000e+00
 1.681975000000000e+00 -1.502569000000000e+00  0.000000000000000e+00
-6.210569000000000e-01  1.792840000000000e+00  0.000000000000000e+00
 1.408548000000000e+00 -2.675866000000000e-01  0.000000000000000e+00
-3.627453000000000e-01 -2.742821000000000e+00  0.000000000000000e+00
 1.041316000000000e+00 -2.886797000000000e+00  0.000000000000000e+00
-1.286433000000000e+00 -1.200742000000000e+00  0.000000000000000e+00
-5.389919000000000e-01  7.142779000000000e-01  0.000000000000000e+00
-1.204698000000000e+00 -6.357965000000000e-01  0.000000000000000e+00
 1.319302000000000e+00  1.090076000000000e-01  0.000000000000000e+00
 1.064654000000000e+00 -2.414797000000000e-02  0.000000000000000e+00
 1.641803000000000e+00  2.913231000000000e-01  0.000000000000000e+00
 1.231621000000000e+00 -3.896342000000000e-02  0.000000000000000e+00
-1.042279000000000e+00 -3.020496000000000e-01  0.000000000000000e+00
 1.024006000000000e+00 -1.106883000000000e-02  0.000000000000000e+00
-6.683685000000000e-01  2.167771000000000e-01  0.000000000000000e+00
-7.209069000000000e-01  6.317095000000000e-02  0.000000000000000e+00
 1.512536000000000e+00  2.052367000000000e+00  0.000000000000000e+00
 3.193299000000000e-01  2.979713000000000e+00  0.000000000000000e+00
 2.131143000000000e+00  7.332216000000000e-01  0.000000000000000e+00
 1.944411000000000e+00 -2.401293000000000e+00  0.000000000000000e+00
 2.898590000000000e-01 -3.260022000000000e+00  0.000000000000000e+00
 1.200565000000000e+00  2.811749000000000e-02  0.000000000000000e+00
-8.988442000000000e-01  1.276113000000000e+00  0.000000000000000e+00
-8.011787000000000e-01  5.157751000000000e-01  0.000000000000000e+00
-1.238773000000000e+00  6.957501000000000e-03  0.000000000000000e+00
-1.500547000000000e+00 -2.854269000000000e-01  0.000000000000000e+00
-6.562360000000000e-01  2.730793000000000e+00  0.000000000000000e+00
 1.035447000000000e+00 -7.900018000000000e-03  0.000000000000000e+00
 1.094981000000000e+00 -4.340369000000000e-03  0.000000000000000e+00
-1.862748000000000e+00 -1.763861000000000e+00  0.000000000000000e+00
 2.219871000000000e+00  1.422686000000000e+00  0.000000000000000e+00
 1.328582000000000e+00 -6.650999000000000e-02  0.000000000000000e+00
 1.647966000000000e+00 -4.012687000000000e-01  0.000000000000000e+00
 1.943401000000000e+00 -1.039367000000000e+00  0.000000000000000e+00
 1.523501000000000e+00 -1.523028000000000e-01  0.000000000000000e+00
 1.594084000000000e+00  8.243488000000000e-02  0.000000000000000e+00
-1.360962000000000e+00 -2.973455000000000e+00  0.000000000000000e+00
-1.779307000000000e+00 -8.410489000000000e-01  0.000000000000000e+00
 1.942904000000000e+00  3.322657000000000e-01  0.000000000000000e+00
 1.263398000000000e+00  2.547986000000000e-02  0.000000000000000e+00
-9.908877000000000e-01  1.951284000000000e-01  0.000000000000000e+00
 2.200493000000000e+00  1.996152000000000e+00  0.000000000000000e+00
 1.351956000000000e+00  3.013028000000000e+00  0.000000000000000e+00
 2.397967000000000e+00  3.632895000000000e-01  0.000000000000000e+00
 8.005982000000000e-01  4.082638000000000e+00  0.000000000000000e+00
 1.914503000000000e+00 -5.993541000000000e-01  0.000000000000000e+00
-1.325779000000000e+00  2.025978000000000e+00  0.000000000000000e+00
-4.233086000000000e-01  3.854079000000000e+00  0.000000000000000e+00
 1.465893000000000e+00 -6.195430000000000e-02  0.000000000000000e+00
 1.949032000000000e+00 -3.492572000000000e+00  0.000000000000000e+00
 1.152590000000000e+00 -4.053948000000000e+00  0.000000000000000e+00
-6.585742999999999e-01 -3.839359000000000e+00  0.000000000000000e+00
-1.720033000000000e+00  1.744564000000000e-01  0.000000000000000e+00
-2.177526000000000e+00 -2.935200000000000e-01  0.000000000000000e+00
-2.601008000000000e+00 -1.231929000000000e+00  0.000000000000000e+00
 1.380654000000000e+00  2.441737000000000e-02  0.000000000000000e+00
 2.284992000000000e+00 -1.537531000000000e+00  0.000000000000000e+00
 1.473100000000000e+00  6.887061999999999e-02  0.000000000000000e+00
 1.756200000000000e+00 -9.429169000000000e-02  0.000000000000000e+00
 1.846306000000000e+00  1.347109000000000e-01  0.000000000000000e+00
-1.131686000000000e+00  8.707174000000000e-01  0.000000000000000e+00
-1.273501000000000e+00  4.721872000000000e-01  0.000000000000000e+00
 2.931114000000000e+00  1.733780000000000e+00  0.000000000000000e+00
 2.459809000000000e+00 -8.877992000000000e-01  0.000000000000000e+00
 2.328261000000000e+00 -4.876252000000000e+00  0.000000000000000e+00
 1.668455000000000e-01 -4.603390000000000e+00  0.000000000000000e+00
-1.633494000000000e+00  3.262198000000000e+00  0.000000000000000e+00
 2.864053000000000e+00  2.695493000000000e+00  0.000000000000000e+00
 2.112521000000000e+00  4.081991000000000e+00  0.000000000000000e+00
-1.475878000000000e+00  1.337971000000000e+00  0.000000000000000e+00
 2.769267000000000e+00  9.499460000000000e-01  0.000000000000000e+00
-2.669079000000000e+00 -2.515470000000000e+00  0.000000000000000e+00
 2.931886000000000e+00 -2.942761000000000e+00  0.000000000000000e+00
 1.955494000000000e+00 -3.036894000000000e-01  0.000000000000000e+00
-7.436379999999999e-02  5.376739000000000e+00  0.000000000000000e+00
-1.982301000000000e+00 -4.195288000000000e+00  0.000000000000000e+00
-2.429579000000000e+00  4.104982000000000e-01  0.000000000000000e+00
-3.185810000000000e+00 -4.032633000000000e-01  0.000000000000000e+00
 2.126546000000000e+00  3.496604000000000e-03  0.000000000000000e+00
-1.730262000000000e+00  7.983236000000000e-01  0.000000000000000e+00
-2.429750000000000e+00  2.407590000000000e+00  0.000000000000000e+00
 2.856988000000000e+00 -2.262095000000000e+00  0.000000000000000e+00
 2.343006000000000e+00 -4.203905000000000e-01  0.000000000000000e+00
-1.652738000000000e+00  4.852275000000000e+00  0.000000000000000e+00
-1.081929000000000e+00 -5.365032000000000e+00  0.000000000000000e+00
-2.148752000000000e+00  1.845145000000000e+00  0.000000000000000e+00
 3.634112000000000e+00  1.179998000000000e+00  0.000000000000000e+00
 2.612942000000000e+00 -8.115732000000001e-02  0.000000000000000e+00
 1.404292000000000e+00 -5.664497000000000e+00  0.000000000000000e+00
 3.890077000000000e+00  2.283844000000000e+00  0.000000000000000e+00
 3.618062000000000e+00  4.001121000000000e+00  0.000000000000000e+00
-3.760993000000000e+00 -1.619918000000000e+00  0.000000000000000e+00
 3.082490000000000e+00  3.408770000000000e-01  0.000000000000000e+00
 3.007377000000000e+00 -1.383512000000000e+00  0.000000000000000e+00
 1.570067000000000e+00  5.595391000000000e+00  0.000000000000000e+00
-3.659071000000000e+00 -3.900520000000000e+00  0.000000000000000e+00
-3.521239000000000e+00  6.667164000000000e-01  0.000000000000000e+00
-2.337904000000000e+00  1.310813000000000e+00  0.000000000000000e+00
 3.158575000000000e+00 -4.754513000000000e-01  0.000000000000000e+00
-3.003496000000000e+00  3.865930000000000e+00  0.000000000000000e+00
 4.867734000000000e-01  7.449571000000000e+00  0.000000000000000e+00
 3.172708000000000e+00  5.517497000000000e+00  0.000000000000000e+00
-3.024361000000000e+00 -5.799117000000000e+00  0.000000000000000e+00
 4.003916000000000e+00 -4.338412000000000e+00  0.000000000000000e+00
-1.445184000000000e+00  6.864934000000000e+00  0.000000000000000e+00
 3.013130000000000e+00 -6.614698000000000e+00  0.000000000000000e+00
 4.079978000000000e+00  2.860206000000000e-01  0.000000000000000e+00
 4.876045000000000e+00  1.473613000000000e+00  0.000000000000000e+00
 3.860302000000000e+00 -1.981672000000000e+00  0.000000000000000e+00
-4.548611000000000e+00 -3.480528000000000e-01  0.000000000000000e+00
-3.020752000000000e+00  1.853185000000000e+00  0.000000000000000e+00
-8.371332000000000e-01 -7.557067000000000e+00  0.000000000000000e+00
 2.674512000000000e+00  7.604670000000000e+00  0.000000000000000e+00
-5.298630000000000e+00 -5.504024000000000e+00  0.000000000000000e+00
-3.391586000000000e+00  5.911124000000000e+00  0.000000000000000e+00
-5.392589000000000e+00 -2.309106000000000e+00  0.000000000000000e+00
-3.531880000000000e+00  2.990262000000000e+00  0.000000000000000e+00
 5.522239000000000e+00  1.798506000000000e-01  0.000000000000000e+00
 5.422074000000000e+00 -6.309455000000000e+00  0.000000000000000e+00
 5.226657000000000e+00  3.167352000000000e+00  0.000000000000000e+00
-1.222475000000000e+00  9.613420000000000e+00  0.000000000000000e+00
 5.163519000000000e+00  5.278603000000000e+00  0.000000000000000e+00
 3.998310000000000e+00 -9.403500000000000e-01  0.000000000000000e+00
-5.019383000000000e+00  1.156016000000000e+00  0.000000000000000e+00
-7.672264000000000e+00 -3.974989000000000e+00  0.000000000000000e+00
 6.298021000000000e+00 -4.183512000000000e+00  0.000000000000000e+00
-4.541737000000000e+00  4.196865000000000e+00  0.000000000000000e+00
 1.107645000000000e+00 -8.003875000000001e+00  0.000000000000000e+00
 4.755182000000000e+00  7.342384000000000e+00  0.000000000000000e+00
-3.753585000000000e+00  8.528503000000001e+00  0.000000000000000e+00
-3.979326000000000e+00 -8.333126000000000e+00  0.000000000000000e+00
 4.543935000000000e+00 -9.037464000000000e+00  0.000000000000000e+00
 6.611055000000000e+00  1.761719000000000e+00  0.000000000000000e+00
 1.641701000000000e+00  1.027862000000000e+01  0.000000000000000e+00
 7.264061000000000e+00  4.284851000000000e+00  0.000000000000000e+00
 5.106083000000000e+00 -1.616970000000000e+00  0.000000000000000e+00
-6.503231000000000e+00 -3.568715000000000e-01  0.000000000000000e+00
 4.074737000000000e+00  1.032848000000000e+01  0.000000000000000e+00
-5.989274999999999e-01  1.342737000000000e+01  0.000000000000000e+00
-7.655859000000000e+00 -7.632253000000000e+00  0.000000000000000e+00
 7.844073000000000e+00 -8.594429999999999e+00  0.000000000000000e+00
-3.820975000000000e+00  1.218072000000000e+01  0.000000000000000e+00
 7.198447000000000e+00 -5.526138000000000e-01  0.000000000000000e+00
-7.197386000000000e+00  1.808086000000000e+00  0.000000000000000e+00
 7.406531000000000e+00  6.952277000000000e+00  0.000000000000000e+00
 4.868811000000000e+00 -3.116551000000000e+00  0.000000000000000e+00
-6.016534000000000e+00  6.599932000000000e+00  0.000000000000000e+00
 8.229252000000001e+00 -6.222662000000000e+00  0.000000000000000e+00
-1.107453000000000e+00 -1.061189000000000e+01  0.000000000000000e+00
 1.946159000000000e+00 -1.144511000000000e+01  0.000000000000000e+00
 9.178521999999999e+00  2.443306000000000e+00  0.000000000000000e+00
 7.366611000000000e+00 -2.127196000000000e+00  0.000000000000000e+00
 1.148745000000000e+01 -7.968961000000000e+00  0.000000000000000e+00
-1.102723000000000e+01 -5.818706000000000e+00  0.000000000000000e+00
-5.454061000000000e+00  2.905542000000000e+00  0.000000000000000e+00
 9.573460000000001e+00 -1.095236000000000e+00  0.000000000000000e+00
-9.165609999999999e+00 -1.675314000000000e-02  0.000000000000000e+00
 6.227630000000000e+00 -1.269912000000000e+01  0.000000000000000e+00
-7.134839000000000e+00  1.015429000000000e+01  0.000000000000000e+00
 1.026476000000000e+01  5.457584000000000e+00  0.000000000000000e+00
-7.324279000000000e+00  4.143264000000000e+00  0.000000000000000e+00
 2.785677000000000e+00  1.384349000000000e+01  0.000000000000000e+00
-3.874806000000000e+00  1.710698000000000e+01  0.000000000000000e+00
 7.017458000000000e+00  9.884384000000001e+00  0.000000000000000e+00
-5.586690000000000e+00 -1.177533000000000e+01  0.000000000000000e+00
-6.219060000000000e-01 -1.484454000000000e+01  0.000000000000000e+00
 8.997726999999999e+00 -4.280637000000000e+00  0.000000000000000e+00
-1.079024000000000e+01 -1.090895000000000e+01  0.000000000000000e+00
 6.143427000000000e+00  1.406451000000000e+01  0.000000000000000e+00
 1.242018000000000e+01 -3.254485000000000e+00  0.000000000000000e+00
 1.104721000000000e+01 -1.222646000000000e+01  0.000000000000000e+00
-9.578806000000000e+00  7.086314000000000e+00  0.000000000000000e+00
 1.065925000000000e+01  9.133156000000000e+00  0.000000000000000e+00
-8.139427000000000e+00  1.477716000000000e+01  0.000000000000000e+00
-1.090764000000000e+01 -2.061992000000000e+00  0.000000000000000e+00
 1.265587000000000e+01  1.916804000000000e+00  0.000000000000000e+00
 3.490781000000000e+00 -1.598640000000000e+01  0.000000000000000e+00
-1.006915000000000e+01  2.909637000000000e+00  0.000000000000000e+00
 4.938287000000000e-01  1.851198000000000e+01  0.000000000000000e+00
-5.668828000000000e+00 -1.745835000000000e+01  0.000000000000000e+00
-1.572327000000000e+01 -8.587985000000000e+00  0.000000000000000e+00
 1.629162000000000e+01 -1.061724000000000e+01  0.000000000000000e+00
-3.640327000000000e+00  2.387223000000000e+01  0.000000000000000e+00
 1.634990000000000e+01 -6.481460000000000e+00  0.000000000000000e+00
-8.946869000000000e+00  2.132313000000000e+01  0.000000000000000e+00
-1.200486000000000e+01  1.137909000000000e+01  0.000000000000000e+00
-1.509350000000000e+01 -3.808997000000000e+00  0.000000000000000e+00
-2.812620000000000e-01 -2.098088000000000e+01  0.000000000000000e+00
 1.035572000000000e+01  1.336366000000000e+01  0.000000000000000e+00
 9.017882999999999e+00 -1.765796000000000e+01  0.000000000000000e+00
-1.371160000000000e+01  5.454387000000000e+00  0.000000000000000e+00
 1.471691000000000e+01  6.389270000000000e+00  0.000000000000000e+00
 1.676547000000000e+01 -8.615088000000000e-01  0.000000000000000e+00
-1.290476000000000e+01  4.314416000000000e-01  0.000000000000000e+00
-1.424934000000000e+01 -1.634710000000000e+01  0.000000000000000e+00
-1.814846000000000e+01  9.940712000000000e+00  0.000000000000000e+00
-1.446582000000000e+01  1.740366000000000e+01  0.000000000000000e+00
-6.722425000000000e+00 -2.495108000000000e+01  0.000000000000000e+00
 2.106467000000000e+01  4.267918000000000e+00  0.000000000000000e+00
 8.034431000000000e+00  2.002563000000000e+01  0.000000000000000e+00
 2.238315000000000e+01 -6.369861000000000e+00  0.000000000000000e+00
 1.551346000000000e+01  1.178032000000000e+01  0.000000000000000e+00
-2.117109000000000e+01 -5.439089000000000e+00  0.000000000000000e+00
 5.512297000000000e+00 -2.247846000000000e+01  0.000000000000000e+00
 1.563510000000000e+01 -1.717606000000000e+01  0.000000000000000e+00
 4.081760000000000e+00  2.555359000000000e+01  0.000000000000000e+00
-9.941860999999999e+00  3.019238000000000e+01  0.000000000000000e+00
-1.819992000000000e+01  1.348624000000000e+00  0.000000000000000e+00
-2.545263000000000e+01  3.189093000000000e+00  0.000000000000000e+00
-1.659466000000000e+01 -2.599316000000000e+01  0.000000000000000e+00
-2.308182000000000e+01  1.701520000000000e+01  0.000000000000000e+00
 1.305478000000000e+01 -2.456309000000000e+01  0.000000000000000e+00
-2.180270000000000e+01 -1.335039000000000e+01  0.000000000000000e+00
 1.502397000000000e+01  1.867829000000000e+01  0.000000000000000e+00
 1.268973000000000e+01  2.753144000000000e+01  0.000000000000000e+00
-1.637140000000000e+01  2.593219000000000e+01  0.000000000000000e+00
 6.978811000000000e-01 -2.955246000000000e+01  0.000000000000000e+00
 2.332041000000000e+01 -1.454107000000000e+01  0.000000000000000e+00
-9.517612000000000e-01  3.347588000000000e+01  0.000000000000000e+00
 8.035615999999999e+00  3.529869000000000e+01  0.000000000000000e+00
-9.337637000000001e+00 -3.534359000000000e+01  0.000000000000000e+00
-3.018353000000000e+01 -6.776648000000000e+00  0.000000000000000e+00
 2.245917000000000e+01 -2.391966000000000e+01  0.000000000000000e+00
 2.318591000000000e+01  1.395640000000000e+01  0.000000000000000e+00
 8.682059000000001e+00 -3.148126000000000e+01  0.000000000000000e+00
 2.913283000000000e+01 -1.326872000000000e-01  0.000000000000000e+00
-2.807879000000000e+01  2.775906000000000e+01  0.000000000000000e+00
 2.274999000000000e+01  2.544966000000000e+01  0.000000000000000e+00
 3.134576000000000e+01 -9.481180999999999e+00  0.000000000000000e+00
-2.697757000000000e+01  9.041149000000001e+00  0.000000000000000e+00
-3.002450000000000e+01 -2.053811000000000e+01  0.000000000000000e+00
 3.303044000000000e+01 -2.048605000000000e+01  0.000000000000000e+00
 2.174563000000000e+00 -4.188188000000000e+01  0.000000000000000e+00
 2.958483000000000e+01  8.368916000000000e+00  0.000000000000000e+00
 4.072558000000000e+01 -2.324673000000000e+00  0.000000000000000e+00
-3.493065000000000e+01  1.758311000000000e+01  0.000000000000000e+00
 1.906032000000000e+01 -3.404299000000000e+01  0.000000000000000e+00
-3.658237000000000e+01  2.366781000000000e+00  0.000000000000000e+00
 3.336835000000000e+01  2.009750000000000e+01  0.000000000000000e+00
-2.576629000000000e+01 -3.392646000000000e+01  0.000000000000000e+00
